# transform file /out/sourcedata/freesurfer/sub-v2s12x28857_ses-1/mri/transforms/cc_up.lta
# created by oesteban on Wed Mar 11 00:10:51 2026

type      = 0 # LINEAR_VOX_TO_VOX
nxforms   = 1
mean      = 125.0000 98.0000 127.0000
sigma     = 10000.0000
1 4 4
9.979040026664734e-01 5.272040888667107e-02 -3.752697259187698e-02 1.349635243415833e+00 
-5.268317461013794e-02 9.986093640327454e-01 1.981192734092474e-03 4.561521148681641e+01 
3.757923468947411e-02 -2.328306714094452e-10 9.992936849594116e-01 -7.722981452941895e+00 
0.000000000000000e+00 0.000000000000000e+00 0.000000000000000e+00 1.000000000000000e+00 
src volume info
valid = 1  # volume info valid
filename = /out/sourcedata/freesurfer/sub-v2s12x28857_ses-1/mri/norm.mgz
volume = 256 256 256
voxelsize = 1.000000000000000e+00 1.000000000000000e+00 1.000000000000000e+00
xras   = -1.000000000000000e+00 0.000000000000000e+00 0.000000000000000e+00
yras   = 0.000000000000000e+00 0.000000000000000e+00 -1.000000000000000e+00
zras   = 0.000000000000000e+00 1.000000000000000e+00 0.000000000000000e+00
cras   = 5.798202514648438e+00 1.660995483398438e+00 3.219985961914062e-01
dst volume info
valid = 1  # volume info valid
filename = /out/sourcedata/freesurfer/sub-v2s12x28857_ses-1/mri/norm.mgz
volume = 256 256 256
voxelsize = 1.000000000000000e+00 1.000000000000000e+00 1.000000000000000e+00
xras   = -1.000000000000000e+00 0.000000000000000e+00 0.000000000000000e+00
yras   = 0.000000000000000e+00 0.000000000000000e+00 -1.000000000000000e+00
zras   = 0.000000000000000e+00 1.000000000000000e+00 0.000000000000000e+00
cras   = 5.798202514648438e+00 1.660995483398438e+00 3.219985961914062e-01
