#Insight Transform File V1.0
#Transform 0
Transform: AffineTransform_float_3_3
Parameters: 0.999991 -0.00407947 -0.00155961 0.00407154 0.999981 -0.0047604 0.00157939 0.00475361 0.999988 0.144105 0.0986758 0.209535
FixedParameters: 0 0 0

#Transform 1
Transform: AffineTransform_float_3_3
Parameters: 0.999993 -0.0037051 -0.000827856 0.0037009 0.999981 -0.0049011 0.000846142 0.0048979 0.999987 0.122527 0.0933598 0.217967
FixedParameters: 0 0 0

#Transform 2
Transform: AffineTransform_float_3_3
Parameters: 0.999982 -0.00561862 -0.00180526 0.00560837 0.999967 -0.00583823 0.00183874 0.00582777 0.999982 0.112422 0.142719 0.371486
FixedParameters: 0 0 0

#Transform 3
Transform: AffineTransform_float_3_3
Parameters: 0.999988 -0.00437003 -0.00184846 0.00436297 0.999984 -0.00379111 0.00186454 0.0037839 0.999991 0.105264 0.0662212 0.372496
FixedParameters: 0 0 0

#Transform 4
Transform: AffineTransform_float_3_3
Parameters: 0.999996 -0.00277967 -0.00115901 0.00277833 0.999995 -0.00143823 0.00116299 0.00143477 0.999999 0.104931 0.0707814 0.414794
FixedParameters: 0 0 0

#Transform 5
Transform: AffineTransform_float_3_3
Parameters: 0.999997 -0.00241159 -0.00020206 0.00241141 0.999993 -0.0028785 0.000208943 0.0028785 0.999996 0.0691771 0.0834623 0.244013
FixedParameters: 0 0 0

#Transform 6
Transform: AffineTransform_float_3_3
Parameters: 0.999996 -0.00277899 -0.000232479 0.00277801 0.999987 -0.00414666 0.000244522 0.00414634 0.999992 0.0693135 0.106001 0.165005
FixedParameters: 0 0 0

#Transform 7
Transform: AffineTransform_float_3_3
Parameters: 0.999997 -0.0022512 -0.00148666 0.0022428 0.999983 -0.00549536 0.00149934 0.00549165 0.999984 0.120941 0.120744 0.139922
FixedParameters: 0 0 0

#Transform 8
Transform: AffineTransform_float_3_3
Parameters: 0.999999 -0.00163302 -0.000860418 0.00162898 0.999988 -0.00464941 0.000867583 0.00464859 0.999989 0.0665182 0.0761016 0.0470858
FixedParameters: 0 0 0

#Transform 9
Transform: AffineTransform_float_3_3
Parameters: 0.999999 -0.00127268 -0.000493145 0.00127032 0.999984 -0.00539263 0.000499858 0.00539237 0.999986 0.0505234 0.113392 0.025939
FixedParameters: 0 0 0

#Transform 10
Transform: AffineTransform_float_3_3
Parameters: 0.999999 -0.00141782 0.000432229 0.00142018 0.999986 -0.00509439 -0.000424771 0.00509461 0.999987 0.035266 0.0800666 -0.00976418
FixedParameters: 0 0 0

#Transform 11
Transform: AffineTransform_float_3_3
Parameters: 0.999999 -0.00141835 0.000360548 0.00141965 0.999989 -0.0046135 -0.000354455 0.00461351 0.99999 0.0256925 0.09605 -0.0429592
FixedParameters: 0 0 0

#Transform 12
Transform: AffineTransform_float_3_3
Parameters: 1 -0.00100777 0.000528278 0.00101023 0.999991 -0.00423947 -0.000524722 0.00423953 0.999991 0.0143462 0.081976 -0.0460918
FixedParameters: 0 0 0

#Transform 13
Transform: AffineTransform_float_3_3
Parameters: 0.999999 -0.000697977 0.00168193 0.000705024 0.999991 -0.00417882 -0.00167907 0.00418018 0.99999 0.00327662 0.076422 -0.0817934
FixedParameters: 0 0 0

#Transform 14
Transform: AffineTransform_float_3_3
Parameters: 1 -0.000300908 -0.000167378 0.000300094 0.999986 -0.00539705 0.000168622 0.00539695 0.999986 0.0295389 0.113632 0.160235
FixedParameters: 0 0 0

#Transform 15
Transform: AffineTransform_float_3_3
Parameters: 1 -0.000299535 -0.000630221 0.000300465 0.999999 0.00073781 0.000629778 -0.000738188 0.999999 0.0448416 -0.00697995 0.155542
FixedParameters: 0 0 0

#Transform 16
Transform: AffineTransform_float_3_3
Parameters: 1 -0.000151094 0.000325957 0.000150907 1 0.000287049 -0.000325043 -0.000286951 1 0.00158134 0.0116502 0.2428
FixedParameters: 0 0 0

#Transform 17
Transform: AffineTransform_float_3_3
Parameters: 0.999998 -0.000299803 -0.00198203 0.000300198 1 9.94052e-05 0.00198197 -9.95944e-05 0.999998 0.0213657 0.0154062 0.231492
FixedParameters: 0 0 0

#Transform 18
Transform: AffineTransform_float_3_3
Parameters: 1 -0.00065036 -0.00092905 0.000648641 0.999998 -0.0014626 0.00092995 0.00146239 0.999998 -0.00750173 0.0284934 0.0282025
FixedParameters: 0 0 0

#Transform 19
Transform: AffineTransform_float_3_3
Parameters: 1 -0.000300277 -0.000621866 0.000300723 1 -0.000445187 0.000621134 0.000444813 0.999999 0.00774972 0.0121996 -0.0207895
FixedParameters: 0 0 0

#Transform 20
Transform: AffineTransform_float_3_3
Parameters: 1 -2.69924e-05 -7.20028e-05 2.70076e-05 1 0.000104998 7.19972e-05 -0.000105002 1 0.0049936 -0.0083905 -0.000634325
FixedParameters: 0 0 0

#Transform 21
Transform: AffineTransform_float_3_3
Parameters: 1 -0.000299995 4.60303e-05 0.000300005 1 -0.000100986 -4.59697e-05 0.000101014 1 -0.00681126 0.0110018 -0.00550484
FixedParameters: 0 0 0

#Transform 22
Transform: AffineTransform_float_3_3
Parameters: 1 -0.000299276 0.000408531 0.000300725 0.999999 -0.00177288 -0.000408468 0.00177312 0.999999 -0.015314 0.065059 -0.0560356
FixedParameters: 0 0 0

#Transform 23
Transform: AffineTransform_float_3_3
Parameters: 1 -0.000299401 0.00021683 0.0003006 0.999996 -0.00276994 -0.000216168 0.00277007 0.999996 -0.0150122 0.0926394 -0.124667
FixedParameters: 0 0 0

#Transform 24
Transform: AffineTransform_float_3_3
Parameters: 0.999999 -1.08064e-05 0.000953041 1.31934e-05 0.999995 -0.00335099 -0.000952961 0.00335101 0.999994 -0.0168521 0.103145 -0.110665
FixedParameters: 0 0 0

#Transform 25
Transform: AffineTransform_float_3_3
Parameters: 0.999999 0.000143872 0.00174045 -0.000137129 0.999992 -0.00394824 -0.00174056 0.00394776 0.99999 -0.0297203 0.110176 -0.14439
FixedParameters: 0 0 0

#Transform 26
Transform: AffineTransform_float_3_3
Parameters: 0.999999 0.000141872 0.00175661 -0.000137129 0.999996 -0.00277224 -0.00175739 0.00277275 0.999994 -0.0212556 0.0615171 -0.138824
FixedParameters: 0 0 0

#Transform 27
Transform: AffineTransform_float_3_3
Parameters: 0.999999 0.000141945 0.0013775 -0.000137057 0.999994 -0.00358919 -0.0013775 0.00358881 0.999992 -0.0114605 0.0897602 -0.185951
FixedParameters: 0 0 0

#Transform 28
Transform: AffineTransform_float_3_3
Parameters: 0.999998 0.00132639 0.000975761 -0.00132361 0.999996 -0.0024453 -0.00097924 0.00244471 0.999997 -0.00895 0.0610418 -0.0468284
FixedParameters: 0 0 0

#Transform 29
Transform: AffineTransform_float_3_3
Parameters: 0.999997 0.00117471 0.00221904 -0.00117129 0.999998 -0.0016716 -0.00222096 0.0016684 0.999996 -0.0165172 0.0697045 0.107578
FixedParameters: 0 0 0

#Transform 30
Transform: AffineTransform_float_3_3
Parameters: 0.999995 -0.000798808 0.00307679 0.000798193 0.999999 0.000263457 -0.00307721 -0.000261543 0.999995 -0.0302584 0.0163603 0.0561229
FixedParameters: 0 0 0

#Transform 31
Transform: AffineTransform_float_3_3
Parameters: 0.999998 -0.00079572 0.00179501 0.000798281 0.999999 -0.00127057 -0.00179399 0.00127143 0.999997 0.0290772 0.0444166 0.0186003
FixedParameters: 0 0 0

#Transform 32
Transform: AffineTransform_float_3_3
Parameters: 0.999998 -0.00056563 0.00195553 0.00056437 1 0.000834106 -0.00195547 -0.000832896 0.999997 0.0127853 -0.0112492 0.040179
FixedParameters: 0 0 0

#Transform 33
Transform: AffineTransform_float_3_3
Parameters: 0.999998 0.00101283 0.00137565 -0.00101117 0.999998 -0.00133139 -0.00137635 0.00132961 0.999998 0.0268726 0.0365587 0.10169
FixedParameters: 0 0 0

#Transform 34
Transform: AffineTransform_float_3_3
Parameters: 0.999998 8.65048e-05 0.00208002 -8.74948e-05 1 0.000237818 -0.00207998 -0.00023818 0.999998 0.0249215 0.0159443 0.152985
FixedParameters: 0 0 0

#Transform 35
Transform: AffineTransform_float_3_3
Parameters: 0.999998 0.000624126 0.00156015 -0.000626873 0.999998 0.00184202 -0.00155885 -0.00184298 0.999997 0.0285993 -0.0186062 0.098945
FixedParameters: 0 0 0

#Transform 36
Transform: AffineTransform_float_3_3
Parameters: 1 0.00080758 0.000755522 -0.00080942 0.999998 0.00188239 -0.000753478 -0.00188261 0.999998 0.0263575 -0.00198007 0.292335
FixedParameters: 0 0 0

#Transform 37
Transform: AffineTransform_float_3_3
Parameters: 0.999999 0.000389245 0.000815361 -0.000389754 0.999999 0.000925682 -0.00081464 -0.000925317 0.999999 0.0100514 0.00197914 0.243126
FixedParameters: 0 0 0

#Transform 38
Transform: AffineTransform_float_3_3
Parameters: 0.999998 0.00194654 0.00112707 -0.00194646 0.999998 -0.000479195 -0.00112893 0.000476804 0.999999 0.0180814 0.0400852 0.294127
FixedParameters: 0 0 0

#Transform 39
Transform: AffineTransform_float_3_3
Parameters: 0.999998 0.00152417 0.000757695 -0.00152683 0.999996 0.00242285 -0.000753301 -0.00242415 0.999997 0.0201791 -0.0210926 0.204538
FixedParameters: 0 0 0

#Transform 40
Transform: AffineTransform_float_3_3
Parameters: 0.999999 0.00131934 -0.000136797 -0.00131966 0.999996 0.00242818 0.000140204 -0.00242782 0.999997 0.0286134 -0.0202893 0.243084
FixedParameters: 0 0 0

#Transform 41
Transform: AffineTransform_float_3_3
Parameters: 0.999999 0.00131887 3.26556e-05 -0.00131913 0.99999 0.00428796 -2.73438e-05 -0.00428804 0.999991 0.0342187 -0.0962785 0.175923
FixedParameters: 0 0 0

#Transform 42
Transform: AffineTransform_float_3_3
Parameters: 0.999999 0.00131917 -5.94134e-05 -0.00131883 0.999996 0.00271908 6.35874e-05 -0.00271992 0.999997 0.0266447 -0.0313543 0.125316
FixedParameters: 0 0 0

#Transform 43
Transform: AffineTransform_float_3_3
Parameters: 0.999999 0.00131919 -5.87973e-05 -0.00131881 0.999994 0.00318608 6.3202e-05 -0.00318592 0.999995 0.026602 -0.0617278 0.0864416
FixedParameters: 0 0 0

#Transform 44
Transform: AffineTransform_float_3_3
Parameters: 1 0.000528921 4.10283e-05 -0.000529079 0.999998 0.00194398 -3.99715e-05 -0.00194402 0.999998 0.0292466 -0.0442625 -0.0558005
FixedParameters: 0 0 0

#Transform 45
Transform: AffineTransform_float_3_3
Parameters: 1 0.000337239 0.000386665 -0.000337761 0.999998 0.00196887 -0.000386336 -0.00196913 0.999998 0.0214839 -0.0266807 -0.0795262
FixedParameters: 0 0 0

#Transform 46
Transform: AffineTransform_float_3_3
Parameters: 0.999999 0.000791427 0.000624995 -0.000792571 0.999996 0.0025185 -0.000623005 -0.00251949 0.999996 0.0266858 -0.044785 -0.0558944
FixedParameters: 0 0 0

#Transform 47
Transform: AffineTransform_float_3_3
Parameters: 0.999998 0.00158283 0.000628486 -0.00158516 0.999992 0.00346301 -0.000622513 -0.00346399 0.999994 0.0242134 -0.0703174 0.00923339
FixedParameters: 0 0 0

#Transform 48
Transform: AffineTransform_float_3_3
Parameters: 0.999999 0.000667337 0.00138976 -0.000671661 0.999997 0.00263707 -0.00138723 -0.00263793 0.999995 -0.00670235 -0.0454109 -0.0476902
FixedParameters: 0 0 0

#Transform 49
Transform: AffineTransform_float_3_3
Parameters: 0.999998 0.00115501 0.00130554 -0.00115899 0.999994 0.00305949 -0.00130146 -0.00306151 0.999995 0.00841691 -0.0581018 0.00628414
FixedParameters: 0 0 0

#Transform 50
Transform: AffineTransform_float_3_3
Parameters: 0.999999 0.00125712 0.000874707 -0.00125888 0.999997 0.0021509 -0.000871294 -0.0021521 0.999998 0.0160317 -0.0350974 -0.0239222
FixedParameters: 0 0 0

#Transform 51
Transform: AffineTransform_float_3_3
Parameters: 0.999999 0.00132218 0.00125105 -0.00132682 0.999995 0.00306035 -0.00124694 -0.00306165 0.999994 -0.00733342 -0.0394039 0.0102007
FixedParameters: 0 0 0

#Transform 52
Transform: AffineTransform_float_3_3
Parameters: 0.999998 0.00123709 0.0017083 -0.00124291 0.999993 0.00346489 -0.0017037 -0.00346712 0.999993 -0.0186897 -0.0493516 -0.00108611
FixedParameters: 0 0 0

#Transform 53
Transform: AffineTransform_float_3_3
Parameters: 0.999996 0.00187593 0.00187112 -0.00188307 0.999991 0.00378449 -0.00186388 -0.00378851 0.999991 -0.0653717 -0.0294482 -0.00844163
FixedParameters: 0 0 0

#Transform 54
Transform: AffineTransform_float_3_3
Parameters: 0.999996 0.00276009 0.000452619 -0.00276091 0.999994 0.00203476 -0.000446383 -0.00203524 0.999998 -0.0345163 0.00287183 -0.04017
FixedParameters: 0 0 0

#Transform 55
Transform: AffineTransform_float_3_3
Parameters: 0.999996 0.00275916 0.000844036 -0.00276084 0.999994 0.00218568 -0.000837966 -0.00218732 0.999998 -0.0402489 -0.0236036 -0.0152176
FixedParameters: 0 0 0

#Transform 56
Transform: AffineTransform_float_3_3
Parameters: 0.999997 0.00213531 0.00111716 -0.00213769 0.999995 0.00241362 -0.00111184 -0.00241538 0.999997 -0.0324468 -0.0371139 -0.0364836
FixedParameters: 0 0 0

#Transform 57
Transform: AffineTransform_float_3_3
Parameters: 0.999995 0.00258676 0.00174929 -0.00259124 0.999993 0.00242748 -0.00174271 -0.00243152 0.999996 -0.0558867 -0.0243476 -0.0172341
FixedParameters: 0 0 0

#Transform 58
Transform: AffineTransform_float_3_3
Parameters: 0.999999 0.00129806 0.000293758 -0.00129795 0.999999 -0.000186381 -0.000294242 0.000186618 1 -0.0559016 0.0130576 -0.103457
FixedParameters: 0 0 0

#Transform 59
Transform: AffineTransform_float_3_3
Parameters: 0.999998 0.00224388 0.000601461 -0.00224412 0.999997 0.000204651 -0.000601539 -0.00020635 1 -0.0577666 0.0137518 -0.102028
FixedParameters: 0 0 0

#Transform 60
Transform: AffineTransform_float_3_3
Parameters: 0.999995 0.00311347 0.00125631 -0.00311353 0.999995 0.000418091 -0.00125469 -0.000422909 0.999999 -0.0820866 0.0028495 -0.119489
FixedParameters: 0 0 0

#Transform 61
Transform: AffineTransform_float_3_3
Parameters: 0.999995 0.00311424 0.00125442 -0.00311377 0.999995 -0.000189907 -0.00125459 0.000186094 0.999999 -0.0930614 0.0313632 -0.0991573
FixedParameters: 0 0 0

#Transform 62
Transform: AffineTransform_float_3_3
Parameters: 0.999993 0.00358855 0.00125055 -0.00358744 0.999993 -0.0012435 -0.00125545 0.0012385 0.999999 -0.0961518 0.0480019 -0.103712
FixedParameters: 0 0 0

#Transform 63
Transform: AffineTransform_float_3_3
Parameters: 0.999992 0.00375046 0.00125362 -0.00374954 0.999993 -0.000369703 -0.00125538 0.000365295 0.999999 -0.0797781 0.0142174 -0.0898597
FixedParameters: 0 0 0

#Transform 64
Transform: AffineTransform_float_3_3
Parameters: 0.999994 0.00327282 0.00106457 -0.00327318 0.999994 0.000171516 -0.00106443 -0.000174485 0.999999 -0.0774841 0.0224055 -0.0429626
FixedParameters: 0 0 0

#Transform 65
Transform: AffineTransform_float_3_3
Parameters: 0.999994 0.00347959 0.000590401 -0.0034794 0.999993 0.00068895 -0.000587599 -0.000691048 0.999999 -0.0666141 0.0103071 -0.0404002
FixedParameters: 0 0 0

#Transform 66
Transform: AffineTransform_float_3_3
Parameters: 0.999987 0.00511248 0.00115229 -0.00511252 0.999987 0.000445115 -0.00114971 -0.000450884 0.999999 -0.0574599 0.00975532 -0.121579
FixedParameters: 0 0 0

#Transform 67
Transform: AffineTransform_float_3_3
Parameters: 0.999984 0.00530327 0.0023065 -0.00530073 0.999985 -0.00142125 -0.0023135 0.00140875 0.999997 -0.13164 0.0646121 -0.149938
FixedParameters: 0 0 0

#Transform 68
Transform: AffineTransform_float_3_3
Parameters: 0.999984 0.00530287 0.00161058 -0.00530013 0.999985 -0.00178156 -0.00162042 0.00177244 0.999997 -0.113637 0.0587184 -0.110473
FixedParameters: 0 0 0

#Transform 69
Transform: AffineTransform_float_3_3
Parameters: 0.999986 0.00519218 0.000809291 -0.00519282 0.999986 0.00101681 -0.000804709 -0.00102119 0.999999 -0.0920535 -0.0037041 -0.0651514
FixedParameters: 0 0 0

#Transform 70
Transform: AffineTransform_float_3_3
Parameters: 0.999992 0.00374599 0.000808673 -0.00374701 0.999992 0.00124598 -0.000804326 -0.00124902 0.999999 -0.0973202 0.00891012 -0.0458245
FixedParameters: 0 0 0

#Transform 71
Transform: AffineTransform_float_3_3
Parameters: 0.999991 0.00424575 0.00037785 -0.00424625 0.999991 0.000670401 -0.000375152 -0.000671599 0.999999 -0.0835527 0.0123223 -0.0832741
FixedParameters: 0 0 0

#Transform 72
Transform: AffineTransform_float_3_3
Parameters: 0.999991 0.00424585 0.000467342 -0.00424615 0.999991 0.000315018 -0.000465658 -0.00031698 1 -0.0840998 0.00966115 -0.0999471
FixedParameters: 0 0 0

#Transform 73
Transform: AffineTransform_float_3_3
Parameters: 0.99999 0.0044028 0.00053069 -0.00440221 0.99999 0.000382668 -0.000529313 -0.000384334 1 -0.0794732 0.0210147 -0.0692155
FixedParameters: 0 0 0

#Transform 74
Transform: AffineTransform_float_3_3
Parameters: 0.999988 0.00472997 0.000375336 -0.00473002 0.999989 7.02254e-05 -0.000374665 -7.17729e-05 1 -0.0854582 0.0345615 -0.0821352
FixedParameters: 0 0 0

#Transform 75
Transform: AffineTransform_float_3_3
Parameters: 0.999989 0.00468128 0.00027119 -0.00468072 0.999989 -0.00102828 -0.000276809 0.00102672 1 -0.0926023 0.0230787 -0.182535
FixedParameters: 0 0 0

#Transform 76
Transform: AffineTransform_float_3_3
Parameters: 0.999989 0.00466514 0.000270594 -0.00466486 0.999989 -0.000516268 -0.000272404 0.000514735 1 -0.0924326 0.00988465 -0.17905
FixedParameters: 0 0 0

#Transform 77
Transform: AffineTransform_float_3_3
Parameters: 0.999987 0.00520197 0.000375448 -0.00520204 0.999987 8.50481e-05 -0.000374553 -8.69496e-05 1 -0.085859 0.0130083 -0.122788
FixedParameters: 0 0 0

#Transform 78
Transform: AffineTransform_float_3_3
Parameters: 0.999988 0.00492303 0.000374621 -0.00492297 0.999988 -7.78452e-05 -0.000375379 7.61529e-05 1 -0.0856978 0.0187394 -0.104083
FixedParameters: 0 0 0

#Transform 79
Transform: AffineTransform_float_3_3
Parameters: 0.999987 0.00520267 0.000365574 -0.00520233 0.999985 -0.00181293 -0.000375428 0.00181107 0.999999 -0.0801246 0.0458062 0.0123074
FixedParameters: 0 0 0

#Transform 80
Transform: AffineTransform_float_3_3
Parameters: 0.999982 0.00578958 0.00114612 -0.00578542 0.999976 -0.0039567 -0.00116888 0.0039503 0.999991 -0.0827628 0.105938 0.00852032
FixedParameters: 0 0 0

#Transform 81
Transform: AffineTransform_float_3_3
Parameters: 0.999991 0.00398846 0.000893481 -0.00398653 0.99999 -0.00163658 -0.000899516 0.00163243 0.999999 -0.106136 0.0536815 -0.0956217
FixedParameters: 0 0 0

#Transform 82
Transform: AffineTransform_float_3_3
Parameters: 0.999991 0.00435627 0.000250446 -0.00435574 0.99999 -0.0010461 -0.000254554 0.0010449 1 -0.0779844 0.0403539 -0.115235
FixedParameters: 0 0 0

#Transform 83
Transform: AffineTransform_float_3_3
Parameters: 0.999986 0.0052593 0.000393997 -0.0052587 0.999986 -0.000762082 -0.000398002 0.000759917 0.999999 -0.0878604 0.0299107 -0.0694319
FixedParameters: 0 0 0

#Transform 84
Transform: AffineTransform_float_3_3
Parameters: 0.999987 0.00520614 0.00025217 -0.00520587 0.999987 -0.00054432 -0.000254829 0.000542681 1 -0.0837568 0.0253461 -0.0442433
FixedParameters: 0 0 0

#Transform 85
Transform: AffineTransform_float_3_3
Parameters: 0.999983 0.00584215 0.000251414 -0.00584184 0.999982 -0.000614479 -0.000254583 0.000612523 1 -0.0791597 0.0183482 -0.0447088
FixedParameters: 0 0 0

#Transform 86
Transform: AffineTransform_float_3_3
Parameters: 0.999987 0.00522798 -1.3562e-05 -0.00522802 0.999984 -0.00182895 4.43778e-06 0.00182905 0.999999 -0.065964 0.0603684 -0.0363694
FixedParameters: 0 0 0

#Transform 87
Transform: AffineTransform_float_3_3
Parameters: 0.99999 0.00436827 0.00010852 -0.00436872 0.999987 -0.0023995 -0.000119484 0.0023995 0.999997 0.00584039 0.0929666 -0.0223947
FixedParameters: 0 0 0

#Transform 88
Transform: AffineTransform_float_3_3
Parameters: 0.999988 0.00491378 0.00112398 -0.00491422 0.999988 0.000196479 -0.00112302 -0.000201521 1 -0.0714285 0.0238638 -0.104785
FixedParameters: 0 0 0

#Transform 89
Transform: AffineTransform_float_3_3
Parameters: 0.999984 0.00566924 0.00101627 -0.00566976 0.999983 0.00075025 -0.00101173 -0.000755748 0.999999 -0.0622723 0.00812956 0.00559552
FixedParameters: 0 0 0

#Transform 90
Transform: AffineTransform_float_3_3
Parameters: 0.999982 0.00610684 0.000246941 -0.00610716 0.999981 0.000644504 -0.000243062 -0.000645496 1 -0.0695705 0.00942748 -0.0777492
FixedParameters: 0 0 0

#Transform 91
Transform: AffineTransform_float_3_3
Parameters: 0.999981 0.0061057 0.000625836 -0.0061073 0.999979 0.00210022 -0.000613164 -0.00210378 0.999997 -0.0793682 -0.0288598 -0.0255717
FixedParameters: 0 0 0

#Transform 92
Transform: AffineTransform_float_3_3
Parameters: 0.999981 0.00600417 0.000792978 -0.00600583 0.99998 0.00232528 -0.000779024 -0.00232972 0.999997 -0.0762469 -0.0311193 -0.0519389
FixedParameters: 0 0 0

#Transform 93
Transform: AffineTransform_float_3_3
Parameters: 0.999984 0.00564047 0.000617853 -0.00564053 0.999983 0.000858529 -0.000613145 -0.000862472 1 -0.0804097 -0.0138165 -0.100905
FixedParameters: 0 0 0

#Transform 94
Transform: AffineTransform_float_3_3
Parameters: 0.999981 0.00608626 0.000709366 -0.00608674 0.999981 0.0010437 -0.000702633 -0.0010483 0.999999 -0.0814433 0.00320334 -0.119807
FixedParameters: 0 0 0

#Transform 95
Transform: AffineTransform_float_3_3
Parameters: 0.999978 0.00649609 0.00140319 -0.0064969 0.999978 0.000640897 -0.00139881 -0.000650101 0.999999 -0.102297 0.0210047 -0.167078
FixedParameters: 0 0 0

#Transform 96
Transform: AffineTransform_float_3_3
Parameters: 0.999974 0.0068806 0.00187281 -0.00688238 0.999975 0.00127314 -0.0018642 -0.00128586 0.999998 -0.133776 -0.00401216 -0.178394
FixedParameters: 0 0 0

#Transform 97
Transform: AffineTransform_float_3_3
Parameters: 0.999969 0.00728385 0.00279362 -0.00728615 0.999973 0.000761668 -0.00278838 -0.000781334 0.999996 -0.165585 0.0153957 -0.203132
FixedParameters: 0 0 0

#Transform 98
Transform: AffineTransform_float_3_3
Parameters: 0.999962 0.00831126 0.00265421 -0.00831075 0.999966 -0.000106063 -0.00265579 8.39303e-05 0.999997 -0.168794 0.0356431 -0.1677
FixedParameters: 0 0 0

#Transform 99
Transform: AffineTransform_float_3_3
Parameters: 0.999967 0.00777238 0.00265095 -0.00777062 0.999969 -0.000531617 -0.00265505 0.000510381 0.999997 -0.180688 0.0365237 -0.16165
FixedParameters: 0 0 0

#Transform 100
Transform: AffineTransform_float_3_3
Parameters: 0.999965 0.0076733 0.00315832 -0.00766669 0.999968 -0.00231729 -0.00317669 0.0022937 0.999993 -0.193081 0.0307817 -0.0769877
FixedParameters: 0 0 0

#Transform 101
Transform: AffineTransform_float_3_3
Parameters: 0.99997 0.00748732 0.00197916 -0.00749068 0.999971 0.00134922 -0.00196984 -0.00136379 0.999997 -0.198383 0.0158532 -0.0898101
FixedParameters: 0 0 0

#Transform 102
Transform: AffineTransform_float_3_3
Parameters: 0.999971 0.00759497 -0.00118418 -0.00759904 0.999965 -0.00344211 0.00115782 0.0034509 0.999994 -0.0876128 0.0863895 0.126997
FixedParameters: 0 0 0

#Transform 103
Transform: AffineTransform_float_3_3
Parameters: 0.99997 0.00780197 -0.00026278 -0.00780203 0.999969 -9.89527e-05 0.00026222 0.000101049 1 -0.102295 0.0296939 0.190618
FixedParameters: 0 0 0

#Transform 104
Transform: AffineTransform_float_3_3
Parameters: 0.999971 0.0076057 0.00114836 -0.00760831 0.999969 0.00201532 -0.00113263 -0.00202468 0.999998 -0.110959 0.0159294 0.14131
FixedParameters: 0 0 0

#Transform 105
Transform: AffineTransform_float_3_3
Parameters: 0.999971 0.00749952 0.00147267 -0.00750148 0.999971 0.001684 -0.00145933 -0.001695 0.999998 -0.106327 0.0108115 0.175315
FixedParameters: 0 0 0

#Transform 106
Transform: AffineTransform_float_3_3
Parameters: 0.999968 0.0078871 0.00171144 -0.00788991 0.999968 0.00169655 -0.00169756 -0.00171045 0.999997 -0.128588 0.00788433 0.171689
FixedParameters: 0 0 0

#Transform 107
Transform: AffineTransform_float_3_3
Parameters: 0.999967 0.00787704 0.00195805 -0.00788195 0.999965 0.00253665 -0.00193795 -0.00255235 0.999995 -0.130312 0.0231042 0.125724
FixedParameters: 0 0 0

#Transform 108
Transform: AffineTransform_float_3_3
Parameters: 0.999978 0.00639928 0.00186519 -0.00639672 0.999979 -0.00122596 -0.0018728 0.00121404 0.999997 -0.0559217 0.0546637 0.209505
FixedParameters: 0 0 0

#Transform 109
Transform: AffineTransform_float_3_3
Parameters: 0.999969 0.0077476 0.001851 -0.0077444 0.999968 -0.0019434 -0.001866 0.00192861 0.999997 -0.0874705 0.10876 0.241232
FixedParameters: 0 0 0

#Transform 110
Transform: AffineTransform_float_3_3
Parameters: 0.999966 0.00794263 0.0018718 -0.00794336 0.999968 0.000723156 -0.0018662 -0.000737847 0.999998 -0.113288 0.0352474 0.123924
FixedParameters: 0 0 0

#Transform 111
Transform: AffineTransform_float_3_3
Parameters: 0.999969 0.00774208 0.00187398 -0.00774393 0.99997 0.00102352 -0.00186602 -0.00103748 0.999997 -0.143849 0.00892851 0.0889512
FixedParameters: 0 0 0

#Transform 112
Transform: AffineTransform_float_3_3
Parameters: 0.999973 0.00718497 0.00187763 -0.00718803 0.999973 0.00161155 -0.00186637 -0.00162445 0.999997 -0.15083 -0.00416186 0.0912083
FixedParameters: 0 0 0

#Transform 113
Transform: AffineTransform_float_3_3
Parameters: 0.999967 0.00777669 0.00236729 -0.0077773 0.999969 0.000542607 -0.00236271 -0.000560392 0.999997 -0.167603 0.0271434 0.0949697
FixedParameters: 0 0 0

#Transform 114
Transform: AffineTransform_float_3_3
Parameters: 0.999973 0.00718653 0.00147318 -0.00718847 0.999973 0.000993437 -0.00146583 -0.00100356 0.999999 -0.140505 0.00427001 0.0529449
FixedParameters: 0 0 0

#Transform 115
Transform: AffineTransform_float_3_3
Parameters: 0.999975 0.00662955 0.00216331 -0.00662845 0.999978 -0.000262346 -0.00216569 0.000248648 0.999997 -0.163733 0.0503749 0.0922825
FixedParameters: 0 0 0

#Transform 116
Transform: AffineTransform_float_3_3
Parameters: 0.999972 0.00733183 0.00156848 -0.00733217 0.999973 0.00074152 -0.00156352 -0.000753484 0.999998 -0.152373 0.00570214 -0.0279137
FixedParameters: 0 0 0

#Transform 117
Transform: AffineTransform_float_3_3
Parameters: 0.999969 0.00781063 0.00155988 -0.00781038 0.99997 -0.000405196 -0.00156312 0.000393804 0.999998 -0.161257 0.0394662 -0.0662318
FixedParameters: 0 0 0

#Transform 118
Transform: AffineTransform_float_3_3
Parameters: 0.999965 0.00822556 0.00157579 -0.00822844 0.999965 0.00154809 -0.00156321 -0.00156091 0.999997 -0.150524 -0.0143578 -0.0426983
FixedParameters: 0 0 0

#Transform 119
Transform: AffineTransform_float_3_3
Parameters: 0.999969 0.00781 0.00156302 -0.00781001 0.99997 -3.20732e-06 -0.00156298 -8.20716e-06 0.999999 -0.15428 0.018878 -0.0674125
FixedParameters: 0 0 0

#Transform 120
Transform: AffineTransform_float_3_3
Parameters: 0.999968 0.00781061 0.00182238 -0.00781039 0.99997 -0.000342245 -0.00182562 0.000327752 0.999999 -0.169424 0.0272124 -0.0855186
FixedParameters: 0 0 0

#Transform 121
Transform: AffineTransform_float_3_3
Parameters: 0.999965 0.0081685 0.00170161 -0.0081675 0.999966 -0.000299908 -0.00170439 0.000286088 0.999999 -0.167796 0.0330045 -0.109012
FixedParameters: 0 0 0

#Transform 122
Transform: AffineTransform_float_3_3
Parameters: 0.999961 0.00872617 0.00170315 -0.00872584 0.999962 -0.000104865 -0.00170385 9.01354e-05 0.999998 -0.157365 0.0195647 -0.10766
FixedParameters: 0 0 0

#Transform 123
Transform: AffineTransform_float_3_3
Parameters: 0.99996 0.00872817 0.00186388 -0.00872584 0.999961 -0.00116731 -0.00187411 0.00115069 0.999997 -0.161421 0.0601143 -0.0779262
FixedParameters: 0 0 0

#Transform 124
Transform: AffineTransform_float_3_3
Parameters: 0.999961 0.00872615 0.00170323 -0.00872585 0.999962 -9.58659e-05 -0.00170377 8.11358e-05 0.999998 -0.15709 0.0479476 -0.0918067
FixedParameters: 0 0 0

#Transform 125
Transform: AffineTransform_float_3_3
Parameters: 0.99995 0.00983823 0.00181574 -0.00983776 0.999951 -0.00013687 -0.00181726 0.000119127 0.999999 -0.167829 0.0351546 -0.0895353
FixedParameters: 0 0 0

#Transform 126
Transform: AffineTransform_float_3_3
Parameters: 0.999953 0.00959636 0.00183789 -0.00959464 0.999953 -0.000749669 -0.00184511 0.000732328 0.999998 -0.166659 0.0558061 -0.118212
FixedParameters: 0 0 0

#Transform 127
Transform: AffineTransform_float_3_3
Parameters: 0.999952 0.00959732 0.00204718 -0.00959469 0.999954 -0.0011377 -0.00205783 0.0011183 0.999998 -0.187341 0.0591973 -0.104035
FixedParameters: 0 0 0

#Transform 128
Transform: AffineTransform_float_3_3
Parameters: 0.999956 0.00914186 0.00243026 -0.00913914 0.999957 -0.00118626 -0.00244074 0.00116374 0.999997 -0.194925 0.0579389 -0.10589
FixedParameters: 0 0 0

#Transform 129
Transform: AffineTransform_float_3_3
Parameters: 0.999953 0.00935962 0.00260258 -0.00935737 0.999955 -0.0010184 -0.00261141 0.000993605 0.999996 -0.21003 0.0611691 -0.105347
FixedParameters: 0 0 0

#Transform 130
Transform: AffineTransform_float_3_3
Parameters: 0.999952 0.00959644 0.00195793 -0.00959555 0.999953 -0.000745823 -0.00196507 0.000727177 0.999998 -0.197181 0.0421285 -0.0797884
FixedParameters: 0 0 0

#Transform 131
Transform: AffineTransform_float_3_3
Parameters: 0.999951 0.00959741 0.00212413 -0.00959459 0.999954 -0.00114244 -0.00213487 0.00112257 0.999997 -0.211664 0.0347315 -0.0973198
FixedParameters: 0 0 0

#Transform 132
Transform: AffineTransform_float_3_3
Parameters: 0.99994 0.0103833 0.00349613 -0.0103787 0.999946 -0.00125836 -0.00350888 0.00122264 0.999993 -0.253582 0.0508825 -0.134417
FixedParameters: 0 0 0

#Transform 133
Transform: AffineTransform_float_3_3
Parameters: 0.999944 0.0101184 0.00310575 -0.0101136 0.999948 -0.00142449 -0.00312026 0.00139351 0.999994 -0.225536 0.0575746 -0.0853127
FixedParameters: 0 0 0

#Transform 134
Transform: AffineTransform_float_3_3
Parameters: 0.999942 0.0103834 0.00259659 -0.0103786 0.999944 -0.00169005 -0.0026144 0.00166295 0.999995 -0.214059 0.0662721 -0.0632367
FixedParameters: 0 0 0

#Transform 135
Transform: AffineTransform_float_3_3
Parameters: 0.999953 0.00941715 0.00206058 -0.00941184 0.999952 -0.00249751 -0.00208442 0.00247848 0.999995 -0.230261 0.0879202 -0.014034
FixedParameters: 0 0 0

#Transform 136
Transform: AffineTransform_float_3_3
Parameters: 0.999954 0.0094562 0.00154251 -0.0094528 0.999953 -0.00206868 -0.00156148 0.00205333 0.999996 -0.223985 0.0877599 -0.13679
FixedParameters: 0 0 0

#Transform 137
Transform: AffineTransform_float_3_3
Parameters: 0.999947 0.0101108 0.00183294 -0.0101062 0.999946 -0.00209263 -0.00185406 0.00207436 0.999996 -0.227471 0.0800349 -0.13143
FixedParameters: 0 0 0

#Transform 138
Transform: AffineTransform_float_3_3
Parameters: 0.999948 0.0099661 0.0021158 -0.00996191 0.999949 -0.00193718 -0.0021352 0.00191582 0.999996 -0.228338 0.0541713 -0.150365
FixedParameters: 0 0 0

#Transform 139
Transform: AffineTransform_float_3_3
Parameters: 0.999945 0.0102757 0.0021122 -0.0102713 0.999945 -0.00222982 -0.0021358 0.00220817 0.999996 -0.242586 0.0677423 -0.17642
FixedParameters: 0 0 0

#Transform 140
Transform: AffineTransform_float_3_3
Parameters: 0.99994 0.0107011 0.00236844 -0.0106949 0.99994 -0.00258849 -0.00239655 0.00256251 0.999994 -0.244762 0.0703074 -0.196752
FixedParameters: 0 0 0

#Transform 141
Transform: AffineTransform_float_3_3
Parameters: 0.999941 0.0104959 0.00285297 -0.0104861 0.999939 -0.00344912 -0.00288803 0.00341889 0.99999 -0.263908 0.0947761 -0.1537
FixedParameters: 0 0 0

#Transform 142
Transform: AffineTransform_float_3_3
Parameters: 0.999941 0.0104942 0.00275582 -0.0104858 0.99994 -0.00298707 -0.00278718 0.00295792 0.999991 -0.250927 0.0686379 -0.20017
FixedParameters: 0 0 0

#Transform 143
Transform: AffineTransform_float_3_3
Parameters: 0.999942 0.0104921 0.00271357 -0.0104859 0.999943 -0.00224759 -0.00273642 0.00221842 0.999994 -0.250204 0.054574 -0.161313
FixedParameters: 0 0 0

#Transform 144
Transform: AffineTransform_float_3_3
Parameters: 0.999937 0.0106437 0.00340724 -0.0106363 0.999941 -0.00196936 -0.00342776 0.00193264 0.999993 -0.273843 0.0516426 -0.162089
FixedParameters: 0 0 0

#Transform 145
Transform: AffineTransform_float_3_3
Parameters: 0.999936 0.0108308 0.00348775 -0.0108232 0.999939 -0.0022589 -0.00351226 0.0022211 0.999992 -0.288111 0.0599016 -0.187981
FixedParameters: 0 0 0

#Transform 146
Transform: AffineTransform_float_3_3
Parameters: 0.999937 0.0107014 0.00340162 -0.0106926 0.999939 -0.00248453 -0.00342839 0.00244847 0.999991 -0.289414 0.0661454 -0.201764
FixedParameters: 0 0 0

#Transform 147
Transform: AffineTransform_float_3_3
Parameters: 0.999957 0.00902987 0.00234918 -0.00902114 0.999952 -0.00375836 -0.00238282 0.00373665 0.99999 -0.261236 0.0870401 -0.234012
FixedParameters: 0 0 0

#Transform 148
Transform: AffineTransform_float_3_3
Parameters: 0.999948 0.0100181 0.00221511 -0.0100089 0.999941 -0.00409439 -0.00225589 0.00407161 0.999989 -0.247883 0.0903121 -0.218808
FixedParameters: 0 0 0

#Transform 149
Transform: AffineTransform_float_3_3
Parameters: 0.999942 0.0105401 0.00222714 -0.0105339 0.99994 -0.00275062 -0.00225586 0.00272738 0.999993 -0.249027 0.071557 -0.209831
FixedParameters: 0 0 0

#Transform 150
Transform: AffineTransform_float_3_3
Parameters: 0.999936 0.0109289 0.0028712 -0.0109201 0.999935 -0.00310955 -0.0029048 0.00307845 0.999991 -0.271034 0.0763971 -0.214716
FixedParameters: 0 0 0

#Transform 151
Transform: AffineTransform_float_3_3
Parameters: 0.999934 0.0110541 0.00328144 -0.0110419 0.999932 -0.00368948 -0.00332157 0.00365353 0.999988 -0.282451 0.0872534 -0.193674
FixedParameters: 0 0 0

#Transform 152
Transform: AffineTransform_float_3_3
Parameters: 0.999935 0.0110523 0.00301358 -0.0110417 0.999933 -0.0034035 -0.00305142 0.0033705 0.999989 -0.285356 0.0874479 -0.228907
FixedParameters: 0 0 0

#Transform 153
Transform: AffineTransform_float_3_3
Parameters: 0.999929 0.0115656 0.00283831 -0.0115554 0.999927 -0.00370906 -0.00288169 0.00367593 0.999989 -0.282553 0.0955348 -0.230256
FixedParameters: 0 0 0

#Transform 154
Transform: AffineTransform_float_3_3
Parameters: 0.999927 0.0115669 0.00349678 -0.0115551 0.999928 -0.00341266 -0.00353622 0.00337234 0.999988 -0.296593 0.0962824 -0.199328
FixedParameters: 0 0 0

#Transform 155
Transform: AffineTransform_float_3_3
Parameters: 0.999927 0.0115658 0.00349641 -0.0115552 0.999928 -0.00309863 -0.00353158 0.00305738 0.999989 -0.291437 0.0945749 -0.244617
FixedParameters: 0 0 0

#Transform 156
Transform: AffineTransform_float_3_3
Parameters: 0.999925 0.0115717 0.00382776 -0.0115553 0.999923 -0.00436655 -0.00387724 0.00432245 0.999983 -0.277557 0.0722794 -0.222131
FixedParameters: 0 0 0

#Transform 157
Transform: AffineTransform_float_3_3
Parameters: 0.999917 0.0111011 0.00664163 -0.0110549 0.999915 -0.006931 -0.00671838 0.00685699 0.999954 -0.356288 0.180892 -0.164265
FixedParameters: 0 0 0

#Transform 158
Transform: AffineTransform_float_3_3
Parameters: 0.999912 0.0118882 0.00577827 -0.0118588 0.999916 -0.00523298 -0.00584073 0.00516401 0.999969 -0.342166 0.126345 -0.261513
FixedParameters: 0 0 0

#Transform 159
Transform: AffineTransform_float_3_3
Parameters: 0.999915 0.0113631 0.00632542 -0.0113369 0.999927 -0.00414006 -0.00637258 0.00406793 0.999972 -0.362132 0.0989582 -0.316628
FixedParameters: 0 0 0

#Transform 160
Transform: AffineTransform_float_3_3
Parameters: 0.999928 0.0108528 0.0052562 -0.0108302 0.999932 -0.00434524 -0.00530281 0.00428876 0.999976 -0.323698 0.121717 -0.350262
FixedParameters: 0 0 0

#Transform 161
Transform: AffineTransform_float_3_3
Parameters: 0.99993 0.0110556 0.00426039 -0.0110344 0.999927 -0.00505837 -0.00431561 0.00501064 0.999978 -0.307607 0.110486 -0.326432
FixedParameters: 0 0 0

#Transform 162
Transform: AffineTransform_float_3_3
Parameters: 0.99992 0.0116634 0.00486709 -0.0116456 0.999925 -0.00379598 -0.00491091 0.00373902 0.999981 -0.350786 0.103874 -0.343738
FixedParameters: 0 0 0

#Transform 163
Transform: AffineTransform_float_3_3
Parameters: 0.999909 0.0125056 0.00502203 -0.0124864 0.999915 -0.00371004 -0.00506797 0.00364695 0.99998 -0.347652 0.102414 -0.276273
FixedParameters: 0 0 0

#Transform 164
Transform: AffineTransform_float_3_3
Parameters: 0.999904 0.0125781 0.00571295 -0.0125579 0.999915 -0.00354108 -0.00575705 0.00346892 0.999978 -0.379474 0.11262 -0.248995
FixedParameters: 0 0 0

#Transform 165
Transform: AffineTransform_float_3_3
Parameters: 0.9999 0.0131896 0.00522281 -0.0131714 0.999907 -0.00338713 -0.00526719 0.00331786 0.99998 -0.364937 0.0951251 -0.308222
FixedParameters: 0 0 0

#Transform 166
Transform: AffineTransform_float_3_3
Parameters: 0.999897 0.0133183 0.00522574 -0.0133017 0.999906 -0.00313483 -0.00526725 0.00306416 0.999982 -0.381505 0.0851545 -0.348107
FixedParameters: 0 0 0

#Transform 167
Transform: AffineTransform_float_3_3
Parameters: 0.999907 0.0129003 0.00456463 -0.0128767 0.999904 -0.00510125 -0.00462938 0.00504275 0.999976 -0.384183 0.129303 -0.360883
FixedParameters: 0 0 0

#Transform 168
Transform: AffineTransform_float_3_3
Parameters: 0.999898 0.01349 0.00456253 -0.013467 0.999896 -0.00503595 -0.00462945 0.00497305 0.999977 -0.403699 0.123039 -0.358193
FixedParameters: 0 0 0

#Transform 169
Transform: AffineTransform_float_3_3
Parameters: 0.999889 0.0142581 0.0042716 -0.0142388 0.999888 -0.00448032 -0.00433541 0.00441967 0.999981 -0.394254 0.108562 -0.337798
FixedParameters: 0 0 0

#Transform 170
Transform: AffineTransform_float_3_3
Parameters: 0.999892 0.0141198 0.00406146 -0.0141042 0.999893 -0.0038937 -0.00411654 0.00383529 0.999984 -0.401841 0.0968295 -0.305395
FixedParameters: 0 0 0

#Transform 171
Transform: AffineTransform_float_3_3
Parameters: 0.999885 0.0147012 0.00369186 -0.0146858 0.999883 -0.00411969 -0.00375214 0.0040653 0.999984 -0.412979 0.0877583 -0.228984
FixedParameters: 0 0 0

#Transform 172
Transform: AffineTransform_float_3_3
Parameters: 0.999893 0.0139992 0.00440571 -0.0139808 0.999893 -0.00412604 -0.00446329 0.00406395 0.999982 -0.429909 0.100633 -0.19039
FixedParameters: 0 0 0

#Transform 173
Transform: AffineTransform_float_3_3
Parameters: 0.99989 0.0141494 0.00456856 -0.0141346 0.999895 -0.00317493 -0.00461345 0.00311007 0.999985 -0.431111 0.0978877 -0.235623
FixedParameters: 0 0 0

#Transform 174
Transform: AffineTransform_float_3_3
Parameters: 0.999895 0.0139174 0.00401187 -0.0139046 0.999897 -0.00334413 -0.00405813 0.00328787 0.999987 -0.440923 0.104011 -0.241517
FixedParameters: 0 0 0

#Transform 175
Transform: AffineTransform_float_3_3
Parameters: 0.999909 0.0129611 0.00356111 -0.0129489 0.999911 -0.00341042 -0.00360488 0.00336358 0.999988 -0.41611 0.101632 -0.27583
FixedParameters: 0 0 0

#Transform 176
Transform: AffineTransform_float_3_3
Parameters: 0.999886 0.0146871 0.00355967 -0.0146759 0.999888 -0.0031136 -0.00360533 0.0030614 0.999989 -0.422678 0.090952 -0.241197
FixedParameters: 0 0 0

#Transform 177
Transform: AffineTransform_float_3_3
Parameters: 0.99988 0.0150324 0.00356139 -0.0150226 0.999883 -0.00292885 -0.00360561 0.00287514 0.99999 -0.410004 0.0871855 -0.21907
FixedParameters: 0 0 0

#Transform 178
Transform: AffineTransform_float_3_3
Parameters: 0.999883 0.0146362 0.00441532 -0.0146227 0.999888 -0.00301791 -0.00445868 0.00295308 0.999985 -0.438032 0.0870549 -0.254589
FixedParameters: 0 0 0

#Transform 179
Transform: AffineTransform_float_3_3
Parameters: 0.999876 0.0151013 0.00458657 -0.0150807 0.999875 -0.00463574 -0.00465644 0.00456625 0.999978 -0.43248 0.109033 -0.341408
FixedParameters: 0 0 0
