#Insight Transform File V1.0
#Transform 0
Transform: AffineTransform_float_3_3
Parameters: 0.999999 -0.000680139 0.00109191 0.000680861 1 0.000127744 -0.00109209 -0.000127257 1 -0.0248194 0.0436455 0.0303567
FixedParameters: 0 0 0

#Transform 1
Transform: AffineTransform_float_3_3
Parameters: 0.999999 -0.000679909 0.00130305 0.00068009 1 -6.91139e-05 -0.00130295 6.9886e-05 0.999999 -0.013436 0.049224 0.0607633
FixedParameters: 0 0 0

#Transform 2
Transform: AffineTransform_float_3_3
Parameters: 0.999999 -0.00067983 0.00130109 0.00068017 1 -0.000130115 -0.00130091 0.000130885 0.999999 -0.0307926 0.0293088 0.0602678
FixedParameters: 0 0 0

#Transform 3
Transform: AffineTransform_float_3_3
Parameters: 1 -0.000541001 0.001097 0.000541 1 5.93477e-07 -0.001097 -4.06522e-07 0.999999 -0.0262501 0.0223074 0.0297608
FixedParameters: 0 0 0

#Transform 4
Transform: AffineTransform_float_3_3
Parameters: 1 -0.000263 0.001097 0.000263 1 2.88511e-07 -0.001097 2.88511e-07 1 -0.0267835 0.0334702 0.0110878
FixedParameters: 0 0 0

#Transform 5
Transform: AffineTransform_float_3_3
Parameters: 1 -0.000536176 0.000407768 0.000535823 1 0.000433218 -0.000408232 -0.000432781 1 -0.0250948 0.0163282 0.032525
FixedParameters: 0 0 0

#Transform 6
Transform: AffineTransform_float_3_3
Parameters: 1 -5.21899e-05 0.000687985 5.18101e-05 1 0.000276036 -0.000688014 -0.000275964 0.999999 -0.0192569 0.0182162 0.0133439
FixedParameters: 0 0 0

#Transform 7
Transform: AffineTransform_float_3_3
Parameters: 0.999999 -0.000131 0.000827999 0.000131 1 1.08468e-07 -0.000827999 1.08468e-07 0.999999 -0.0225276 0.00755698 -0.0173474
FixedParameters: 0 0 0

#Transform 8
Transform: AffineTransform_float_3_3
Parameters: 0.999999 -3.48575e-05 0.000754006 3.51425e-05 1 -0.000188973 -0.000753993 0.000189026 0.999999 -0.0234433 0.0315594 -0.00322114
FixedParameters: 0 0 0

#Transform 9
Transform: AffineTransform_float_3_3
Parameters: 0.999999 -0.000407964 0.000688021 0.000408036 1 -5.17193e-05 -0.000687978 5.22807e-05 1 -0.0158501 0.0273361 -0.00726528
FixedParameters: 0 0 0

#Transform 10
Transform: AffineTransform_float_3_3
Parameters: 1 -0.000124 0.000688 0.000124 1 8.5312e-08 -0.000688 8.5312e-08 1 -0.0185301 0.00525823 0.0107108
FixedParameters: 0 0 0

#Transform 11
Transform: AffineTransform_float_3_3
Parameters: 0.999999 -0.000267 0.000688 0.000267 1 1.83696e-07 -0.000688 1.83696e-07 1 -0.0171932 0.025958 -0.0154932
FixedParameters: 0 0 0

#Transform 12
Transform: AffineTransform_float_3_3
Parameters: 1 -2.68235e-05 0.000575008 2.71765e-05 1 -0.000306984 -0.000574991 0.000307015 1 -0.0162336 0.0113331 0.00768324
FixedParameters: 0 0 0

#Transform 13
Transform: AffineTransform_float_3_3
Parameters: 1 0.000127919 0.000262039 -0.000128081 1 0.000307966 -0.000261961 -0.000308033 1 -0.00870962 -0.00913224 0.00486685
FixedParameters: 0 0 0

#Transform 14
Transform: AffineTransform_float_3_3
Parameters: 1 1.98585e-06 0.000262 -2.01415e-06 1 5.39995e-05 -0.000262 -5.40005e-05 1 -0.00751039 0.016563 0.0109054
FixedParameters: 0 0 0

#Transform 15
Transform: AffineTransform_float_3_3
Parameters: 1 1.96579e-06 0.000543 -2.03421e-06 1 6.29989e-05 -0.000543 -6.30011e-05 1 -0.0155193 0.000604955 0.00734786
FixedParameters: 0 0 0

#Transform 16
Transform: AffineTransform_float_3_3
Parameters: 1 -0.000218071 0.000343955 0.000217929 1 0.000206075 -0.000344045 -0.000205925 1 -0.00781848 -0.00378257 0.0123604
FixedParameters: 0 0 0

#Transform 17
Transform: AffineTransform_float_3_3
Parameters: 1 2e-06 0.000398 -2e-06 1 -7.96e-10 -0.000398 -7.96e-10 1 -0.0114031 0.00240434 0.010512
FixedParameters: 0 0 0

#Transform 18
Transform: AffineTransform_float_3_3
Parameters: 1 -0.000264 0.000262 0.000264 1 6.9168e-08 -0.000262 6.9168e-08 1 -0.00796813 0.00211245 0.0415972
FixedParameters: 0 0 0

#Transform 19
Transform: AffineTransform_float_3_3
Parameters: 1 1.90227e-06 0.000262001 -2.09773e-06 1 0.000372999 -0.000261999 -0.000373 1 -0.00750669 0.00805523 0.025115
FixedParameters: 0 0 0

#Transform 20
Transform: AffineTransform_float_3_3
Parameters: 1 2.02904e-06 -0.000242 -1.97096e-06 1 0.00012 0.000242 -0.00012 1 0.00691079 0.015327 0.00322159
FixedParameters: 0 0 0

#Transform 21
Transform: AffineTransform_float_3_3
Parameters: 1 1.99544e-06 3.80002e-05 -2.00456e-06 1 0.00012 -3.79998e-05 -0.00012 1 -0.00104839 -0.0113501 -0.00588988
FixedParameters: 0 0 0

#Transform 22
Transform: AffineTransform_float_3_3
Parameters: 1 1.95389e-06 0.000262 -2.04611e-06 1 0.000175999 -0.000262 -0.000176001 1 7.24391e-05 0.0125032 0.00648441
FixedParameters: 0 0 0

#Transform 23
Transform: AffineTransform_float_3_3
Parameters: 1 1.96856e-06 0.000262 -2.03144e-06 1 0.000119999 -0.000262 -0.000120001 1 0.00159347 0.0141098 -0.0315892
FixedParameters: 0 0 0

#Transform 24
Transform: AffineTransform_float_3_3
Parameters: 1 0.000215007 -5.59742e-05 -0.000214993 1 0.000120012 5.60258e-05 -0.000119988 1 -0.00300047 0.0101537 0.0129356
FixedParameters: 0 0 0

#Transform 25
Transform: AffineTransform_float_3_3
Parameters: 1 -0.000215039 0.000326974 0.000214961 1 0.00012007 -0.000327026 -0.00011993 1 -0.00724814 0.0139297 0.00189329
FixedParameters: 0 0 0

#Transform 26
Transform: AffineTransform_float_3_3
Parameters: 1 -0.000272035 0.000295967 0.000271964 1 0.00012008 -0.000296033 -0.000119919 1 -0.0181307 0.0138667 0.00859192
FixedParameters: 0 0 0

#Transform 27
Transform: AffineTransform_float_3_3
Parameters: 1 -0.000471104 0.000300837 0.000471896 1 0.000345142 -0.000301163 -0.000344858 1 -0.00420917 0.0195751 0.0040243
FixedParameters: 0 0 0

#Transform 28
Transform: AffineTransform_float_3_3
Parameters: 1 -0.000471 0.000107998 0.000470999 1 4.05087e-06 -0.000108002 -3.94913e-06 1 0.00132421 0.00758678 -0.0179211
FixedParameters: 0 0 0

#Transform 29
Transform: AffineTransform_float_3_3
Parameters: 1 -0.000471159 0.000309758 0.00047184 1 0.000514146 -0.000310242 -0.000513854 1 -0.00443729 0.0124795 0.00558019
FixedParameters: 0 0 0

#Transform 30
Transform: AffineTransform_float_3_3
Parameters: 1 -0.000471037 0.000120854 0.000470963 1 0.000310057 -0.000120146 -0.000309943 1 0.00102195 0.00848221 -0.00391472
FixedParameters: 0 0 0

#Transform 31
Transform: AffineTransform_float_3_3
Parameters: 1 -0.000470979 -4.52181e-05 0.000471021 1 0.000462979 4.47819e-05 -0.000463021 1 0.00573657 -0.00514576 0.00482729
FixedParameters: 0 0 0

#Transform 32
Transform: AffineTransform_float_3_3
Parameters: 1 -0.000318945 -0.000136128 0.000319055 1 0.000401957 0.000136872 -0.000402044 1 0.0223178 -0.00323336 -0.0219776
FixedParameters: 0 0 0

#Transform 33
Transform: AffineTransform_float_3_3
Parameters: 1 -0.000470957 -0.000136147 0.000471043 1 0.000311936 0.000136853 -0.000312064 1 0.0198416 -0.0224162 -0.0187525
FixedParameters: 0 0 0

#Transform 34
Transform: AffineTransform_float_3_3
Parameters: 1 -0.000471019 3.27197e-05 0.000470981 0.999999 0.000595015 -3.22802e-05 -0.000594985 1 0.0148714 -0.00910514 -0.0130347
FixedParameters: 0 0 0

#Transform 35
Transform: AffineTransform_float_3_3
Parameters: 1 -0.000649093 -0.000135553 0.000648906 0.999999 -0.000689088 0.000136448 0.000689911 1 0.0100911 0.0275898 0.062956
FixedParameters: 0 0 0

#Transform 36
Transform: AffineTransform_float_3_3
Parameters: 1 2.02093e-05 0.000295986 -1.97907e-05 0.999999 -0.000707006 -0.000296014 0.000706994 0.999999 0.007166 0.0616358 0.203939
FixedParameters: 0 0 0

#Transform 37
Transform: AffineTransform_float_3_3
Parameters: 1 0.000257811 -0.000136357 -0.000257189 0.999999 -0.00138497 0.000136644 0.00138504 0.999999 0.0150615 0.0638516 0.260386
FixedParameters: 0 0 0

#Transform 38
Transform: AffineTransform_float_3_3
Parameters: 1 -0.000170023 -3.08706e-05 0.000169976 0.999999 -0.000761005 3.11294e-05 0.000760994 0.999999 0.0199896 0.0411564 0.210534
FixedParameters: 0 0 0

#Transform 39
Transform: AffineTransform_float_3_3
Parameters: 0.999999 -0.000588894 0.000430145 0.000588106 1 -0.000245747 -0.000430855 0.000246254 1 0.0172216 0.0304669 0.184163
FixedParameters: 0 0 0

#Transform 40
Transform: AffineTransform_float_3_3
Parameters: 1 -0.000589985 0.00086501 0.000590015 1 -1.64896e-05 -0.00086499 1.75103e-05 0.999999 0.01681 0.0304285 0.141016
FixedParameters: 0 0 0

#Transform 41
Transform: AffineTransform_float_3_3
Parameters: 1 -0.000816924 0.000599104 0.000817076 0.999999 -0.00012651 -0.000598897 0.000126489 1 0.0156388 0.0305951 0.156743
FixedParameters: 0 0 0

#Transform 42
Transform: AffineTransform_float_3_3
Parameters: 0.999999 -0.000697261 0.000598695 0.000696738 0.999999 0.000437417 -0.000599304 -0.000436582 0.999999 0.0144849 -0.00935002 0.142919
FixedParameters: 0 0 0

#Transform 43
Transform: AffineTransform_float_3_3
Parameters: 1 -0.000930219 0.000682702 0.000930781 0.999999 0.000320635 -0.000683299 -0.000320364 0.999999 0.0142863 0.0101351 0.141869
FixedParameters: 0 0 0

#Transform 44
Transform: AffineTransform_float_3_3
Parameters: 1 -0.0006974 0.000598534 0.0006966 0.999999 0.000668417 -0.000599465 -0.000667582 0.999999 0.0145712 -0.0193455 0.112873
FixedParameters: 0 0 0

#Transform 45
Transform: AffineTransform_float_3_3
Parameters: 0.999999 -0.00069756 0.000598349 0.00069644 1 0.000934418 -0.000599651 -0.000934583 1 0.0144576 -0.0171868 0.0883127
FixedParameters: 0 0 0

#Transform 46
Transform: AffineTransform_float_3_3
Parameters: 0.999999 -0.000697333 0.000598611 0.000696666 0.999999 0.000557417 -0.000599388 -0.000556582 0.999999 0.0144379 0.0134268 0.0826141
FixedParameters: 0 0 0

#Transform 47
Transform: AffineTransform_float_3_3
Parameters: 1 -0.000697587 0.000598317 0.000696414 1 0.000980418 -0.000598683 -0.000979583 1 0.0145383 0.00117656 0.0867504
FixedParameters: 0 0 0

#Transform 48
Transform: AffineTransform_float_3_3
Parameters: 0.999999 -0.000697202 0.000631776 0.000696797 0.999999 0.00032044 -0.000632223 -0.000320559 0.999999 0.0134801 0.0344079 0.0668369
FixedParameters: 0 0 0

#Transform 49
Transform: AffineTransform_float_3_3
Parameters: 0.999999 -0.00127212 0.000151958 0.00127188 0.999999 0.000819194 -0.000153042 -0.000818806 0.999999 0.0327473 0.0300161 0.0847856
FixedParameters: 0 0 0

#Transform 50
Transform: AffineTransform_float_3_3
Parameters: 0.999999 -0.00180818 0.000150823 0.00180782 0.999997 0.00120427 -0.000153177 -0.00120372 1 0.0379727 0.0139386 0.021467
FixedParameters: 0 0 0

#Transform 51
Transform: AffineTransform_float_3_3
Parameters: 0.999999 -0.00118379 0.000552304 0.00118321 0.999999 0.00143365 -0.000554697 -0.00143334 0.999999 0.0373414 0.0124982 0.0730918
FixedParameters: 0 0 0

#Transform 52
Transform: AffineTransform_float_3_3
Parameters: 0.999999 -0.000767154 0.000152228 0.000766846 0.999999 0.00100712 -0.000152772 -0.00100688 1 0.0278133 0.042124 0.0686612
FixedParameters: 0 0 0

#Transform 53
Transform: AffineTransform_float_3_3
Parameters: 1 -0.000768025 0.000655802 0.000766975 0.999998 0.0015615 -0.000657199 -0.00156149 0.999998 0.0430473 0.024572 0.0541204
FixedParameters: 0 0 0

#Transform 54
Transform: AffineTransform_float_3_3
Parameters: 0.999999 -0.0012457 0.000653768 0.0012443 0.999996 0.00259682 -0.000657233 -0.00259618 0.999997 0.0328314 0.0128271 0.0663112
FixedParameters: 0 0 0

#Transform 55
Transform: AffineTransform_float_3_3
Parameters: 0.999999 -0.00124546 0.000644192 0.00124454 0.999996 0.0022568 -0.000646809 -0.0022552 0.999997 0.0183378 0.0225431 0.032105
FixedParameters: 0 0 0

#Transform 56
Transform: AffineTransform_float_3_3
Parameters: 0.999999 -0.00124551 0.000666191 0.00124449 0.999996 0.00225683 -0.000669809 -0.00225517 0.999997 0.0177121 -0.00625883 -0.000741972
FixedParameters: 0 0 0

#Transform 57
Transform: AffineTransform_float_3_3
Parameters: 0.999999 -0.0013786 0.00065263 0.0013764 0.999996 0.0024459 -0.000656368 -0.0024451 0.999997 0.0194116 -0.00541529 -0.00664849
FixedParameters: 0 0 0

#Transform 58
Transform: AffineTransform_float_3_3
Parameters: 0.999998 -0.00124649 0.00110419 0.0012445 0.999996 0.00225738 -0.00110681 -0.00225562 0.999997 0.0108093 -0.0132035 -0.0288431
FixedParameters: 0 0 0

#Transform 59
Transform: AffineTransform_float_3_3
Parameters: 0.999999 -0.00165389 0.000856358 0.00165211 0.999996 0.00220442 -0.000859644 -0.00220358 0.999997 0.0162337 -0.0183932 -0.0295009
FixedParameters: 0 0 0

#Transform 60
Transform: AffineTransform_float_3_3
Parameters: 0.999997 -0.00198447 0.000800368 0.00198253 0.999997 0.00183159 -0.00080463 -0.00182941 0.999998 0.0209358 -0.00804739 -0.0390996
FixedParameters: 0 0 0

#Transform 61
Transform: AffineTransform_float_3_3
Parameters: 0.999999 -0.0017924 0.0005323 0.0017906 0.999995 0.00262396 -0.0005367 -0.00262304 0.999997 0.0268181 0.0112706 -0.0249777
FixedParameters: 0 0 0

#Transform 62
Transform: AffineTransform_float_3_3
Parameters: 0.999998 -0.00179333 0.0009044 0.00179067 0.999995 0.00256763 -0.0009086 -0.00256638 0.999997 0.0246292 0.00269571 -0.0423655
FixedParameters: 0 0 0

#Transform 63
Transform: AffineTransform_float_3_3
Parameters: 0.999997 -0.0019573 0.000904026 0.00195469 0.999995 0.00254377 -0.000908974 -0.00254223 0.999997 0.0176686 -0.00136444 -0.0525006
FixedParameters: 0 0 0

#Transform 64
Transform: AffineTransform_float_3_3
Parameters: 0.999998 -0.00179258 0.000730136 0.00179042 0.999996 0.00215731 -0.000733865 -0.00215669 0.999998 0.0211096 0.0285559 -0.00925951
FixedParameters: 0 0 0

#Transform 65
Transform: AffineTransform_float_3_3
Parameters: 0.999998 -0.00179257 0.000732163 0.00179043 0.999996 0.00214232 -0.000735836 -0.00214069 0.999998 0.0210062 0.0289179 -0.0718172
FixedParameters: 0 0 0

#Transform 66
Transform: AffineTransform_float_3_3
Parameters: 0.999998 -0.00131157 0.000908176 0.00131143 0.999999 0.000629192 -0.000908824 -0.000627809 1 -0.00026305 0.0796344 0.0441903
FixedParameters: 0 0 0

#Transform 67
Transform: AffineTransform_float_3_3
Parameters: 0.999998 -0.00131526 0.00164699 0.00131474 0.999999 0.000767167 -0.00164801 -0.000764834 0.999999 -0.00977139 0.0597707 -0.0149216
FixedParameters: 0 0 0

#Transform 68
Transform: AffineTransform_float_3_3
Parameters: 0.999998 -0.00178408 0.000906878 0.00178292 0.999997 0.00119062 -0.000909121 -0.00118838 0.999999 0.0160206 0.0232983 -0.00679301
FixedParameters: 0 0 0

#Transform 69
Transform: AffineTransform_float_3_3
Parameters: 0.999999 -0.00120086 0.000907864 0.00120014 0.999999 0.000947091 -0.000909136 -0.000945909 0.999999 0.0103516 0.0468124 -0.0365692
FixedParameters: 0 0 0

#Transform 70
Transform: AffineTransform_float_3_3
Parameters: 0.999998 -0.00115496 0.00172336 0.00115404 0.999999 0.00055799 -0.00172364 -0.000556011 0.999999 -0.00327131 0.0328903 0.00582958
FixedParameters: 0 0 0

#Transform 71
Transform: AffineTransform_float_3_3
Parameters: 0.999995 -0.00221545 0.0020178 0.00221854 0.999996 -0.00126053 -0.0020142 0.00126547 0.999997 0.0243122 0.100058 0.213304
FixedParameters: 0 0 0

#Transform 72
Transform: AffineTransform_float_3_3
Parameters: 0.999993 -0.00221226 0.00297328 0.00221874 0.999995 -0.00192942 -0.00296872 0.00193558 0.999993 -0.00302707 0.143904 0.21073
FixedParameters: 0 0 0

#Transform 73
Transform: AffineTransform_float_3_3
Parameters: 0.999992 -0.00276113 0.00286084 0.00276187 0.999996 -0.000301101 -0.00286016 0.0003089 0.999996 0.00530961 0.10103 0.18172
FixedParameters: 0 0 0

#Transform 74
Transform: AffineTransform_float_3_3
Parameters: 0.999994 -0.00219248 0.00265075 0.00219653 0.999996 -0.00170519 -0.00264725 0.00171081 0.999995 -0.00503342 0.163138 0.204087
FixedParameters: 0 0 0

#Transform 75
Transform: AffineTransform_float_3_3
Parameters: 0.999996 -0.00179483 0.00227892 0.00179617 0.999999 -0.000512909 -0.00227808 0.000517091 0.999998 -0.0211267 0.116899 0.19355
FixedParameters: 0 0 0

#Transform 76
Transform: AffineTransform_float_3_3
Parameters: 0.999994 -0.00134141 0.00319783 0.00134159 0.999999 0.000129291 -0.00319717 -0.000125712 0.999995 -0.0355088 0.0916716 0.14031
FixedParameters: 0 0 0

#Transform 77
Transform: AffineTransform_float_3_3
Parameters: 0.999993 -0.00160966 0.00332672 0.00160734 0.999999 0.000801353 -0.00332829 -0.000796648 0.999994 -0.0367391 0.091523 0.146759
FixedParameters: 0 0 0

#Transform 78
Transform: AffineTransform_float_3_3
Parameters: 0.999994 -0.0016428 0.00321557 0.0016402 0.999999 0.00087428 -0.00321643 -0.000868722 0.999995 -0.0491799 0.0734217 0.147346
FixedParameters: 0 0 0

#Transform 79
Transform: AffineTransform_float_3_3
Parameters: 0.999992 -0.00229448 0.00347874 0.00228852 0.999995 0.00186498 -0.00348227 -0.00185703 0.999992 -0.0277324 0.0809392 0.177241
FixedParameters: 0 0 0

#Transform 80
Transform: AffineTransform_float_3_3
Parameters: 0.999991 -0.0026247 0.00336256 0.00261931 0.999995 0.00169682 -0.00336644 -0.00168818 0.999993 -0.0279999 0.0598893 0.175535
FixedParameters: 0 0 0

#Transform 81
Transform: AffineTransform_float_3_3
Parameters: 0.99999 -0.00275011 0.00367895 0.00274189 0.999994 0.00220711 -0.00368505 -0.00219689 0.999991 -0.0358706 0.053698 0.180669
FixedParameters: 0 0 0

#Transform 82
Transform: AffineTransform_float_3_3
Parameters: 0.999991 -0.00195671 0.00370394 0.00194929 0.999996 0.00208424 -0.00370806 -0.00207676 0.999991 -0.0440898 0.0579964 0.21029
FixedParameters: 0 0 0

#Transform 83
Transform: AffineTransform_float_3_3
Parameters: 0.999992 -0.00198694 0.00341498 0.00198007 0.999996 0.00203278 -0.00341903 -0.00202622 0.999992 -0.0471037 0.0908569 0.159593
FixedParameters: 0 0 0

#Transform 84
Transform: AffineTransform_float_3_3
Parameters: 0.999992 -0.0019872 0.00330268 0.0019798 0.999995 0.00218255 -0.00330632 -0.00217645 0.999992 -0.0578892 0.0654298 0.162421
FixedParameters: 0 0 0

#Transform 85
Transform: AffineTransform_float_3_3
Parameters: 0.999991 -0.00243795 0.00351305 0.00242505 0.999991 0.00368555 -0.00352195 -0.00367645 0.999987 -0.0538198 0.0651272 0.207632
FixedParameters: 0 0 0

#Transform 86
Transform: AffineTransform_float_3_3
Parameters: 0.99999 -0.00239862 0.00357055 0.00238638 0.999991 0.00353455 -0.00357945 -0.00352645 0.999988 -0.0558881 0.0791646 0.208943
FixedParameters: 0 0 0

#Transform 87
Transform: AffineTransform_float_3_3
Parameters: 0.999993 -0.00239627 0.00311512 0.00238573 0.999991 0.00329746 -0.00312287 -0.00328954 0.999989 -0.0428385 0.0709191 0.195632
FixedParameters: 0 0 0

#Transform 88
Transform: AffineTransform_float_3_3
Parameters: 0.999992 -0.00233654 0.00326377 0.00232447 0.999991 0.00353362 -0.00327123 -0.00352639 0.999989 -0.0339053 0.0673844 0.206002
FixedParameters: 0 0 0

#Transform 89
Transform: AffineTransform_float_3_3
Parameters: 0.999992 -0.0025953 0.00300399 0.00258571 0.999992 0.00309379 -0.003012 -0.00308621 0.99999 -0.0260672 0.0765747 0.195195
FixedParameters: 0 0 0

#Transform 90
Transform: AffineTransform_float_3_3
Parameters: 0.999993 -0.00259412 0.00278446 0.00258588 0.999993 0.00291522 -0.00279254 -0.00290778 0.999992 -0.0253176 0.0707963 0.210623
FixedParameters: 0 0 0

#Transform 91
Transform: AffineTransform_float_3_3
Parameters: 0.999993 -0.00259462 0.002784 0.00258539 0.999992 0.00309322 -0.002792 -0.00308678 0.999992 -0.0314321 0.0837788 0.205314
FixedParameters: 0 0 0

#Transform 92
Transform: AffineTransform_float_3_3
Parameters: 0.999993 -0.00259496 0.00278367 0.00258504 0.999991 0.00321822 -0.00279232 -0.00321078 0.999991 -0.0363904 0.0850701 0.190638
FixedParameters: 0 0 0

#Transform 93
Transform: AffineTransform_float_3_3
Parameters: 0.999993 -0.00259642 0.00278231 0.00258558 0.999989 0.00374122 -0.00279169 -0.00373478 0.999989 -0.0314013 0.0333137 0.16959
FixedParameters: 0 0 0

#Transform 94
Transform: AffineTransform_float_3_3
Parameters: 0.999992 -0.00259702 0.00326526 0.00258598 0.999991 0.00337547 -0.00327474 -0.00336652 0.999989 -0.0495803 0.0532847 0.161644
FixedParameters: 0 0 0

#Transform 95
Transform: AffineTransform_float_3_3
Parameters: 0.999992 -0.00259634 0.0030382 0.00258566 0.999991 0.00340088 -0.0030468 -0.00339311 0.999989 -0.0632291 0.0429321 0.147675
FixedParameters: 0 0 0

#Transform 96
Transform: AffineTransform_float_3_3
Parameters: 0.999992 -0.00259547 0.00306199 0.00258553 0.999992 0.00309394 -0.00307 -0.00308605 0.99999 -0.047226 0.0516927 0.147599
FixedParameters: 0 0 0

#Transform 97
Transform: AffineTransform_float_3_3
Parameters: 0.999993 -0.00235389 0.0029704 0.00234311 0.99999 0.00366598 -0.0029786 -0.00365901 0.999989 -0.0390576 0.0357121 0.168875
FixedParameters: 0 0 0

#Transform 98
Transform: AffineTransform_float_3_3
Parameters: 0.999991 -0.00281443 0.00312274 0.00280357 0.99999 0.00365779 -0.00313326 -0.00364822 0.999989 -0.0319311 0.01209 0.14034
FixedParameters: 0 0 0

#Transform 99
Transform: AffineTransform_float_3_3
Parameters: 0.999993 -0.00270915 0.00278119 0.00269785 0.999989 0.00400454 -0.00279182 -0.00399647 0.999988 -0.0424002 0.0212748 0.154768
FixedParameters: 0 0 0

#Transform 100
Transform: AffineTransform_float_3_3
Parameters: 0.99999 -0.00299168 0.00348305 0.00297333 0.999981 0.00535441 -0.00349895 -0.00534359 0.999979 -0.0659345 0.00295322 0.172416
FixedParameters: 0 0 0

#Transform 101
Transform: AffineTransform_float_3_3
Parameters: 0.99999 -0.00284063 0.00340254 0.00282238 0.999981 0.00546566 -0.00341747 -0.00545635 0.99998 -0.0643103 -0.0104687 0.179077
FixedParameters: 0 0 0

#Transform 102
Transform: AffineTransform_float_3_3
Parameters: 0.999989 -0.00246437 0.00398599 0.00243562 0.99997 0.00735779 -0.00400402 -0.00734721 0.999965 -0.0671008 -0.0339671 0.205284
FixedParameters: 0 0 0

#Transform 103
Transform: AffineTransform_float_3_3
Parameters: 0.999992 -0.00186168 0.00351604 0.00183632 0.999973 0.00700951 -0.00352895 -0.00700249 0.99997 -0.08053 -0.0238536 0.223739
FixedParameters: 0 0 0

#Transform 104
Transform: AffineTransform_float_3_3
Parameters: 0.999994 -0.00212627 0.00268262 0.00210773 0.999974 0.00679469 -0.00269738 -0.0067893 0.999974 -0.0672692 -0.0602154 0.162048
FixedParameters: 0 0 0

#Transform 105
Transform: AffineTransform_float_3_3
Parameters: 0.999996 -0.00212038 0.00187812 0.00210862 0.999976 0.00656899 -0.00189189 -0.00656501 0.999976 -0.0799731 -0.0226326 0.239723
FixedParameters: 0 0 0

#Transform 106
Transform: AffineTransform_float_3_3
Parameters: 0.999997 -0.00151271 0.00192887 0.00150028 0.99998 0.00605991 -0.00193812 -0.00605708 0.99998 -0.0872193 0.008893 0.216494
FixedParameters: 0 0 0

#Transform 107
Transform: AffineTransform_float_3_3
Parameters: 0.999997 -0.0013416 0.00231102 0.0013264 0.999977 0.00673709 -0.00231999 -0.00673391 0.999974 -0.0997915 -0.0271394 0.185559
FixedParameters: 0 0 0

#Transform 108
Transform: AffineTransform_float_3_3
Parameters: 0.999995 -0.00143698 0.00273262 0.00141903 0.999978 0.00656891 -0.00274138 -0.00656509 0.999974 -0.110888 -0.0404243 0.149212
FixedParameters: 0 0 0

#Transform 109
Transform: AffineTransform_float_3_3
Parameters: 0.999995 -0.00102096 0.00305608 0.00100004 0.999976 0.00685109 -0.00306292 -0.00684791 0.999972 -0.109757 -0.00734117 0.101243
FixedParameters: 0 0 0

#Transform 110
Transform: AffineTransform_float_3_3
Parameters: 0.999994 -0.00102007 0.00307742 0.00100094 0.999979 0.00651512 -0.00308358 -0.00651189 0.999974 -0.125065 -0.00624345 0.084435
FixedParameters: 0 0 0

#Transform 111
Transform: AffineTransform_float_3_3
Parameters: 0.999996 -0.00101568 0.00271218 0.00100032 0.999983 0.00577573 -0.00271882 -0.00577326 0.999979 -0.114562 -0.00415629 0.119235
FixedParameters: 0 0 0

#Transform 112
Transform: AffineTransform_float_3_3
Parameters: 0.999996 -0.000947232 0.00291013 0.00092877 0.99998 0.00625973 -0.00291587 -0.00625727 0.999976 -0.120735 -0.020453 0.124917
FixedParameters: 0 0 0

#Transform 113
Transform: AffineTransform_float_3_3
Parameters: 0.999996 -0.00101652 0.00285718 0.00100049 0.999983 0.00577589 -0.00286283 -0.00577312 0.999979 -0.118519 -0.0355479 0.133043
FixedParameters: 0 0 0

#Transform 114
Transform: AffineTransform_float_3_3
Parameters: 0.999995 -0.00150519 0.00275183 0.00149181 0.999988 0.00478813 -0.00275917 -0.00478387 0.999985 -0.110929 -0.00789342 0.116134
FixedParameters: 0 0 0

#Transform 115
Transform: AffineTransform_float_3_3
Parameters: 0.999994 -0.00155087 0.0032756 0.00153313 0.999984 0.00544906 -0.0032844 -0.00544494 0.99998 -0.104294 -0.0108972 0.173075
FixedParameters: 0 0 0

#Transform 116
Transform: AffineTransform_float_3_3
Parameters: 0.999995 -0.00140719 0.00303701 0.00139181 0.999986 0.00499925 -0.00304399 -0.00499474 0.999983 -0.0976403 0.00388462 0.147418
FixedParameters: 0 0 0

#Transform 117
Transform: AffineTransform_float_3_3
Parameters: 0.999993 -0.00102257 0.00361369 0.00100043 0.99998 0.00624066 -0.00362031 -0.00623734 0.999974 -0.110996 -0.00444527 0.177579
FixedParameters: 0 0 0

#Transform 118
Transform: AffineTransform_float_3_3
Parameters: 0.999995 -0.00129085 0.00303731 0.00127515 0.999985 0.0052139 -0.00304469 -0.00521009 0.999982 -0.0983069 0.00492756 0.167186
FixedParameters: 0 0 0

#Transform 119
Transform: AffineTransform_float_3_3
Parameters: 0.999994 -0.00143835 0.00334174 0.00141865 0.999983 0.00578478 -0.00335026 -0.00577922 0.999977 -0.0928329 -0.00569488 0.174348
FixedParameters: 0 0 0

#Transform 120
Transform: AffineTransform_float_3_3
Parameters: 0.999995 -0.00145249 0.00303617 0.00143551 0.999985 0.00542539 -0.00304383 -0.00542061 0.99998 -0.0988619 -0.0249344 0.171994
FixedParameters: 0 0 0

#Transform 121
Transform: AffineTransform_float_3_3
Parameters: 0.999995 -0.00142297 0.00303564 0.00140503 0.999982 0.0059133 -0.00304436 -0.0059097 0.999978 -0.104262 -0.0388557 0.172026
FixedParameters: 0 0 0

#Transform 122
Transform: AffineTransform_float_3_3
Parameters: 0.999995 -0.00148423 0.00303467 0.00146477 0.999979 0.00632748 -0.00304433 -0.00632352 0.999976 -0.100404 -0.0375844 0.181278
FixedParameters: 0 0 0

#Transform 123
Transform: AffineTransform_float_3_3
Parameters: 0.999993 -0.00148616 0.0032484 0.00146484 0.999978 0.0065058 -0.00325859 -0.00650119 0.999973 -0.106608 -0.0300378 0.180677
FixedParameters: 0 0 0

#Transform 124
Transform: AffineTransform_float_3_3
Parameters: 0.999995 -0.00148529 0.00303415 0.00146471 0.999976 0.00667848 -0.00304385 -0.00667352 0.999973 -0.11032 -0.038383 0.195679
FixedParameters: 0 0 0

#Transform 125
Transform: AffineTransform_float_3_3
Parameters: 0.999995 -0.00148531 0.00303414 0.00146469 0.999976 0.00668448 -0.00304386 -0.00668051 0.999973 -0.100346 -0.027697 0.20596
FixedParameters: 0 0 0

#Transform 126
Transform: AffineTransform_float_3_3
Parameters: 0.999995 -0.00148531 0.00303414 0.00146469 0.999976 0.00668448 -0.00304386 -0.00668051 0.999973 -0.108834 -0.0282145 0.185018
FixedParameters: 0 0 0

#Transform 127
Transform: AffineTransform_float_3_3
Parameters: 0.999995 -0.00148531 0.00303414 0.00146469 0.999976 0.00668448 -0.00304386 -0.00668051 0.999973 -0.100357 -0.0197872 0.205907
FixedParameters: 0 0 0

#Transform 128
Transform: AffineTransform_float_3_3
Parameters: 0.999994 -0.00178917 0.00303277 0.00176983 0.999978 0.00631241 -0.00304423 -0.00630759 0.999976 -0.109738 -0.0176164 0.217253
FixedParameters: 0 0 0

#Transform 129
Transform: AffineTransform_float_3_3
Parameters: 0.999993 -0.00189186 0.00339737 0.00186914 0.999975 0.0067184 -0.00341063 -0.00671159 0.999971 -0.106816 -0.0292604 0.222857
FixedParameters: 0 0 0

#Transform 130
Transform: AffineTransform_float_3_3
Parameters: 0.999993 -0.0018893 0.00303206 0.0018697 0.999978 0.00635671 -0.00304394 -0.00635029 0.999975 -0.0964144 -0.0188908 0.222206
FixedParameters: 0 0 0

#Transform 131
Transform: AffineTransform_float_3_3
Parameters: 0.999993 -0.00189179 0.00340498 0.00186921 0.999978 0.00639141 -0.00341701 -0.00638458 0.999974 -0.107061 -0.0201072 0.193217
FixedParameters: 0 0 0

#Transform 132
Transform: AffineTransform_float_3_3
Parameters: 0.999993 -0.00179793 0.0032932 0.00177807 0.99998 0.0060439 -0.0033038 -0.00603811 0.999977 -0.104684 -0.0098495 0.225805
FixedParameters: 0 0 0

#Transform 133
Transform: AffineTransform_float_3_3
Parameters: 0.999993 -0.00188921 0.00303212 0.00186979 0.999978 0.00632571 -0.00304388 -0.00632029 0.999976 -0.0963749 -0.0179497 0.239698
FixedParameters: 0 0 0

#Transform 134
Transform: AffineTransform_float_3_3
Parameters: 0.999993 -0.00188846 0.00303258 0.00186954 0.99998 0.00607771 -0.00304441 -0.00607229 0.999977 -0.0964243 0.000748859 0.234646
FixedParameters: 0 0 0

#Transform 135
Transform: AffineTransform_float_3_3
Parameters: 0.999993 -0.00189074 0.00342564 0.00186926 0.99998 0.00604645 -0.00343736 -0.00603955 0.999976 -0.107619 0.0162137 0.222251
FixedParameters: 0 0 0

#Transform 136
Transform: AffineTransform_float_3_3
Parameters: 0.999993 -0.00229185 0.00290378 0.00227515 0.99998 0.00579364 -0.00291722 -0.00578635 0.999979 -0.116624 0.0263908 0.234191
FixedParameters: 0 0 0

#Transform 137
Transform: AffineTransform_float_3_3
Parameters: 0.999995 -0.00233816 0.00212195 0.00232884 0.999988 0.00430996 -0.00213205 -0.00430503 0.999988 -0.0908267 0.0812198 0.218957
FixedParameters: 0 0 0

#Transform 138
Transform: AffineTransform_float_3_3
Parameters: 0.999993 -0.00264434 0.0029021 0.00262866 0.999982 0.00527667 -0.0029169 -0.00526832 0.999982 -0.103519 0.053493 0.229021
FixedParameters: 0 0 0

#Transform 139
Transform: AffineTransform_float_3_3
Parameters: 0.999992 -0.00272789 0.00286389 0.00271311 0.999983 0.00518981 -0.00287811 -0.00518219 0.999983 -0.0994047 0.0411149 0.187121
FixedParameters: 0 0 0

#Transform 140
Transform: AffineTransform_float_3_3
Parameters: 0.999993 -0.00192303 0.00313902 0.00190497 0.999981 0.00573801 -0.00314998 -0.00573198 0.999978 -0.105607 0.0465951 0.209538
FixedParameters: 0 0 0

#Transform 141
Transform: AffineTransform_float_3_3
Parameters: 0.999993 -0.00180062 0.0032969 0.00178138 0.999982 0.00564091 -0.00330709 -0.00563508 0.999978 -0.108029 0.0183325 0.17023
FixedParameters: 0 0 0

#Transform 142
Transform: AffineTransform_float_3_3
Parameters: 0.999991 -0.00206115 0.00355983 0.00203984 0.999981 0.00593631 -0.00357216 -0.00592869 0.999976 -0.112392 0.00955405 0.152253
FixedParameters: 0 0 0

#Transform 143
Transform: AffineTransform_float_3_3
Parameters: 0.99999 -0.00249478 0.00389477 0.00247422 0.999982 0.00533169 -0.00390824 -0.00532131 0.999978 -0.102168 0.0264869 0.145799
FixedParameters: 0 0 0

#Transform 144
Transform: AffineTransform_float_3_3
Parameters: 0.999987 -0.00296512 0.00428579 0.00294289 0.999983 0.00515668 -0.00430121 -0.00514432 0.999977 -0.0996178 0.00718384 0.103189
FixedParameters: 0 0 0

#Transform 145
Transform: AffineTransform_float_3_3
Parameters: 0.999987 -0.00303321 0.00396538 0.00301379 0.999983 0.00484101 -0.00397962 -0.00482899 0.999981 -0.0922343 0.031988 0.114272
FixedParameters: 0 0 0

#Transform 146
Transform: AffineTransform_float_3_3
Parameters: 0.999991 -0.00243752 0.00344236 0.00242148 0.999985 0.00479537 -0.00345364 -0.00478662 0.999982 -0.103682 0.0180564 0.118896
FixedParameters: 0 0 0

#Transform 147
Transform: AffineTransform_float_3_3
Parameters: 0.999991 -0.00254652 0.00340322 0.00252748 0.999982 0.00543465 -0.00341678 -0.00542535 0.99998 -0.089804 0.0372167 0.133692
FixedParameters: 0 0 0

#Transform 148
Transform: AffineTransform_float_3_3
Parameters: 0.999991 -0.0025468 0.00334477 0.0025272 0.999981 0.0056135 -0.00335923 -0.00560449 0.999978 -0.107233 0.0317295 0.143132
FixedParameters: 0 0 0

#Transform 149
Transform: AffineTransform_float_3_3
Parameters: 0.999991 -0.0025487 0.00343775 0.0025273 0.999978 0.00601274 -0.00345225 -0.00600425 0.999976 -0.0981249 0.0371118 0.142956
FixedParameters: 0 0 0

#Transform 150
Transform: AffineTransform_float_3_3
Parameters: 0.99999 -0.00255011 0.00352712 0.00252789 0.999977 0.00625798 -0.00354288 -0.00624903 0.999974 -0.116886 0.0301843 0.149123
FixedParameters: 0 0 0

#Transform 151
Transform: AffineTransform_float_3_3
Parameters: 0.99999 -0.00254906 0.00370459 0.00252793 0.99998 0.00568042 -0.00371841 -0.00567058 0.999977 -0.113951 0.0207815 0.129204
FixedParameters: 0 0 0

#Transform 152
Transform: AffineTransform_float_3_3
Parameters: 0.999989 -0.00254944 0.00391111 0.00252756 0.999982 0.00547695 -0.00392489 -0.00546705 0.999978 -0.120613 0.0266343 0.142048
FixedParameters: 0 0 0

#Transform 153
Transform: AffineTransform_float_3_3
Parameters: 0.999992 -0.00234052 0.00329251 0.00231948 0.999978 0.00622369 -0.00330649 -0.00621631 0.999975 -0.101499 0.0171636 0.14862
FixedParameters: 0 0 0

#Transform 154
Transform: AffineTransform_float_3_3
Parameters: 0.999991 -0.00242751 0.00329197 0.00240648 0.999978 0.00622197 -0.00330702 -0.00621302 0.999975 -0.10055 0.0234224 0.184656
FixedParameters: 0 0 0

#Transform 155
Transform: AffineTransform_float_3_3
Parameters: 0.999991 -0.00258805 0.00329212 0.00256896 0.99998 0.00577651 -0.00330689 -0.00576849 0.999978 -0.0990266 0.0180369 0.151692
FixedParameters: 0 0 0

#Transform 156
Transform: AffineTransform_float_3_3
Parameters: 0.999991 -0.00239633 0.00343855 0.00237368 0.999976 0.00648222 -0.00345345 -0.00647378 0.999973 -0.105172 0.0305127 0.135889
FixedParameters: 0 0 0

#Transform 157
Transform: AffineTransform_float_3_3
Parameters: 0.999993 -0.00212161 0.00329509 0.00210339 0.999982 0.00564197 -0.00330691 -0.00563502 0.999978 -0.103591 0.028879 0.141748
FixedParameters: 0 0 0

#Transform 158
Transform: AffineTransform_float_3_3
Parameters: 0.999992 -0.00236036 0.00329321 0.00234064 0.99998 0.00587076 -0.00330679 -0.00586325 0.999978 -0.101289 0.0221059 0.150652
FixedParameters: 0 0 0

#Transform 159
Transform: AffineTransform_float_3_3
Parameters: 0.99999 -0.00254152 0.00349015 0.00252048 0.999979 0.00587185 -0.00350485 -0.00586314 0.999976 -0.105175 0.0219991 0.15941
FixedParameters: 0 0 0

#Transform 160
Transform: AffineTransform_float_3_3
Parameters: 0.99999 -0.00292239 0.0034036 0.00290261 0.999978 0.00597994 -0.00342141 -0.00597006 0.999977 -0.0991728 0.0124007 0.160469
FixedParameters: 0 0 0

#Transform 161
Transform: AffineTransform_float_3_3
Parameters: 0.999989 -0.0028325 0.00355376 0.0028115 0.99998 0.00576005 -0.00357024 -0.00574995 0.999977 -0.104224 0.024925 0.168072
FixedParameters: 0 0 0

#Transform 162
Transform: AffineTransform_float_3_3
Parameters: 0.99999 -0.00294983 0.00328844 0.00292918 0.999975 0.00631969 -0.00330656 -0.0063103 0.999974 -0.095545 0.00888755 0.168258
FixedParameters: 0 0 0

#Transform 163
Transform: AffineTransform_float_3_3
Parameters: 0.99999 -0.00296188 0.00328921 0.00294113 0.999978 0.00603074 -0.00330679 -0.00602127 0.999977 -0.0953248 0.0469564 0.193547
FixedParameters: 0 0 0

#Transform 164
Transform: AffineTransform_float_3_3
Parameters: 0.99999 -0.00296242 0.00328872 0.00294158 0.999977 0.00619774 -0.00330728 -0.00618727 0.999976 -0.095439 0.046471 0.160081
FixedParameters: 0 0 0

#Transform 165
Transform: AffineTransform_float_3_3
Parameters: 0.999989 -0.00296573 0.00377146 0.00294127 0.999976 0.00628317 -0.00378954 -0.00627183 0.999973 -0.109183 0.0440209 0.158702
FixedParameters: 0 0 0

#Transform 166
Transform: AffineTransform_float_3_3
Parameters: 0.99999 -0.00307059 0.00328881 0.0030514 0.999977 0.00594609 -0.00330719 -0.0059359 0.999977 -0.107081 0.0369333 0.16509
FixedParameters: 0 0 0

#Transform 167
Transform: AffineTransform_float_3_3
Parameters: 0.99999 -0.00295919 0.0035156 0.00294181 0.999983 0.00488439 -0.0035304 -0.0048736 0.999982 -0.121478 0.0343812 0.0888255
FixedParameters: 0 0 0

#Transform 168
Transform: AffineTransform_float_3_3
Parameters: 0.999986 -0.00296622 0.00441418 0.00293478 0.999971 0.00706206 -0.00443482 -0.00704895 0.999966 -0.11238 0.0181664 0.215668
FixedParameters: 0 0 0

#Transform 169
Transform: AffineTransform_float_3_3
Parameters: 0.999985 -0.00341086 0.0042269 0.00337714 0.999963 0.0079914 -0.0042541 -0.00797661 0.999959 -0.0908061 -0.00825845 0.266229
FixedParameters: 0 0 0

#Transform 170
Transform: AffineTransform_float_3_3
Parameters: 0.999987 -0.00352789 0.003664 0.00350711 0.999977 0.00569192 -0.003684 -0.00567908 0.999977 -0.0856596 0.0565538 0.183067
FixedParameters: 0 0 0

#Transform 171
Transform: AffineTransform_float_3_3
Parameters: 0.999989 -0.00280305 0.003718 0.00277896 0.999976 0.00645641 -0.00373601 -0.0064466 0.999972 -0.0909052 0.0310531 0.217705
FixedParameters: 0 0 0

#Transform 172
Transform: AffineTransform_float_3_3
Parameters: 0.999988 -0.00301817 0.00398281 0.00298982 0.99997 0.00706099 -0.0040042 -0.007049 0.999967 -0.0997756 0.00548601 0.163594
FixedParameters: 0 0 0

#Transform 173
Transform: AffineTransform_float_3_3
Parameters: 0.999989 -0.00269042 0.00364236 0.00266559 0.999972 0.00696478 -0.00366064 -0.00695522 0.999969 -0.087862 0.00951537 0.162259
FixedParameters: 0 0 0

#Transform 174
Transform: AffineTransform_float_3_3
Parameters: 0.999987 -0.00315093 0.00398363 0.00312507 0.999974 0.00649853 -0.00400437 -0.00648547 0.999971 -0.0985965 0.00538709 0.168982
FixedParameters: 0 0 0

#Transform 175
Transform: AffineTransform_float_3_3
Parameters: 0.99999 -0.0029989 0.00348814 0.0029781 0.999977 0.00598145 -0.00350586 -0.00597055 0.999976 -0.0858091 0.0202899 0.167256
FixedParameters: 0 0 0

#Transform 176
Transform: AffineTransform_float_3_3
Parameters: 0.99999 -0.00308634 0.00320951 0.00306666 0.999977 0.0060139 -0.00322749 -0.0060041 0.999977 -0.0615739 0.0194685 0.195756
FixedParameters: 0 0 0

#Transform 177
Transform: AffineTransform_float_3_3
Parameters: 0.999988 -0.00315241 0.00374157 0.00312759 0.999974 0.00651278 -0.00376143 -0.00650122 0.999972 -0.0743525 0.0248626 0.194172
FixedParameters: 0 0 0

#Transform 178
Transform: AffineTransform_float_3_3
Parameters: 0.99999 -0.00272217 0.00373924 0.00269882 0.999977 0.00618816 -0.00375676 -0.00617784 0.999974 -0.0766883 0.0288898 0.210031
FixedParameters: 0 0 0

#Transform 179
Transform: AffineTransform_float_3_3
Parameters: 0.999989 -0.00321954 0.00358779 0.00319846 0.999977 0.00599254 -0.00360721 -0.00598145 0.999975 -0.0716585 0.0233133 0.211046
FixedParameters: 0 0 0
