# transform file /out/sourcedata/freesurfer/sub-v2s12x28855_ses-1/mri/transforms/cc_up.lta
# created by oesteban on Tue Mar 10 23:49:20 2026

type      = 0 # LINEAR_VOX_TO_VOX
nxforms   = 1
mean      = 128.0000 112.0000 113.0000
sigma     = 10000.0000
1 4 4
9.999307990074158e-01 -2.761594951152802e-03 -1.143621746450663e-02 2.463725805282593e+00 
2.761414274573326e-03 9.999961853027344e-01 -3.158231993438676e-05 3.565020370483398e+01 
1.143626123666763e-02 0.000000000000000e+00 9.999346137046814e-01 2.154302406311035e+01 
0.000000000000000e+00 0.000000000000000e+00 0.000000000000000e+00 1.000000000000000e+00 
src volume info
valid = 1  # volume info valid
filename = /out/sourcedata/freesurfer/sub-v2s12x28855_ses-1/mri/norm.mgz
volume = 256 256 256
voxelsize = 1.000000000000000e+00 1.000000000000000e+00 1.000000000000000e+00
xras   = -1.000000000000000e+00 0.000000000000000e+00 0.000000000000000e+00
yras   = 0.000000000000000e+00 0.000000000000000e+00 -1.000000000000000e+00
zras   = 0.000000000000000e+00 1.000000000000000e+00 0.000000000000000e+00
cras   = 1.437202453613281e+00 2.628100585937500e+01 -1.856300354003906e+01
dst volume info
valid = 1  # volume info valid
filename = /out/sourcedata/freesurfer/sub-v2s12x28855_ses-1/mri/norm.mgz
volume = 256 256 256
voxelsize = 1.000000000000000e+00 1.000000000000000e+00 1.000000000000000e+00
xras   = -1.000000000000000e+00 0.000000000000000e+00 0.000000000000000e+00
yras   = 0.000000000000000e+00 0.000000000000000e+00 -1.000000000000000e+00
zras   = 0.000000000000000e+00 1.000000000000000e+00 0.000000000000000e+00
cras   = 1.437202453613281e+00 2.628100585937500e+01 -1.856300354003906e+01
