# transform file /out/sourcedata/freesurfer/sub-v2s12x28875_ses-1/mri/transforms/cc_up.lta
# created by oesteban on Wed Mar 11 00:21:29 2026

type      = 0 # LINEAR_VOX_TO_VOX
nxforms   = 1
mean      = 124.0000 94.0000 127.0000
sigma     = 10000.0000
1 4 4
9.978010058403015e-01 -5.074448417872190e-04 -6.627899408340454e-02 1.446610355377197e+01 
5.063290009275079e-04 9.999998807907104e-01 -3.363293217262253e-05 4.694135665893555e+01 
6.627900153398514e-02 -3.637978807091713e-12 9.978011250495911e-01 -2.948132991790771e+00 
0.000000000000000e+00 0.000000000000000e+00 0.000000000000000e+00 1.000000000000000e+00 
src volume info
valid = 1  # volume info valid
filename = /out/sourcedata/freesurfer/sub-v2s12x28875_ses-1/mri/norm.mgz
volume = 256 256 256
voxelsize = 1.000000000000000e+00 1.000000000000000e+00 1.000000000000000e+00
xras   = -1.000000000000000e+00 0.000000000000000e+00 0.000000000000000e+00
yras   = 0.000000000000000e+00 0.000000000000000e+00 -1.000000000000000e+00
zras   = 0.000000000000000e+00 1.000000000000000e+00 0.000000000000000e+00
cras   = -6.062797546386719e+00 5.000000000000000e-01 -1.309399414062500e+01
dst volume info
valid = 1  # volume info valid
filename = /out/sourcedata/freesurfer/sub-v2s12x28875_ses-1/mri/norm.mgz
volume = 256 256 256
voxelsize = 1.000000000000000e+00 1.000000000000000e+00 1.000000000000000e+00
xras   = -1.000000000000000e+00 0.000000000000000e+00 0.000000000000000e+00
yras   = 0.000000000000000e+00 0.000000000000000e+00 -1.000000000000000e+00
zras   = 0.000000000000000e+00 1.000000000000000e+00 0.000000000000000e+00
cras   = -6.062797546386719e+00 5.000000000000000e-01 -1.309399414062500e+01
