#Insight Transform File V1.0
#Transform 0
Transform: AffineTransform_float_3_3
Parameters: 0.999999 -0.000445865 0.000603361 0.000445135 0.999999 0.00143427 -0.000603639 -0.00143373 0.999999 0.0195427 -0.00391564 0.00798759
FixedParameters: 0 0 0

#Transform 1
Transform: AffineTransform_float_3_3
Parameters: 0.999999 -0.000445792 0.000723512 0.000445207 1 0.00109532 -0.000724488 -0.00109468 0.999999 0.0190313 -0.00276911 0.00542232
FixedParameters: 0 0 0

#Transform 2
Transform: AffineTransform_float_3_3
Parameters: 0.999999 0.000121211 0.000724132 -0.000121789 1 0.00108891 -0.000724868 -0.00108909 0.999999 0.0152831 -0.00424061 -0.00527893
FixedParameters: 0 0 0

#Transform 3
Transform: AffineTransform_float_3_3
Parameters: 0.999999 -5.88622e-05 0.00072393 5.81377e-05 1 0.00119104 -0.00072407 -0.00119096 0.999999 0.0261043 -0.00414112 0.0240343
FixedParameters: 0 0 0

#Transform 4
Transform: AffineTransform_float_3_3
Parameters: 0.999999 -0.000114494 0.000723921 0.000113505 1 0.000683082 -0.000724077 -0.000682917 0.999999 0.0168789 -0.00216662 0.00265668
FixedParameters: 0 0 0

#Transform 5
Transform: AffineTransform_float_3_3
Parameters: 0.999999 -0.000102662 0.000801916 0.000102338 0.999999 0.000825082 -0.000802085 -0.000824918 1 0.0165255 -0.00260964 -0.000493214
FixedParameters: 0 0 0

#Transform 6
Transform: AffineTransform_float_3_3
Parameters: 1 -6.14771e-05 0.000631953 6.05228e-05 0.999999 0.000755038 -0.000632045 -0.000754961 0.999999 0.0169468 -0.00251558 0.00328847
FixedParameters: 0 0 0

#Transform 7
Transform: AffineTransform_float_3_3
Parameters: 0.999999 -2.23844e-05 0.000723988 2.26155e-05 1 0.000531016 -0.000724012 -0.000530984 0.999999 0.0161851 -0.00177928 -0.0292906
FixedParameters: 0 0 0

#Transform 8
Transform: AffineTransform_float_3_3
Parameters: 1 3.17595e-05 0.000482016 -3.22405e-05 1 0.000498984 -0.000481984 -0.000499015 1 0.0168272 -0.00180831 -0.0201151
FixedParameters: 0 0 0

#Transform 9
Transform: AffineTransform_float_3_3
Parameters: 0.999999 2.97973e-05 0.000724008 -2.92027e-05 1 0.000279979 -0.000723991 -0.000280022 0.999999 0.0158596 -0.000999753 -0.00450012
FixedParameters: 0 0 0

#Transform 10
Transform: AffineTransform_float_3_3
Parameters: 1 9.98757e-05 0.000444028 -0.000100124 1 0.000279956 -0.000443972 -0.000280044 1 0.0109191 -0.00494467 0.000167216
FixedParameters: 0 0 0

#Transform 11
Transform: AffineTransform_float_3_3
Parameters: 0.999999 8.86705e-05 0.00072404 -8.83298e-05 1 0.000454936 -0.000724959 -0.000455064 0.999999 0.00826957 -0.00180159 0.000569871
FixedParameters: 0 0 0

#Transform 12
Transform: AffineTransform_float_3_3
Parameters: 1 6.88581e-05 0.000307032 -6.91423e-05 1 0.000461979 -0.000307968 -0.000462021 1 0.00963652 0.0117863 0.00169745
FixedParameters: 0 0 0

#Transform 13
Transform: AffineTransform_float_3_3
Parameters: 1 0.000291944 0.000150108 -0.000292056 1 0.000370956 -0.000150892 -0.000371044 1 0.0162729 -0.00201279 0.0135387
FixedParameters: 0 0 0

#Transform 14
Transform: AffineTransform_float_3_3
Parameters: 1 0.000204914 0.000307057 -0.000205086 1 0.000279937 -0.000307943 -0.000280063 1 0.00909362 -0.00147008 0.00049681
FixedParameters: 0 0 0

#Transform 15
Transform: AffineTransform_float_3_3
Parameters: 1 0.000204914 0.000307057 -0.000205086 1 0.000279937 -0.000307943 -0.000280063 1 0.0163012 -0.00146282 0.0316866
FixedParameters: 0 0 0

#Transform 16
Transform: AffineTransform_float_3_3
Parameters: 1 -1.80226e-05 0.000250998 1.79774e-05 1 9.00045e-05 -0.000251002 -8.99955e-05 1 0.0179796 -0.000296787 0.00625697
FixedParameters: 0 0 0

#Transform 17
Transform: AffineTransform_float_3_3
Parameters: 1 -6.50859e-05 0.000306982 6.4914e-05 1 0.00028002 -0.000307018 -0.00027998 1 0.0180929 0.0254946 -0.00863805
FixedParameters: 0 0 0

#Transform 18
Transform: AffineTransform_float_3_3
Parameters: 1 -0.000232942 0.000229058 0.000233057 1 -0.000250947 -0.000228941 0.000251053 1 0.00558551 0.00962969 0.00601118
FixedParameters: 0 0 0

#Transform 19
Transform: AffineTransform_float_3_3
Parameters: 1 -0.000233049 0.000173935 0.000232951 1 0.00028004 -0.000174065 -0.000279959 1 0.00626444 0.00175968 -0.00833875
FixedParameters: 0 0 0

#Transform 20
Transform: AffineTransform_float_3_3
Parameters: 1 1.5914e-05 0.000307004 -1.6086e-05 1 0.000279995 -0.000306995 -0.000280005 1 -0.00212727 0.00769861 0.00296114
FixedParameters: 0 0 0

#Transform 21
Transform: AffineTransform_float_3_3
Parameters: 1 5.8031e-05 0.000306994 -5.7969e-05 1 -0.000101018 -0.000307006 0.000100982 1 0.000420706 0.000290729 0.00499616
FixedParameters: 0 0 0

#Transform 22
Transform: AffineTransform_float_3_3
Parameters: 1 -0.000233086 0.000306935 0.000232914 1 0.000280071 -0.000307065 -0.000279928 1 0.0192111 0.0105149 0.0102758
FixedParameters: 0 0 0

#Transform 23
Transform: AffineTransform_float_3_3
Parameters: 1 4.79411e-05 0.000483006 -4.80589e-05 1 0.000121977 -0.000482994 -0.000122023 1 0.00459654 0.00994573 0.0232975
FixedParameters: 0 0 0

#Transform 24
Transform: AffineTransform_float_3_3
Parameters: 1 0.000121999 0.000137001 -0.000122001 1 4.98329e-06 -0.000136999 -5.01671e-06 1 0.00473833 0.0259607 0.0160732
FixedParameters: 0 0 0

#Transform 25
Transform: AffineTransform_float_3_3
Parameters: 1 -4.70227e-05 0.000306996 4.69773e-05 1 7.40144e-05 -0.000307003 -7.39856e-05 1 0.0017537 0.0166941 -0.00168611
FixedParameters: 0 0 0

#Transform 26
Transform: AffineTransform_float_3_3
Parameters: 1 0.000356998 0.000307002 -0.000357002 1 5.8904e-06 -0.000306998 -6.1096e-06 1 0.00791847 0.00890956 0.015651
FixedParameters: 0 0 0

#Transform 27
Transform: AffineTransform_float_3_3
Parameters: 1 0.000134016 0.000306993 -0.000133984 1 -5.10411e-05 -0.000307007 5.09589e-05 1 0.0167193 0.00794504 0.0152405
FixedParameters: 0 0 0

#Transform 28
Transform: AffineTransform_float_3_3
Parameters: 1 0.000109914 0.000307031 -0.000110086 1 0.000279966 -0.000307969 -0.000280034 1 0.0169161 0.0173849 0.0174111
FixedParameters: 0 0 0

#Transform 29
Transform: AffineTransform_float_3_3
Parameters: 1 0.000242974 0.000177036 -0.000243026 1 0.000148957 -0.000176964 -0.000149043 1 0.00764294 0.014291 0.0256145
FixedParameters: 0 0 0

#Transform 30
Transform: AffineTransform_float_3_3
Parameters: 1 -0.000233043 0.000217954 0.000232957 1 0.000196051 -0.000218046 -0.000195949 1 0.00988811 0.0144029 0.0215492
FixedParameters: 0 0 0

#Transform 31
Transform: AffineTransform_float_3_3
Parameters: 1 -0.000233041 0.000306969 0.000232959 1 0.000133072 -0.000307031 -0.000132928 1 0.0192085 0.0110535 0.00214789
FixedParameters: 0 0 0

#Transform 32
Transform: AffineTransform_float_3_3
Parameters: 1 -0.000232861 0.000307105 0.000233139 1 -0.000452928 -0.000307894 0.000453072 1 0.0113066 -0.000425827 0.029779
FixedParameters: 0 0 0

#Transform 33
Transform: AffineTransform_float_3_3
Parameters: 1 -7.79589e-05 0.00030701 7.80411e-05 1 -0.000133976 -0.00030699 0.000134024 1 0.00918928 0.0102807 0.0147119
FixedParameters: 0 0 0

#Transform 34
Transform: AffineTransform_float_3_3
Parameters: 1 -0.000232992 0.000193009 0.000233008 1 -3.9955e-05 -0.000192991 4.0045e-05 1 0.0196716 0.0165859 0.0155938
FixedParameters: 0 0 0

#Transform 35
Transform: AffineTransform_float_3_3
Parameters: 1 -0.000233001 0.000306999 0.000232999 1 3.07153e-06 -0.000307001 -2.92847e-06 1 0.0192175 0.0196784 0.038014
FixedParameters: 0 0 0

#Transform 36
Transform: AffineTransform_float_3_3
Parameters: 1 -1.19094e-05 0.000307003 1.20906e-05 1 -0.000294996 -0.000306996 0.000295004 1 0.0176942 0.00948809 0.0345998
FixedParameters: 0 0 0

#Transform 37
Transform: AffineTransform_float_3_3
Parameters: 1 -4.18729e-05 0.000307017 4.11271e-05 1 -0.000413987 -0.000306983 0.000414013 1 0.0179529 0.027799 0.0128201
FixedParameters: 0 0 0

#Transform 38
Transform: AffineTransform_float_3_3
Parameters: 1 -0.000232883 0.000186146 0.000233117 1 -0.000627956 -0.000185854 0.000628043 1 0.019685 0.0145214 0.036648
FixedParameters: 0 0 0

#Transform 39
Transform: AffineTransform_float_3_3
Parameters: 1 -0.000232842 0.00030712 0.000233159 1 -0.000514928 -0.00030788 0.000515072 1 0.0192235 0.00580525 0.0472426
FixedParameters: 0 0 0

#Transform 40
Transform: AffineTransform_float_3_3
Parameters: 1 -0.000232832 0.000307127 0.000233168 1 -0.000546928 -0.000307872 0.000547072 1 0.0192291 0.0164846 0.0343718
FixedParameters: 0 0 0

#Transform 41
Transform: AffineTransform_float_3_3
Parameters: 1 -0.000232654 0.000307262 0.000232347 1 -0.00112593 -0.000307739 0.00112607 1 0.0192375 -0.00768081 0.043239
FixedParameters: 0 0 0

#Transform 42
Transform: AffineTransform_float_3_3
Parameters: 1 -0.000232665 0.000307254 0.000232336 1 -0.00109193 -0.000307747 0.00109207 1 0.0192065 0.00378381 0.0261969
FixedParameters: 0 0 0

#Transform 43
Transform: AffineTransform_float_3_3
Parameters: 1 -0.000232765 0.000194282 0.000232234 0.999999 -0.00120896 -0.000193719 0.00120905 1 0.0197098 0.00647592 0.0526104
FixedParameters: 0 0 0

#Transform 44
Transform: AffineTransform_float_3_3
Parameters: 1 -0.000232778 0.000307168 0.000232222 0.999999 -0.000720928 -0.000307833 0.000721071 0.999999 0.0312772 0.0144623 0.0332393
FixedParameters: 0 0 0

#Transform 45
Transform: AffineTransform_float_3_3
Parameters: 1 -0.000427725 0.000307384 0.000428277 1 -0.000897869 -0.000307616 0.000897133 1 0.035252 0.0167543 0.0415758
FixedParameters: 0 0 0

#Transform 46
Transform: AffineTransform_float_3_3
Parameters: 1 -0.000521723 0.000307471 0.000522278 1 -0.00090184 -0.000307529 0.000902162 1 0.0409541 0.0153374 0.044987
FixedParameters: 0 0 0

#Transform 47
Transform: AffineTransform_float_3_3
Parameters: 1 -0.000356682 0.000511221 0.000356317 0.999999 -0.000620818 -0.000510779 0.000621182 0.999999 0.030695 0.0224346 0.0334844
FixedParameters: 0 0 0

#Transform 48
Transform: AffineTransform_float_3_3
Parameters: 1 -0.000320461 0.000418413 0.000321539 0.999999 -0.00128887 -0.000417586 0.00128913 0.999999 0.0194241 0.0172368 0.0469875
FixedParameters: 0 0 0

#Transform 49
Transform: AffineTransform_float_3_3
Parameters: 0.999999 -0.000507212 0.000756529 0.000507788 1 -0.00104162 -0.000756471 0.00104238 0.999999 0.0248676 0.0216355 0.0144765
FixedParameters: 0 0 0

#Transform 50
Transform: AffineTransform_float_3_3
Parameters: 1 -0.000525579 0.000404548 0.000525422 1 -0.00104179 -0.000404453 0.00104221 1 0.0341616 0.0229936 0.0262236
FixedParameters: 0 0 0

#Transform 51
Transform: AffineTransform_float_3_3
Parameters: 1 -0.000473519 0.000319713 0.000473481 0.999999 -0.00150585 -0.000319287 0.00150615 0.999999 0.0405563 0.0328856 0.0280105
FixedParameters: 0 0 0

#Transform 52
Transform: AffineTransform_float_3_3
Parameters: 0.999999 -0.000661384 0.000521781 0.000661616 0.999999 -0.00118066 -0.000521219 0.00118135 0.999999 0.0410601 0.032254 0.0113241
FixedParameters: 0 0 0

#Transform 53
Transform: AffineTransform_float_3_3
Parameters: 0.999999 -0.000661339 0.000409072 0.000661662 0.999999 -0.00161973 -0.000407929 0.00161927 0.999998 0.0393013 0.0337271 0.0179356
FixedParameters: 0 0 0

#Transform 54
Transform: AffineTransform_float_3_3
Parameters: 1 -0.000516374 0.000451717 0.000517627 0.999999 -0.00138777 -0.000451282 0.00138723 0.999999 0.0341655 0.0233976 0.0100116
FixedParameters: 0 0 0

#Transform 55
Transform: AffineTransform_float_3_3
Parameters: 1 -0.000345483 0.000428418 0.000345517 0.999999 -0.00120785 -0.000427583 0.00120815 0.999999 0.0392917 0.0314587 0.0213706
FixedParameters: 0 0 0

#Transform 56
Transform: AffineTransform_float_3_3
Parameters: 0.999999 -0.000661557 0.000580504 0.000661442 0.999999 -0.000762616 -0.000580495 0.000763384 0.999999 0.0359568 0.0308014 0.0238121
FixedParameters: 0 0 0

#Transform 57
Transform: AffineTransform_float_3_3
Parameters: 1 -0.000511472 0.000437618 0.000512528 0.999999 -0.00120678 -0.000437382 0.00120722 0.999999 0.0273654 0.0319843 0.0212688
FixedParameters: 0 0 0

#Transform 58
Transform: AffineTransform_float_3_3
Parameters: 0.999999 -0.000661027 0.00075685 0.000661972 0.999999 -0.0012855 -0.000756149 0.0012865 0.999999 0.0330552 0.032666 0.00342798
FixedParameters: 0 0 0

#Transform 59
Transform: AffineTransform_float_3_3
Parameters: 1 -0.000514624 0.000361536 0.000515376 1 -0.00104181 -0.000360463 0.00104219 1 0.0358448 0.0313827 -0.0150662
FixedParameters: 0 0 0

#Transform 60
Transform: AffineTransform_float_3_3
Parameters: 1 -0.000488344 0.000506633 0.000489655 0.999999 -0.00129575 -0.000505366 0.00129625 0.999999 0.0242107 0.0322532 -0.0171516
FixedParameters: 0 0 0

#Transform 61
Transform: AffineTransform_float_3_3
Parameters: 1 -0.000457208 0.000493734 0.000457792 0.999998 -0.00160477 -0.000493266 0.00160522 0.999998 0.0322321 0.0212903 0.01889
FixedParameters: 0 0 0

#Transform 62
Transform: AffineTransform_float_3_3
Parameters: 0.999999 -0.000661198 0.000519022 0.0006618 0.999998 -0.00154466 -0.000517978 0.00154534 0.999998 0.0265981 0.0336134 0.00158854
FixedParameters: 0 0 0

#Transform 63
Transform: AffineTransform_float_3_3
Parameters: 0.999999 -0.000661528 0.000366852 0.000661472 0.999999 -0.00128676 -0.000366149 0.00128724 0.999999 0.0240639 0.0287061 0.0456005
FixedParameters: 0 0 0

#Transform 64
Transform: AffineTransform_float_3_3
Parameters: 1 -0.000411363 0.000529496 0.000411637 0.999999 -0.00120478 -0.000528505 0.00120422 0.999999 0.0180601 0.0277797 0.0383141
FixedParameters: 0 0 0

#Transform 65
Transform: AffineTransform_float_3_3
Parameters: 1 -0.000357292 0.000465544 0.000357707 0.999999 -0.00152183 -0.000464456 0.00152217 0.999998 0.0161701 0.0294925 0.046098
FixedParameters: 0 0 0

#Transform 66
Transform: AffineTransform_float_3_3
Parameters: 1 -0.000660796 0.000757053 0.000661205 0.999998 -0.0015905 -0.00075695 0.0015915 0.999999 0.0216236 0.037813 0.0196473
FixedParameters: 0 0 0

#Transform 67
Transform: AffineTransform_float_3_3
Parameters: 1 -0.000660776 0.000757071 0.000661227 0.999999 -0.0016185 -0.000756931 0.0016195 0.999999 0.0158253 0.0534832 0.0264021
FixedParameters: 0 0 0

#Transform 68
Transform: AffineTransform_float_3_3
Parameters: 0.999999 -0.000660675 0.000757158 0.000661326 0.999998 -0.0017505 -0.000756843 0.0017515 0.999998 0.0149642 0.0329539 0.0102812
FixedParameters: 0 0 0

#Transform 69
Transform: AffineTransform_float_3_3
Parameters: 0.999999 -0.000661112 0.000618949 0.000661887 0.999999 -0.00143459 -0.00061805 0.00143541 0.999999 0.0140182 0.0381239 -0.00362631
FixedParameters: 0 0 0

#Transform 70
Transform: AffineTransform_float_3_3
Parameters: 0.999999 -0.000660563 0.000632503 0.000661437 0.999997 -0.00227358 -0.000631497 0.00227442 0.999997 0.0206681 0.0269512 0.0352375
FixedParameters: 0 0 0

#Transform 71
Transform: AffineTransform_float_3_3
Parameters: 0.999999 -0.000491853 0.000757398 0.000494148 0.999996 -0.00283663 -0.000756601 0.00283737 0.999995 0.0390789 0.0251116 0.0545161
FixedParameters: 0 0 0

#Transform 72
Transform: AffineTransform_float_3_3
Parameters: 0.999999 -0.000675787 0.000484695 0.000677213 0.999996 -0.00250667 -0.000483304 0.00250633 0.999996 0.035491 0.0362904 0.0467393
FixedParameters: 0 0 0

#Transform 73
Transform: AffineTransform_float_3_3
Parameters: 0.999999 -0.000556964 0.000456267 0.000558037 0.999998 -0.00227275 -0.000455733 0.00227326 0.999998 0.0318065 0.0383699 0.0543236
FixedParameters: 0 0 0

#Transform 74
Transform: AffineTransform_float_3_3
Parameters: 0.999999 -0.000556913 0.000625968 0.000557086 0.999999 -0.00173665 -0.000625033 0.00173735 0.999999 0.0268382 0.0547484 0.0334094
FixedParameters: 0 0 0

#Transform 75
Transform: AffineTransform_float_3_3
Parameters: 0.999999 -0.000636132 0.000499108 0.000636869 0.999999 -0.00174068 -0.000498892 0.00174132 0.999999 0.0265501 0.043458 0.0294178
FixedParameters: 0 0 0

#Transform 76
Transform: AffineTransform_float_3_3
Parameters: 0.999999 -0.000980398 0.000758078 0.000981606 0.999998 -0.00211726 -0.000756924 0.00211775 0.999998 0.0159 0.0368972 0.0304745
FixedParameters: 0 0 0

#Transform 77
Transform: AffineTransform_float_3_3
Parameters: 0.999999 -0.000980644 0.000757758 0.000981357 0.999998 -0.00179126 -0.000756243 0.00179174 0.999998 0.013315 0.0392879 0.00850289
FixedParameters: 0 0 0

#Transform 78
Transform: AffineTransform_float_3_3
Parameters: 0.999999 -0.000980324 0.000758172 0.000981678 0.999997 -0.00221326 -0.000756828 0.00221474 0.999998 0.019289 0.0266871 0.0291284
FixedParameters: 0 0 0

#Transform 79
Transform: AffineTransform_float_3_3
Parameters: 0.999999 -0.00114364 0.00075805 0.00114436 0.999997 -0.00179113 -0.000756951 0.00179187 0.999998 0.0216441 0.053768 0.0320271
FixedParameters: 0 0 0

#Transform 80
Transform: AffineTransform_float_3_3
Parameters: 1 -0.0009808 0.000588009 0.000981202 0.999998 -0.00204642 -0.000585993 0.00204658 0.999997 0.033848 0.0541687 0.0541685
FixedParameters: 0 0 0

#Transform 81
Transform: AffineTransform_float_3_3
Parameters: 0.999999 -0.00098089 0.000757439 0.000982111 0.999999 -0.00146626 -0.00075656 0.00146774 0.999998 0.0305535 0.0420366 0.0510776
FixedParameters: 0 0 0

#Transform 82
Transform: AffineTransform_float_3_3
Parameters: 0.999999 -0.000980568 0.000757857 0.000981433 0.999997 -0.00189226 -0.000756144 0.00189274 0.999998 0.0322562 0.0367304 0.0741457
FixedParameters: 0 0 0

#Transform 83
Transform: AffineTransform_float_3_3
Parameters: 0.999999 -0.000980127 0.000979877 0.000981873 0.999997 -0.00191304 -0.000978123 0.00191396 0.999997 0.0230101 0.0538334 0.0583615
FixedParameters: 0 0 0

#Transform 84
Transform: AffineTransform_float_3_3
Parameters: 0.999999 -0.000980306 0.000839981 0.000981695 0.999998 -0.00201918 -0.000838019 0.00201982 0.999997 0.0302276 0.051996 0.0735899
FixedParameters: 0 0 0

#Transform 85
Transform: AffineTransform_float_3_3
Parameters: 0.999999 -0.00123728 0.000888398 0.00123972 0.999998 -0.0019369 -0.000885599 0.0019381 0.999997 0.0147156 0.0544736 0.0584611
FixedParameters: 0 0 0

#Transform 86
Transform: AffineTransform_float_3_3
Parameters: 0.999999 -0.00086878 0.00100792 0.00087122 0.999997 -0.00220412 -0.00100608 0.00220488 0.999997 0.0251652 0.0324209 0.0696122
FixedParameters: 0 0 0

#Transform 87
Transform: AffineTransform_float_3_3
Parameters: 0.999999 -0.00086852 0.00116286 0.000870481 0.999998 -0.00213399 -0.00116114 0.00213501 0.999997 0.0192885 0.0214239 0.056385
FixedParameters: 0 0 0

#Transform 88
Transform: AffineTransform_float_3_3
Parameters: 0.999999 -0.000868369 0.00111505 0.000870631 0.999997 -0.00236103 -0.00111295 0.00236197 0.999996 0.0181387 0.0310726 0.0730445
FixedParameters: 0 0 0

#Transform 89
Transform: AffineTransform_float_3_3
Parameters: 1 -0.000869026 0.000808128 0.000870973 0.999996 -0.0024453 -0.000805872 0.0024467 0.999996 0.0172421 0.0204004 0.0793937
FixedParameters: 0 0 0

#Transform 90
Transform: AffineTransform_float_3_3
Parameters: 1 -0.000868934 0.000697582 0.000871065 0.999995 -0.0029674 -0.000694418 0.00296861 0.999996 0.0247577 0.0117801 0.129464
FixedParameters: 0 0 0

#Transform 91
Transform: AffineTransform_float_3_3
Parameters: 0.999999 -0.000868385 0.000915488 0.000870614 0.999995 -0.00286021 -0.000912514 0.00286079 0.999996 0.0333752 -0.00030529 0.114942
FixedParameters: 0 0 0

#Transform 92
Transform: AffineTransform_float_3_3
Parameters: 1 -0.000453239 0.000863455 0.000455762 0.999995 -0.00319961 -0.000862546 0.00320039 0.999994 0.0319623 0.0136857 0.118719
FixedParameters: 0 0 0

#Transform 93
Transform: AffineTransform_float_3_3
Parameters: 0.999999 -0.000443709 0.000801272 0.000445289 0.999996 -0.00286064 -0.000799729 0.00286135 0.999995 0.013215 0.0100819 0.123198
FixedParameters: 0 0 0

#Transform 94
Transform: AffineTransform_float_3_3
Parameters: 1 -0.000862076 0.000581862 0.000863926 0.999994 -0.0033155 -0.00057914 0.0033155 0.999995 0.00430527 0.0168256 0.111183
FixedParameters: 0 0 0

#Transform 95
Transform: AffineTransform_float_3_3
Parameters: 0.999998 -0.000859671 0.0013857 0.000864327 0.999994 -0.00312681 -0.0013823 0.00312719 0.999994 0.00738402 0.0264555 0.13937
FixedParameters: 0 0 0

#Transform 96
Transform: AffineTransform_float_3_3
Parameters: 0.999999 -0.00108593 0.000981409 0.00108907 0.999994 -0.00313493 -0.00097759 0.00313606 0.999994 -0.00487341 0.020205 0.125276
FixedParameters: 0 0 0

#Transform 97
Transform: AffineTransform_float_3_3
Parameters: 1 -0.000861155 0.00082797 0.000863845 0.999993 -0.00344229 -0.000825031 0.00344271 0.999993 0.00194228 0.010609 0.147497
FixedParameters: 0 0 0

#Transform 98
Transform: AffineTransform_float_3_3
Parameters: 0.999998 -0.00046771 0.00160755 0.00047229 0.999995 -0.00329125 -0.00160645 0.00329276 0.999994 0.0190574 0.00600049 0.138762
FixedParameters: 0 0 0

#Transform 99
Transform: AffineTransform_float_3_3
Parameters: 0.999999 -0.000858351 0.00160903 0.000863652 0.999994 -0.00351462 -0.00160598 0.00351539 0.999993 0.0116205 0.0164959 0.137434
FixedParameters: 0 0 0

#Transform 100
Transform: AffineTransform_float_3_3
Parameters: 0.999998 -0.000859234 0.0014648 0.000863766 0.999995 -0.00325574 -0.00146219 0.00325726 0.999993 0.0169014 0.00656955 0.143091
FixedParameters: 0 0 0

#Transform 101
Transform: AffineTransform_float_3_3
Parameters: 0.999999 -0.000857207 0.00160964 0.000863795 0.99999 -0.00422461 -0.00160637 0.00422538 0.99999 -0.000471641 0.00759198 0.132598
FixedParameters: 0 0 0

#Transform 102
Transform: AffineTransform_float_3_3
Parameters: 0.999999 -0.000856103 0.00161022 0.000863897 0.999987 -0.00491061 -0.00160578 0.00491138 0.999986 0.0149533 -0.00766741 0.146748
FixedParameters: 0 0 0

#Transform 103
Transform: AffineTransform_float_3_3
Parameters: 0.999998 -0.000855253 0.001883 0.000863745 0.999989 -0.00464838 -0.001879 0.00465062 0.999988 0.0169249 -0.00865755 0.164684
FixedParameters: 0 0 0

#Transform 104
Transform: AffineTransform_float_3_3
Parameters: 0.999998 -0.000888119 0.00213472 0.000896883 0.999991 -0.0041631 -0.00213128 0.0041649 0.999989 0.0202369 0.00522558 0.137368
FixedParameters: 0 0 0

#Transform 105
Transform: AffineTransform_float_3_3
Parameters: 0.999998 -0.000805861 0.00178969 0.000814141 0.99999 -0.00455155 -0.00178631 0.00455345 0.999988 0.0213791 -0.0091104 0.167964
FixedParameters: 0 0 0

#Transform 106
Transform: AffineTransform_float_3_3
Parameters: 0.999998 -0.000736456 0.00188137 0.000745544 0.99999 -0.00454561 -0.00187763 0.00454639 0.999988 0.0262832 -0.00935436 0.167866
FixedParameters: 0 0 0

#Transform 107
Transform: AffineTransform_float_3_3
Parameters: 0.999998 -0.000716453 0.00177906 0.000723548 0.99999 -0.00424572 -0.00177595 0.00424628 0.99999 0.0232973 -0.0104865 0.170103
FixedParameters: 0 0 0

#Transform 108
Transform: AffineTransform_float_3_3
Parameters: 0.999998 -0.000571829 0.00193873 0.000580172 0.999988 -0.00473288 -0.00193628 0.00473411 0.999987 0.0271759 -0.0208957 0.182367
FixedParameters: 0 0 0

#Transform 109
Transform: AffineTransform_float_3_3
Parameters: 0.999997 -0.000589022 0.00213406 0.000599976 0.999986 -0.00514673 -0.00213094 0.00514826 0.999984 0.0257667 -0.0289586 0.193422
FixedParameters: 0 0 0

#Transform 110
Transform: AffineTransform_float_3_3
Parameters: 0.999998 -0.000680632 0.00213433 0.000690366 0.999988 -0.00486054 -0.00213067 0.00486246 0.999986 0.0193358 -0.0238642 0.168665
FixedParameters: 0 0 0

#Transform 111
Transform: AffineTransform_float_3_3
Parameters: 0.999998 -0.000782471 0.00195344 0.00079153 0.99999 -0.00436846 -0.00195056 0.00437053 0.999988 0.0264659 -0.0168565 0.191524
FixedParameters: 0 0 0

#Transform 112
Transform: AffineTransform_float_3_3
Parameters: 0.999998 -0.000781528 0.00213486 0.000791474 0.999987 -0.00490932 -0.00213114 0.00491067 0.999985 0.0366659 -0.0359361 0.202882
FixedParameters: 0 0 0

#Transform 113
Transform: AffineTransform_float_3_3
Parameters: 0.999997 -0.000545968 0.00213385 0.000557033 0.999987 -0.00517283 -0.00213115 0.00517418 0.999985 0.0211774 -0.0406093 0.199132
FixedParameters: 0 0 0

#Transform 114
Transform: AffineTransform_float_3_3
Parameters: 0.999997 -0.00102548 0.0021356 0.00103452 0.999989 -0.0044618 -0.0021314 0.0044632 0.999988 0.0238827 -0.0239891 0.189689
FixedParameters: 0 0 0

#Transform 115
Transform: AffineTransform_float_3_3
Parameters: 0.999997 -0.000857531 0.00201106 0.000866468 0.999988 -0.00471227 -0.00200694 0.00471373 0.999987 0.0220986 -0.0289209 0.195997
FixedParameters: 0 0 0

#Transform 116
Transform: AffineTransform_float_3_3
Parameters: 0.999998 -0.000717618 0.00213452 0.000728378 0.999988 -0.00486646 -0.00213048 0.00486854 0.999986 0.0242109 -0.0220127 0.191574
FixedParameters: 0 0 0

#Transform 117
Transform: AffineTransform_float_3_3
Parameters: 0.999997 -0.000608447 0.00208281 0.000617555 0.99999 -0.00458973 -0.00208019 0.00459028 0.999988 0.0169917 -0.0289762 0.186878
FixedParameters: 0 0 0

#Transform 118
Transform: AffineTransform_float_3_3
Parameters: 0.999997 -0.000819059 0.00196176 0.000827938 0.99999 -0.00456139 -0.00195724 0.00456261 0.999987 0.0212906 -0.0253337 0.196793
FixedParameters: 0 0 0

#Transform 119
Transform: AffineTransform_float_3_3
Parameters: 0.999998 -0.00054091 0.00196952 0.00055009 0.999989 -0.00461893 -0.00196648 0.00461908 0.999988 0.0267618 -0.0347827 0.222216
FixedParameters: 0 0 0

#Transform 120
Transform: AffineTransform_float_3_3
Parameters: 0.999998 -0.000774311 0.00190455 0.000782686 0.99999 -0.00456552 -0.00190044 0.00456748 0.999988 0.0192519 -0.0367487 0.224327
FixedParameters: 0 0 0

#Transform 121
Transform: AffineTransform_float_3_3
Parameters: 0.999998 -0.000967561 0.00213576 0.00097844 0.999987 -0.00489192 -0.00213124 0.00489407 0.999986 0.0166914 -0.0299155 0.205407
FixedParameters: 0 0 0

#Transform 122
Transform: AffineTransform_float_3_3
Parameters: 0.999998 -0.000719316 0.00198054 0.00072868 0.999988 -0.00489257 -0.00197646 0.00489443 0.999986 0.0144458 -0.030691 0.219914
FixedParameters: 0 0 0

#Transform 123
Transform: AffineTransform_float_3_3
Parameters: 0.999997 -0.000598564 0.00213395 0.000608435 0.999988 -0.00489271 -0.00213105 0.00489429 0.999986 0.0119541 -0.0310089 0.218433
FixedParameters: 0 0 0

#Transform 124
Transform: AffineTransform_float_3_3
Parameters: 0.999998 -0.000664895 0.00186228 0.000674108 0.999988 -0.00489275 -0.00185972 0.00489425 0.999987 0.0122549 -0.0308495 0.238347
FixedParameters: 0 0 0

#Transform 125
Transform: AffineTransform_float_3_3
Parameters: 0.999999 -0.000969995 0.00158991 0.000978006 0.999987 -0.00504245 -0.00158509 0.00504355 0.999986 0.0131309 -0.0230128 0.234358
FixedParameters: 0 0 0

#Transform 126
Transform: AffineTransform_float_3_3
Parameters: 0.999998 -0.000969305 0.00172192 0.000978694 0.999986 -0.00505532 -0.00171707 0.00505767 0.999985 0.0150632 -0.0220002 0.252395
FixedParameters: 0 0 0

#Transform 127
Transform: AffineTransform_float_3_3
Parameters: 0.999998 -0.00096398 0.00213738 0.000978017 0.999978 -0.00656793 -0.00213062 0.00657007 0.999976 0.0289586 -0.0241513 0.226431
FixedParameters: 0 0 0

#Transform 128
Transform: AffineTransform_float_3_3
Parameters: 0.999998 -0.000710828 0.00173263 0.000722174 0.999979 -0.00645576 -0.00172837 0.00645724 0.999977 0.0114644 -0.0280683 0.248362
FixedParameters: 0 0 0

#Transform 129
Transform: AffineTransform_float_3_3
Parameters: 0.999999 -0.000753406 0.00170771 0.00076359 0.999981 -0.00621171 -0.00170229 0.0062133 0.999979 0.0123514 -0.0262073 0.255539
FixedParameters: 0 0 0

#Transform 130
Transform: AffineTransform_float_3_3
Parameters: 0.999998 -0.000972701 0.00171189 0.0009833 0.999982 -0.00602533 -0.0017061 0.00602767 0.99998 0.0118414 -0.0110664 0.250239
FixedParameters: 0 0 0

#Transform 131
Transform: AffineTransform_float_3_3
Parameters: 0.999998 -0.000875781 0.00168236 0.000886224 0.999981 -0.00608352 -0.00167764 0.00608448 0.99998 0.00863563 0.000866399 0.25659
FixedParameters: 0 0 0

#Transform 132
Transform: AffineTransform_float_3_3
Parameters: 0.999999 -0.000719456 0.00172444 0.00072955 0.999981 -0.00612275 -0.00172057 0.00612325 0.99998 0.00842534 -0.00995276 0.247213
FixedParameters: 0 0 0

#Transform 133
Transform: AffineTransform_float_3_3
Parameters: 0.999999 -0.000826202 0.00128604 0.000833798 0.999981 -0.00607493 -0.00128096 0.00607606 0.99998 0.000218123 -0.0264991 0.2513
FixedParameters: 0 0 0

#Transform 134
Transform: AffineTransform_float_3_3
Parameters: 0.999999 -0.000759026 0.00167402 0.000769974 0.999978 -0.00656472 -0.00166898 0.00656628 0.999977 -0.00253002 -0.0359193 0.229843
FixedParameters: 0 0 0

#Transform 135
Transform: AffineTransform_float_3_3
Parameters: 0.999999 -0.00104074 0.00153899 0.00105126 0.999977 -0.0066824 -0.00153201 0.00668361 0.999977 -0.0102863 -0.031495 0.252802
FixedParameters: 0 0 0

#Transform 136
Transform: AffineTransform_float_3_3
Parameters: 0.999999 -0.00081055 0.00158638 0.000821449 0.999978 -0.00659871 -0.00158061 0.00659929 0.999977 -0.0239935 -0.0509984 0.239536
FixedParameters: 0 0 0

#Transform 137
Transform: AffineTransform_float_3_3
Parameters: 0.999999 -0.000783722 0.00119845 0.000792274 0.999975 -0.00692206 -0.00119254 0.00692294 0.999976 -0.0167235 -0.0497882 0.220862
FixedParameters: 0 0 0

#Transform 138
Transform: AffineTransform_float_3_3
Parameters: 0.999999 -0.000783877 0.00118342 0.000792119 0.999976 -0.00687807 -0.00117758 0.00687993 0.999975 -0.0202259 -0.0402979 0.217279
FixedParameters: 0 0 0

#Transform 139
Transform: AffineTransform_float_3_3
Parameters: 0.999999 -0.000707306 0.00137603 0.000716693 0.999975 -0.00705702 -0.00137098 0.00705798 0.999974 -0.0153423 -0.0496523 0.235387
FixedParameters: 0 0 0

#Transform 140
Transform: AffineTransform_float_3_3
Parameters: 0.999999 -0.000782511 0.00133959 0.000792483 0.999974 -0.00709694 -0.00133341 0.00709805 0.999974 -0.0165054 -0.0492006 0.235664
FixedParameters: 0 0 0

#Transform 141
Transform: AffineTransform_float_3_3
Parameters: 0.999999 -0.000698912 0.00125255 0.000707084 0.999979 -0.00646812 -0.00124745 0.00646888 0.999979 -0.0210444 -0.0152843 0.213399
FixedParameters: 0 0 0

#Transform 142
Transform: AffineTransform_float_3_3
Parameters: 0.999998 -0.000830809 0.00141543 0.000840188 0.999979 -0.00650482 -0.00140956 0.00650618 0.999978 -0.0181043 -0.0315169 0.23951
FixedParameters: 0 0 0

#Transform 143
Transform: AffineTransform_float_3_3
Parameters: 0.999999 -0.000640001 0.00123869 0.000649001 0.999974 -0.0072782 -0.00123431 0.0072788 0.999972 -0.0223026 -0.0344371 0.234763
FixedParameters: 0 0 0

#Transform 144
Transform: AffineTransform_float_3_3
Parameters: 0.999999 -0.00054911 0.00119067 0.000556892 0.999978 -0.00663634 -0.00118733 0.00663666 0.999978 -0.0273248 -0.04217 0.236255
FixedParameters: 0 0 0

#Transform 145
Transform: AffineTransform_float_3_3
Parameters: 0.999999 -0.000400845 0.00133079 0.000410157 0.999976 -0.00688647 -0.00132821 0.00688654 0.999976 -0.0304055 -0.0294988 0.240094
FixedParameters: 0 0 0

#Transform 146
Transform: AffineTransform_float_3_3
Parameters: 0.999999 -0.000308525 0.00126934 0.000317481 0.999972 -0.00747161 -0.00126766 0.0074714 0.999972 -0.029064 -0.0493751 0.25458
FixedParameters: 0 0 0

#Transform 147
Transform: AffineTransform_float_3_3
Parameters: 0.999999 -0.000830554 0.000977377 0.000837452 0.999971 -0.00764319 -0.000971628 0.00764382 0.999971 -0.0335708 -0.0474614 0.251617
FixedParameters: 0 0 0

#Transform 148
Transform: AffineTransform_float_3_3
Parameters: 0.999999 -0.00059412 0.00135438 0.000603877 0.999973 -0.00730619 -0.00134962 0.00730681 0.999973 -0.0308808 -0.0306183 0.234197
FixedParameters: 0 0 0

#Transform 149
Transform: AffineTransform_float_3_3
Parameters: 0.999999 -0.000498808 0.00133585 0.000509186 0.99997 -0.00764032 -0.00133115 0.00764067 0.99997 -0.0291622 -0.040048 0.217968
FixedParameters: 0 0 0

#Transform 150
Transform: AffineTransform_float_3_3
Parameters: 0.999998 -0.00044988 0.00154059 0.000462124 0.999969 -0.0078763 -0.00153741 0.0078767 0.999968 -0.0209455 -0.047513 0.248538
FixedParameters: 0 0 0

#Transform 151
Transform: AffineTransform_float_3_3
Parameters: 0.999998 -0.000641335 0.00191332 0.000656662 0.999966 -0.00819776 -0.00190768 0.00819924 0.999964 -0.00997615 -0.0544714 0.242751
FixedParameters: 0 0 0

#Transform 152
Transform: AffineTransform_float_3_3
Parameters: 0.999999 -0.000825219 0.00164448 0.000837786 0.99997 -0.00778664 -0.00163853 0.00778837 0.999969 -0.0105474 -0.0337352 0.214249
FixedParameters: 0 0 0

#Transform 153
Transform: AffineTransform_float_3_3
Parameters: 0.999999 -0.000544834 0.00164277 0.000559168 0.999962 -0.00863509 -0.00163823 0.0086359 0.999962 -0.0210282 -0.0583659 0.261191
FixedParameters: 0 0 0

#Transform 154
Transform: AffineTransform_float_3_3
Parameters: 0.999999 -0.000683444 0.0016437 0.000697558 0.999965 -0.00826086 -0.00163829 0.00826213 0.999964 -0.0280467 -0.0454165 0.245754
FixedParameters: 0 0 0

#Transform 155
Transform: AffineTransform_float_3_3
Parameters: 1 -0.000531404 0.00109869 0.000540589 0.999961 -0.00875141 -0.00109331 0.00875258 0.999961 -0.0378847 -0.0554474 0.284601
FixedParameters: 0 0 0

#Transform 156
Transform: AffineTransform_float_3_3
Parameters: 1 -0.000208209 0.00103082 0.000216793 0.999963 -0.00853578 -0.00102919 0.00853522 0.999963 -0.0364231 -0.054972 0.2703
FixedParameters: 0 0 0

#Transform 157
Transform: AffineTransform_float_3_3
Parameters: 1 -0.000565234 0.00105275 0.000573767 0.999965 -0.0083444 -0.00104825 0.0083456 0.999964 -0.0442921 -0.0457785 0.271538
FixedParameters: 0 0 0

#Transform 158
Transform: AffineTransform_float_3_3
Parameters: 1 -0.00051031 0.000917321 0.000517686 0.999964 -0.00840153 -0.000912683 0.00840247 0.999965 -0.050613 -0.0493751 0.271565
FixedParameters: 0 0 0

#Transform 159
Transform: AffineTransform_float_3_3
Parameters: 1 -0.000475854 0.00105218 0.000485144 0.999962 -0.00870849 -0.00104781 0.0087095 0.999961 -0.0467605 -0.0448227 0.285982
FixedParameters: 0 0 0

#Transform 160
Transform: AffineTransform_float_3_3
Parameters: 1 -0.000469187 0.00105198 0.000477814 0.999964 -0.0083935 -0.00104803 0.0083935 0.999964 -0.0557531 -0.0564771 0.282515
FixedParameters: 0 0 0

#Transform 161
Transform: AffineTransform_float_3_3
Parameters: 1 -0.000417986 0.00105163 0.000427017 0.999963 -0.00858555 -0.00104837 0.00858644 0.999962 -0.0379102 -0.0497705 0.269893
FixedParameters: 0 0 0

#Transform 162
Transform: AffineTransform_float_3_3
Parameters: 1 -0.000269897 0.00105038 0.0002791 0.999963 -0.00867571 -0.00104762 0.00867629 0.999962 -0.0385971 -0.0632043 0.299747
FixedParameters: 0 0 0

#Transform 163
Transform: AffineTransform_float_3_3
Parameters: 1 -0.000642938 0.00098133 0.000651059 0.999966 -0.00823736 -0.00097567 0.00823763 0.999965 -0.0433532 -0.0459741 0.279528
FixedParameters: 0 0 0

#Transform 164
Transform: AffineTransform_float_3_3
Parameters: 0.999999 -0.000234761 0.000954065 0.000243238 0.999962 -0.00864477 -0.000951932 0.00864523 0.999962 -0.0385669 -0.0591207 0.290877
FixedParameters: 0 0 0

#Transform 165
Transform: AffineTransform_float_3_3
Parameters: 1 -0.000315356 0.00105063 0.000324647 0.999966 -0.00823766 -0.00104836 0.00823833 0.999965 -0.0560242 -0.0626799 0.293227
FixedParameters: 0 0 0

#Transform 166
Transform: AffineTransform_float_3_3
Parameters: 1 -0.000232088 0.00105024 0.00024191 0.999956 -0.00944775 -0.00104776 0.00944825 0.999955 -0.0514948 -0.0835428 0.311548
FixedParameters: 0 0 0

#Transform 167
Transform: AffineTransform_float_3_3
Parameters: 1 -0.000317818 0.00105082 0.000327183 0.999961 -0.00874866 -0.00104818 0.00874934 0.999961 -0.0539894 -0.0529399 0.27153
FixedParameters: 0 0 0

#Transform 168
Transform: AffineTransform_float_3_3
Parameters: 0.999999 -0.000149424 0.00104941 0.000158573 0.999959 -0.00913184 -0.00104759 0.00913116 0.999958 -0.0594451 -0.0527578 0.28751
FixedParameters: 0 0 0

#Transform 169
Transform: AffineTransform_float_3_3
Parameters: 1 -0.000285483 0.00105063 0.000295521 0.999959 -0.0090697 -0.00104836 0.00906931 0.999959 -0.058428 -0.0637613 0.270217
FixedParameters: 0 0 0

#Transform 170
Transform: AffineTransform_float_3_3
Parameters: 1 -0.000247298 0.00105033 0.000256699 0.999957 -0.00924673 -0.00104767 0.00924726 0.999956 -0.0529132 -0.0688669 0.292904
FixedParameters: 0 0 0

#Transform 171
Transform: AffineTransform_float_3_3
Parameters: 0.999999 -0.00066728 0.00105422 0.000677718 0.999957 -0.00924629 -0.00104778 0.0092477 0.999956 -0.0426422 -0.0604878 0.286542
FixedParameters: 0 0 0

#Transform 172
Transform: AffineTransform_float_3_3
Parameters: 0.999999 -0.000974267 0.00105705 0.000983732 0.999957 -0.00924596 -0.00104795 0.00924703 0.999956 -0.0465875 -0.0402663 0.270283
FixedParameters: 0 0 0

#Transform 173
Transform: AffineTransform_float_3_3
Parameters: 0.999999 -0.000885957 0.0010565 0.000896048 0.999954 -0.00954406 -0.0010485 0.00954494 0.999954 -0.0429862 -0.0408613 0.284699
FixedParameters: 0 0 0

#Transform 174
Transform: AffineTransform_float_3_3
Parameters: 0.999998 -0.00124646 0.00120202 0.00125653 0.99996 -0.00880449 -0.00119098 0.00880549 0.99996 -0.0326632 -0.01484 0.270722
FixedParameters: 0 0 0

#Transform 175
Transform: AffineTransform_float_3_3
Parameters: 0.999999 -0.00112335 0.00105834 0.00113265 0.999958 -0.00916282 -0.00104767 0.0091642 0.999958 -0.0329382 -0.0296784 0.283176
FixedParameters: 0 0 0

#Transform 176
Transform: AffineTransform_float_3_3
Parameters: 0.999999 -0.00113575 0.00128603 0.00114725 0.999961 -0.00878453 -0.00127597 0.00878546 0.99996 -0.0336012 -0.0163571 0.27025
FixedParameters: 0 0 0

#Transform 177
Transform: AffineTransform_float_3_3
Parameters: 0.999999 -0.00132657 0.0012542 0.00133844 0.999957 -0.00915834 -0.00124279 0.00915967 0.999958 -0.03842 -0.0470273 0.286757
FixedParameters: 0 0 0

#Transform 178
Transform: AffineTransform_float_3_3
Parameters: 0.999998 -0.00139808 0.00148721 0.00141192 0.999955 -0.00939992 -0.00147379 0.00940208 0.999954 -0.0326119 -0.0348866 0.253727
FixedParameters: 0 0 0

#Transform 179
Transform: AffineTransform_float_3_3
Parameters: 0.999995 -0.00222981 0.00218183 0.0022502 0.999954 -0.00929814 -0.00216117 0.00930287 0.999955 -0.0161235 -0.0235859 0.23837
FixedParameters: 0 0 0
