#Insight Transform File V1.0
#Transform 0
Transform: AffineTransform_float_3_3
Parameters: 1 7.2e-05 -2.3328e-08 -7.2e-05 1 -0.000324 -2.3328e-08 0.000324 1 -0.000968582 0.0186328 0.0132354
FixedParameters: 0 0 0

#Transform 1
Transform: AffineTransform_float_3_3
Parameters: 1 -1.27645e-07 -0.000245 -1.27645e-07 1 -0.000521 0.000245 0.000521 1 0.00138023 0.0139206 0.016302
FixedParameters: 0 0 0

#Transform 2
Transform: AffineTransform_float_3_3
Parameters: 1 -2.44509e-07 -0.000547 -2.44509e-07 1 -0.000447 0.000547 0.000447 1 0.00307133 0.0026073 -0.00439164
FixedParameters: 0 0 0

#Transform 3
Transform: AffineTransform_float_3_3
Parameters: 1 2.1456e-08 4.8e-05 2.1456e-08 1 -0.000447 -4.8e-05 0.000447 1 -0.000272177 0.00598903 -0.00602813
FixedParameters: 0 0 0

#Transform 4
Transform: AffineTransform_float_3_3
Parameters: 1 -4.3485e-08 -0.000195 -4.3485e-08 1 -0.000223 0.000195 0.000223 1 -0.00435324 0.00144501 -0.0530155
FixedParameters: 0 0 0

#Transform 5
Transform: AffineTransform_float_3_3
Parameters: 1 2.1456e-08 4.8e-05 2.1456e-08 1 -0.000447 -4.8e-05 0.000447 1 -0.000274609 -0.0274393 -0.0566921
FixedParameters: 0 0 0

#Transform 6
Transform: AffineTransform_float_3_3
Parameters: 1 -0.000378929 0.000159169 0.000379071 1 -0.00044694 -0.000158831 0.00044706 1 -0.00460707 -0.00491747 -0.0351046
FixedParameters: 0 0 0

#Transform 7
Transform: AffineTransform_float_3_3
Parameters: 1 3.856e-08 8e-05 3.856e-08 1 -0.000482 -8e-05 0.000482 1 -0.000486519 -0.0173759 -0.025485
FixedParameters: 0 0 0

#Transform 8
Transform: AffineTransform_float_3_3
Parameters: 1 -8.6918e-05 0.000166043 8.7082e-05 1 -0.000493985 -0.000165957 0.000494014 1 0.000172924 -0.00664665 -0.0283067
FixedParameters: 0 0 0

#Transform 9
Transform: AffineTransform_float_3_3
Parameters: 1 -0.000322918 0.000166159 0.000323082 1 -0.000493946 -0.00016584 0.000494053 1 0.00324262 0.00561871 -0.0148971
FixedParameters: 0 0 0

#Transform 10
Transform: AffineTransform_float_3_3
Parameters: 1 2.158e-08 0.000166 2.158e-08 1 -0.00013 -0.000166 0.00013 1 -0.000943816 -0.00642663 -0.000724202
FixedParameters: 0 0 0

#Transform 11
Transform: AffineTransform_float_3_3
Parameters: 1 -0.000288968 0.000166055 0.000289032 1 -0.000190952 -0.000165945 0.000191048 1 0.0027915 -0.00533561 -0.00056333
FixedParameters: 0 0 0

#Transform 12
Transform: AffineTransform_float_3_3
Parameters: 1 -8.7316e-08 0.000166 -8.7316e-08 1 0.000526 -0.000166 -0.000526 1 -0.000953189 -0.0101409 0.0151047
FixedParameters: 0 0 0

#Transform 13
Transform: AffineTransform_float_3_3
Parameters: 1 -4.6148e-08 0.000166 -4.6148e-08 1 0.000278 -0.000166 -0.000278 1 -0.000945696 -0.00874612 -0.0120467
FixedParameters: 0 0 0

#Transform 14
Transform: AffineTransform_float_3_3
Parameters: 1 -0.000147024 0.000165978 0.000146976 1 0.000147024 -0.000166022 -0.000146976 1 0.000951421 -0.00766074 -0.000118459
FixedParameters: 0 0 0

#Transform 15
Transform: AffineTransform_float_3_3
Parameters: 1 -0.000116072 0.00016595 0.000115928 1 0.000433019 -0.00016605 -0.000432981 1 0.000568755 -0.0155685 -0.0100982
FixedParameters: 0 0 0

#Transform 16
Transform: AffineTransform_float_3_3
Parameters: 1 -7.9945e-08 0.000295 -7.9945e-08 1 0.000271 -0.000295 -0.000271 1 -0.00164973 0.00662752 -0.012577
FixedParameters: 0 0 0

#Transform 17
Transform: AffineTransform_float_3_3
Parameters: 1 -7.588e-08 0.00028 -7.588e-08 1 0.000271 -0.00028 -0.000271 1 0.00684882 -0.00872247 -0.0125078
FixedParameters: 0 0 0

#Transform 18
Transform: AffineTransform_float_3_3
Parameters: 1 -0.000124969 0.000280014 0.000125031 1 -0.000110965 -0.000279986 0.000111035 1 4.88564e-05 -0.00623823 -0.000196796
FixedParameters: 0 0 0

#Transform 19
Transform: AffineTransform_float_3_3
Parameters: 1 -7.588e-08 0.00028 -7.588e-08 1 0.000271 -0.00028 -0.000271 1 -0.00157603 -0.0292515 0.0059021
FixedParameters: 0 0 0

#Transform 20
Transform: AffineTransform_float_3_3
Parameters: 1 -7.52e-10 -8e-06 -7.52e-10 1 -9.4e-05 8e-06 9.4e-05 1 1.75819e-05 0.00287209 0.00826589
FixedParameters: 0 0 0

#Transform 21
Transform: AffineTransform_float_3_3
Parameters: 1 -4.2e-08 0.00028 -4.2e-08 1 0.00015 -0.00028 -0.00015 1 -0.00158163 -0.00851152 -0.0141171
FixedParameters: 0 0 0

#Transform 22
Transform: AffineTransform_float_3_3
Parameters: 1 -4.35e-10 -3e-06 -4.35e-10 1 -0.000145 3e-06 0.000145 1 -9.07263e-06 0.00363449 -0.0197891
FixedParameters: 0 0 0

#Transform 23
Transform: AffineTransform_float_3_3
Parameters: 1 7.9872e-05 0.000280036 -8.01279e-05 1 0.000456977 -0.000279963 -0.000457022 1 -0.00262409 0.00616693 -0.0305212
FixedParameters: 0 0 0

#Transform 24
Transform: AffineTransform_float_3_3
Parameters: 1 3.5435e-08 -9.5e-05 3.5435e-08 1 0.000373 9.5e-05 -0.000373 1 0.000549607 -0.0097846 -0.0188091
FixedParameters: 0 0 0

#Transform 25
Transform: AffineTransform_float_3_3
Parameters: 1 -0.000147041 0.00015296 0.000146959 1 0.000269022 -0.00015304 -0.000268977 1 0.0010539 0.00994599 -0.00249441
FixedParameters: 0 0 0

#Transform 26
Transform: AffineTransform_float_3_3
Parameters: 1 2.511e-08 -4.5e-05 2.511e-08 1 0.000558 4.5e-05 -0.000558 1 0.000268885 -0.0108014 0.0252236
FixedParameters: 0 0 0

#Transform 27
Transform: AffineTransform_float_3_3
Parameters: 1 -7.056e-08 0.00028 -7.056e-08 1 0.000252 -0.00028 -0.000252 1 -0.00157499 0.0152762 0.0203153
FixedParameters: 0 0 0

#Transform 28
Transform: AffineTransform_float_3_3
Parameters: 1 7.2144e-08 -0.000144 7.2144e-08 1 0.000501 0.000144 -0.000501 1 0.0171511 0.0365805 0.0248728
FixedParameters: 0 0 0

#Transform 29
Transform: AffineTransform_float_3_3
Parameters: 1 0.000231099 -0.000143841 -0.000230902 0.999999 0.000687033 0.000143159 -0.000686967 1 0.00984917 0.0145876 0.00888113
FixedParameters: 0 0 0

#Transform 30
Transform: AffineTransform_float_3_3
Parameters: 1 1.86864e-07 -0.000272 1.86864e-07 1 0.000687 0.000272 -0.000687 0.999999 0.00153796 0.0220434 -0.00708099
FixedParameters: 0 0 0

#Transform 31
Transform: AffineTransform_float_3_3
Parameters: 1 0.000328091 -0.000143793 -0.00032791 0.999999 0.000631047 0.000143207 -0.000630953 1 -0.00349371 -0.00813673 -0.00813168
FixedParameters: 0 0 0

#Transform 32
Transform: AffineTransform_float_3_3
Parameters: 1 0.000383035 -0.000143907 -0.000382965 1 0.000242055 0.000144093 -0.000241945 1 -0.00198729 0.0131366 -0.0131099
FixedParameters: 0 0 0

#Transform 33
Transform: AffineTransform_float_3_3
Parameters: 1 0.000464115 -0.000143629 -0.000463885 0.999999 0.000800066 0.000143371 -0.000799933 0.999999 0.00512903 0.0081669 -0.0059629
FixedParameters: 0 0 0

#Transform 34
Transform: AffineTransform_float_3_3
Parameters: 1 0.000396107 -0.000143704 -0.000395893 0.999999 0.000748056 0.000143296 -0.000747943 0.999999 0.000558637 0.0216199 5.19711e-05
FixedParameters: 0 0 0

#Transform 35
Transform: AffineTransform_float_3_3
Parameters: 1 0.000614145 -0.000298701 -0.000613855 0.999999 0.000486183 0.000298298 -0.000485817 1 -0.00190573 0.00435298 -0.0174265
FixedParameters: 0 0 0

#Transform 36
Transform: AffineTransform_float_3_3
Parameters: 0.999999 0.000654158 -0.000444767 -0.000654841 0.999999 0.000356291 0.000445233 -0.000355709 1 0.00923168 -0.0158413 -0.0365375
FixedParameters: 0 0 0

#Transform 37
Transform: AffineTransform_float_3_3
Parameters: 1 0.000471008 -0.000143975 -0.000470992 1 5.30678e-05 0.000144025 -5.29322e-05 1 -0.000603936 0.000285365 -0.0273168
FixedParameters: 0 0 0

#Transform 38
Transform: AffineTransform_float_3_3
Parameters: 1 0.000583259 -0.000389612 -0.00058274 0.999999 0.000665227 0.000390388 -0.000665772 0.999999 0.00593918 -0.00648347 -0.0151078
FixedParameters: 0 0 0

#Transform 39
Transform: AffineTransform_float_3_3
Parameters: 1 0.000485084 -0.000211807 -0.000484916 1 0.000397103 0.000212192 -0.000396897 1 -0.0051533 0.000846288 -0.0190751
FixedParameters: 0 0 0

#Transform 40
Transform: AffineTransform_float_3_3
Parameters: 1 0.000347447 -0.000452658 -0.000347553 1 0.000986158 0.000453343 -0.000985844 1 -0.0127681 0.0169128 -0.0107376
FixedParameters: 0 0 0

#Transform 41
Transform: AffineTransform_float_3_3
Parameters: 1 0.000380415 -0.000432635 -0.000380584 0.999999 0.000960165 0.000433366 -0.000959835 1 -0.0024863 0.00940471 -0.0135885
FixedParameters: 0 0 0

#Transform 42
Transform: AffineTransform_float_3_3
Parameters: 1 1.22808e-07 -0.000258 1.22808e-07 1 0.000476 0.000258 -0.000476 1 0.00146572 0.0132834 0.011359
FixedParameters: 0 0 0

#Transform 43
Transform: AffineTransform_float_3_3
Parameters: 1 5.40786e-05 -0.00014397 -5.39214e-05 1 0.000546008 0.000144029 -0.000545992 1 0.000132401 0.0127696 0.0139572
FixedParameters: 0 0 0

#Transform 44
Transform: AffineTransform_float_3_3
Parameters: 1 0.000260131 -0.000416918 -0.000259869 1 0.000315108 0.000417082 -0.000314891 1 -0.00107666 0.0270407 0.033988
FixedParameters: 0 0 0

#Transform 45
Transform: AffineTransform_float_3_3
Parameters: 1 0.000322091 -0.000143797 -0.00032191 0.999999 0.000631046 0.000143203 -0.000630954 1 -0.00338196 0.0115848 0.0125459
FixedParameters: 0 0 0

#Transform 46
Transform: AffineTransform_float_3_3
Parameters: 1 1.9008e-08 -0.000144 1.9008e-08 1 0.000132 0.000144 -0.000132 1 0.000797081 0.0152281 0.0248817
FixedParameters: 0 0 0

#Transform 47
Transform: AffineTransform_float_3_3
Parameters: 1 0.000255078 -0.000143862 -0.000254922 1 0.000542037 0.000143138 -0.000541963 1 -0.00254534 0.0215896 0.0181528
FixedParameters: 0 0 0

#Transform 48
Transform: AffineTransform_float_3_3
Parameters: 1 2.23846e-07 -0.000413 2.23846e-07 1 0.000542 0.000413 -0.000542 1 0.018502 0.0129652 0.0116906
FixedParameters: 0 0 0

#Transform 49
Transform: AffineTransform_float_3_3
Parameters: 1 0.000579047 -0.00014381 -0.000578953 1 0.000328083 0.00014319 -0.000327917 1 -0.00682175 0.0125182 0.0355001
FixedParameters: 0 0 0

#Transform 50
Transform: AffineTransform_float_3_3
Parameters: 0.999999 0.000514311 -0.000573721 -0.000513688 0.999999 0.000542295 0.000574278 -0.000541704 0.999999 0.011647 0.0284605 0.0285192
FixedParameters: 0 0 0

#Transform 51
Transform: AffineTransform_float_3_3
Parameters: 1 0.000318367 -0.000573796 -0.000317633 0.999999 0.000639182 0.000574203 -0.000638817 0.999999 0.0143353 -0.010314 0.00322803
FixedParameters: 0 0 0

#Transform 52
Transform: AffineTransform_float_3_3
Parameters: 0.999999 0.000458295 -0.000573764 -0.000458705 1 0.000514263 0.000574235 -0.000513737 0.999999 0.00847383 0.0118103 0.0180512
FixedParameters: 0 0 0

#Transform 53
Transform: AffineTransform_float_3_3
Parameters: 1 0.000361295 -0.000573814 -0.000360705 1 0.000514207 0.000574185 -0.000513792 0.999999 0.0129682 0.012486 0.0285204
FixedParameters: 0 0 0

#Transform 54
Transform: AffineTransform_float_3_3
Parameters: 0.999999 0.000571397 -0.000573604 -0.000570602 0.999999 0.000692327 0.000574394 -0.000691671 0.999999 0.00527546 0.00868651 0.00893011
FixedParameters: 0 0 0

#Transform 55
Transform: AffineTransform_float_3_3
Parameters: 1 0.000256297 -0.000573867 -0.000256703 1 0.000517147 0.000574132 -0.000516853 0.999999 -7.92754e-05 0.0413321 0.0429441
FixedParameters: 0 0 0

#Transform 56
Transform: AffineTransform_float_3_3
Parameters: 0.999999 0.000467425 -0.000573653 -0.000466574 0.999999 0.000741267 0.000574346 -0.000741731 0.999999 0.0103094 0.0395494 0.0459474
FixedParameters: 0 0 0

#Transform 57
Transform: AffineTransform_float_3_3
Parameters: 1 0.0003231 -0.000573944 -0.0003229 1 0.000174185 0.000574056 -0.000173815 1 -0.00100371 0.0430638 0.0222328
FixedParameters: 0 0 0

#Transform 58
Transform: AffineTransform_float_3_3
Parameters: 0.999999 0.000562296 -0.000573709 -0.000562703 0.999999 0.000517323 0.000574291 -0.000516677 0.999999 -0.00153913 0.0404427 0.00867177
FixedParameters: 0 0 0

#Transform 59
Transform: AffineTransform_float_3_3
Parameters: 1 0.000341287 -0.000554823 -0.000340713 1 0.000517189 0.000555176 -0.00051681 0.999999 -0.00133653 0.0211528 -0.0148749
FixedParameters: 0 0 0

#Transform 60
Transform: AffineTransform_float_3_3
Parameters: 0.999999 0.000532254 -0.000562759 -0.000531745 1 0.000452299 0.00056324 -0.0004517 0.999999 0.00849516 0.0210217 0.00402227
FixedParameters: 0 0 0

#Transform 61
Transform: AffineTransform_float_3_3
Parameters: 1 0.000914265 -0.000510527 -0.000913736 1 0.000517467 0.000511472 -0.000516533 0.999999 -0.00903993 -0.00575922 0.0635151
FixedParameters: 0 0 0

#Transform 62
Transform: AffineTransform_float_3_3
Parameters: 1 0.000508996 -0.000197011 -0.000509004 1 -2.08997e-05 0.000196989 2.11003e-05 1 -0.00316504 0.034659 0.0166063
FixedParameters: 0 0 0

#Transform 63
Transform: AffineTransform_float_3_3
Parameters: 1 0.000479058 -0.000137799 -0.000478942 1 0.000419066 0.000138201 -0.000418934 1 0.0110438 0.00627878 0.00760456
FixedParameters: 0 0 0

#Transform 64
Transform: AffineTransform_float_3_3
Parameters: 1 0.000554062 -0.000380909 -0.000553937 1 0.000164211 0.000381091 -0.000163789 1 0.00239003 0.00756475 0.00840304
FixedParameters: 0 0 0

#Transform 65
Transform: AffineTransform_float_3_3
Parameters: 1 0.00064309 -0.000137577 -0.000642909 0.999999 0.000657088 0.000138422 -0.000656911 1 0.012988 -0.00843423 -0.018248
FixedParameters: 0 0 0

#Transform 66
Transform: AffineTransform_float_3_3
Parameters: 1 0.000532032 -5.87106e-05 -0.000531968 0.999999 0.000544031 5.92894e-05 -0.000543968 1 -0.00117823 0.00540362 -0.00820088
FixedParameters: 0 0 0

#Transform 67
Transform: AffineTransform_float_3_3
Parameters: 1 0.000385035 -0.000137903 -0.000384965 1 0.000252053 0.000138097 -0.000251947 1 0.00533578 -0.0194132 -0.0094578
FixedParameters: 0 0 0

#Transform 68
Transform: AffineTransform_float_3_3
Parameters: 1 0.000249068 -0.000246931 -0.000248932 1 0.000277061 0.000247069 -0.000276938 1 -0.00189051 0.00573727 0.042497
FixedParameters: 0 0 0

#Transform 69
Transform: AffineTransform_float_3_3
Parameters: 1 1.14402e-07 -0.000138 1.14402e-07 0.999999 0.000828999 0.000138 -0.000828999 0.999999 0.00082662 0.00341839 0.0674473
FixedParameters: 0 0 0

#Transform 70
Transform: AffineTransform_float_3_3
Parameters: 1 1.37669e-07 -0.000497 1.37669e-07 1 0.000277 0.000497 -0.000277 1 -0.00489094 0.0406141 0.0826446
FixedParameters: 0 0 0

#Transform 71
Transform: AffineTransform_float_3_3
Parameters: 1 6.36228e-07 -0.000548 -3.63771e-07 1 0.001161 0.000548001 -0.001161 0.999999 -0.0147939 0.0355646 0.094456
FixedParameters: 0 0 0

#Transform 72
Transform: AffineTransform_float_3_3
Parameters: 1 4.89888e-07 -0.000504 4.89888e-07 1 0.000972001 0.000504 -0.000972001 1 -0.0149964 0.0366975 0.0501197
FixedParameters: 0 0 0

#Transform 73
Transform: AffineTransform_float_3_3
Parameters: 1 5.25933e-07 -0.000453 -4.74066e-07 1 0.001161 0.000453001 -0.001161 0.999999 -0.0152737 0.0355048 0.0523804
FixedParameters: 0 0 0

#Transform 74
Transform: AffineTransform_float_3_3
Parameters: 1 7.21368e-05 -0.000137928 -7.1863e-05 0.999999 0.000992009 0.000138071 -0.000991989 0.999999 0.00044039 0.0183249 0.0574898
FixedParameters: 0 0 0

#Transform 75
Transform: AffineTransform_float_3_3
Parameters: 1 1.94166e-07 -0.000138 1.94166e-07 0.999999 0.001407 0.000138 -0.001407 0.999999 -0.00652952 0.0383502 0.0684638
FixedParameters: 0 0 0

#Transform 76
Transform: AffineTransform_float_3_3
Parameters: 1 5.9496e-07 -0.000335 -4.05038e-07 0.999999 0.001776 0.000335001 -0.001776 0.999999 0.000148126 0.0361728 0.060104
FixedParameters: 0 0 0

#Transform 77
Transform: AffineTransform_float_3_3
Parameters: 1 2.87754e-07 -0.000241 2.87754e-07 1 0.001194 0.000241 -0.001194 1 -0.0164712 0.0395936 0.0855044
FixedParameters: 0 0 0

#Transform 78
Transform: AffineTransform_float_3_3
Parameters: 1 -5.67615e-07 0.000395 4.32384e-07 0.999999 0.001437 -0.000395001 -0.001437 0.999999 -0.0038863 0.0219281 0.0868877
FixedParameters: 0 0 0

#Transform 79
Transform: AffineTransform_float_3_3
Parameters: 1 -0.00028702 1.35746e-05 0.000286979 0.999999 0.001482 -1.44253e-05 -0.001482 0.999999 0.00776586 0.0492963 0.12495
FixedParameters: 0 0 0

#Transform 80
Transform: AffineTransform_float_3_3
Parameters: 1 -0.000461993 -3.94386e-06 0.000462007 0.999998 0.002043 3.05612e-06 -0.002043 0.999998 0.0102553 0.0741296 0.149768
FixedParameters: 0 0 0

#Transform 81
Transform: AffineTransform_float_3_3
Parameters: 1 -0.000462077 3.39674e-05 0.000461923 0.999998 0.00223502 -3.50325e-05 -0.00223499 0.999998 0.00999126 0.0626174 0.0990998
FixedParameters: 0 0 0

#Transform 82
Transform: AffineTransform_float_3_3
Parameters: 1 -0.000461994 -3.86578e-06 0.000462007 0.999998 0.001874 3.1342e-06 -0.001874 0.999998 -0.0117342 0.0647395 0.103799
FixedParameters: 0 0 0

#Transform 83
Transform: AffineTransform_float_3_3
Parameters: 1 -0.000461994 -3.83344e-06 0.000462007 0.999999 0.001804 3.16655e-06 -0.001804 0.999999 0.010219 0.0257098 0.0475665
FixedParameters: 0 0 0

#Transform 84
Transform: AffineTransform_float_3_3
Parameters: 1 -0.000461871 -7.3813e-05 0.00046113 0.999999 0.00175997 7.31885e-05 -0.00176004 0.999999 0.0106361 0.0426046 0.0576018
FixedParameters: 0 0 0

#Transform 85
Transform: AffineTransform_float_3_3
Parameters: 1 -0.000409189 0.000125383 0.00040881 0.999999 0.00150705 -0.000126616 -0.00150695 0.999999 0.0087377 0.0182035 0.0262739
FixedParameters: 0 0 0

#Transform 86
Transform: AffineTransform_float_3_3
Parameters: 1 -0.000461826 -0.000132608 0.000461175 0.999999 0.00131694 0.000132393 -0.00131706 0.999999 0.0110303 0.0485854 0.0876908
FixedParameters: 0 0 0

#Transform 87
Transform: AffineTransform_float_3_3
Parameters: 1 -0.000462161 8.71502e-05 0.000461839 0.999998 0.00183904 -8.78495e-05 -0.00183896 0.999999 0.0026672 0.0457078 0.0939151
FixedParameters: 0 0 0

#Transform 88
Transform: AffineTransform_float_3_3
Parameters: 1 -0.000462132 8.73041e-05 0.000461868 0.999999 0.00150604 -8.76956e-05 -0.00150596 0.999999 0.00978292 0.0476396 0.0895635
FixedParameters: 0 0 0

#Transform 89
Transform: AffineTransform_float_3_3
Parameters: 1 -0.000462161 8.71493e-05 0.000461839 0.999998 0.00184104 -8.78504e-05 -0.00184096 0.999999 0.0171482 0.0652498 0.0938969
FixedParameters: 0 0 0

#Transform 90
Transform: AffineTransform_float_3_3
Parameters: 1 -0.000462177 8.70624e-05 0.000461822 0.999998 0.00202904 -8.79372e-05 -0.00202896 0.999998 0.0236326 0.0373439 0.0664039
FixedParameters: 0 0 0

#Transform 91
Transform: AffineTransform_float_3_3
Parameters: 1 -0.000534294 8.61983e-05 0.000533707 0.999994 0.00337305 -8.78007e-05 -0.00337296 0.999995 0.0107009 0.077788 0.107632
FixedParameters: 0 0 0

#Transform 92
Transform: AffineTransform_float_3_3
Parameters: 1 -0.000902249 -0.000475338 0.000903753 0.999993 0.00369557 0.000472663 -0.00369643 0.999993 0.000846063 0.0677242 0.144715
FixedParameters: 0 0 0

#Transform 93
Transform: AffineTransform_float_3_3
Parameters: 0.999999 -0.000841172 -0.000475249 0.00084283 0.999992 0.0038586 0.000472751 -0.0038594 0.999993 -0.0294225 0.0665771 0.140897
FixedParameters: 0 0 0

#Transform 94
Transform: AffineTransform_float_3_3
Parameters: 0.999999 -0.00105219 -0.000990066 0.00105581 0.999992 0.00385696 0.000985935 -0.00385804 0.999992 0.0177447 0.0468213 0.133007
FixedParameters: 0 0 0

#Transform 95
Transform: AffineTransform_float_3_3
Parameters: 1 -0.000900155 -0.000783282 0.000902844 0.999993 0.0036393 0.000779719 -0.0036407 0.999993 -0.00254415 0.0863386 0.142523
FixedParameters: 0 0 0

#Transform 96
Transform: AffineTransform_float_3_3
Parameters: 0.999999 -0.00101547 -0.000697701 0.00101753 0.999993 0.00363929 0.000694301 -0.00364071 0.999993 0.00618119 0.0668242 0.142399
FixedParameters: 0 0 0

#Transform 97
Transform: AffineTransform_float_3_3
Parameters: 1 -0.000900938 -0.000568283 0.000903062 0.999993 0.00363949 0.000564717 -0.00364051 0.999993 0.0138116 0.0894121 0.141875
FixedParameters: 0 0 0

#Transform 98
Transform: AffineTransform_float_3_3
Parameters: 0.999999 -0.000943503 -0.00121481 0.000955499 0.999946 0.0103279 0.0012052 -0.0103292 0.999946 0.0412712 0.121412 -0.0216348
FixedParameters: 0 0 0

#Transform 99
Transform: AffineTransform_float_3_3
Parameters: 0.999994 -0.00144931 -0.00300399 0.00148369 0.999932 0.0115796 0.00298702 -0.0115834 0.999929 -0.0824243 0.151315 -0.0902966
FixedParameters: 0 0 0

#Transform 100
Transform: AffineTransform_float_3_3
Parameters: 0.999997 -0.00259455 -0.000718481 0.00260245 0.99994 0.0105752 0.000690515 -0.0105768 0.999944 -0.00802256 0.136453 -0.265925
FixedParameters: 0 0 0

#Transform 101
Transform: AffineTransform_float_3_3
Parameters: 0.999996 -0.00100799 -0.00285427 0.00102001 0.99999 0.00420811 0.00285073 -0.00421189 0.999987 -0.042946 0.0883255 -0.0300543
FixedParameters: 0 0 0

#Transform 102
Transform: AffineTransform_float_3_3
Parameters: 0.999999 -0.00108093 -0.00149867 0.00108607 0.999993 0.00338638 0.00149533 -0.00338862 0.999993 -0.0458237 0.0806587 0.103441
FixedParameters: 0 0 0

#Transform 103
Transform: AffineTransform_float_3_3
Parameters: 0.999999 -0.00164537 -0.00076666 0.00164863 0.999992 0.00343674 0.000761337 -0.00343826 0.999994 -0.0425402 0.0972334 0.120071
FixedParameters: 0 0 0

#Transform 104
Transform: AffineTransform_float_3_3
Parameters: 0.999998 -0.00172924 -0.000767252 0.00173176 0.999992 0.00361168 0.000760749 -0.00361332 0.999993 -0.0414298 0.0964304 0.13642
FixedParameters: 0 0 0

#Transform 105
Transform: AffineTransform_float_3_3
Parameters: 0.999998 -0.00162677 -0.000402021 0.00162823 0.999994 0.00308535 0.000396978 -0.00308565 0.999995 -0.0372964 0.0949922 0.128506
FixedParameters: 0 0 0

#Transform 106
Transform: AffineTransform_float_3_3
Parameters: 0.999999 -0.00162628 -0.000671196 0.00162773 0.999996 0.00257791 0.000667807 -0.00257809 0.999997 -0.0393016 0.102006 0.158925
FixedParameters: 0 0 0

#Transform 107
Transform: AffineTransform_float_3_3
Parameters: 0.999999 -0.00162574 -0.000847354 0.00162826 0.999995 0.00267563 0.000842647 -0.00267637 0.999996 -0.038375 0.113806 0.16667
FixedParameters: 0 0 0

#Transform 108
Transform: AffineTransform_float_3_3
Parameters: 0.999999 -0.00162572 -0.000891184 0.00162829 0.999996 0.00257056 0.000886818 -0.00257145 0.999997 -0.0382115 0.134311 0.200247
FixedParameters: 0 0 0

#Transform 109
Transform: AffineTransform_float_3_3
Parameters: 0.999998 -0.0016253 -0.000990436 0.00162769 0.999995 0.00272639 0.000985564 -0.00272861 0.999996 -0.01751 0.119989 0.216163
FixedParameters: 0 0 0

#Transform 110
Transform: AffineTransform_float_3_3
Parameters: 0.999998 -0.00162529 -0.000990461 0.00162771 0.999995 0.00274139 0.000985541 -0.00274261 0.999996 -0.0308871 0.119926 0.219359
FixedParameters: 0 0 0

#Transform 111
Transform: AffineTransform_float_3_3
Parameters: 0.999999 -0.00162549 -0.000870699 0.00162751 0.999994 0.00288759 0.000865303 -0.00288941 0.999996 -0.0351253 0.101744 0.181775
FixedParameters: 0 0 0

#Transform 112
Transform: AffineTransform_float_3_3
Parameters: 0.999998 -0.00162539 -0.00101122 0.00162762 0.999996 0.00259136 0.00100679 -0.00259264 0.999996 -0.0342964 0.0978677 0.19323
FixedParameters: 0 0 0

#Transform 113
Transform: AffineTransform_float_3_3
Parameters: 0.999999 -0.00162605 -0.000746264 0.00162795 0.999995 0.00261979 0.000741737 -0.00262121 0.999997 -0.0161108 0.0977588 0.188564
FixedParameters: 0 0 0

#Transform 114
Transform: AffineTransform_float_3_3
Parameters: 0.999999 -0.00162598 -0.000885714 0.00162802 0.999996 0.00228156 0.000882286 -0.00228344 0.999997 -0.0153014 0.0780471 0.187575
FixedParameters: 0 0 0

#Transform 115
Transform: AffineTransform_float_3_3
Parameters: 0.999997 -0.00175819 -0.00119514 0.00176181 0.999995 0.0023539 0.00119085 -0.0023561 0.999997 -0.0412287 0.0947936 0.194283
FixedParameters: 0 0 0

#Transform 116
Transform: AffineTransform_float_3_3
Parameters: 0.999998 -0.00162465 -0.00125535 0.00162736 0.999995 0.00267596 0.00125165 -0.00267804 0.999995 -0.0425107 0.0707796 0.183219
FixedParameters: 0 0 0

#Transform 117
Transform: AffineTransform_float_3_3
Parameters: 0.999998 -0.00162513 -0.00122084 0.00162787 0.999996 0.00235702 0.00121717 -0.00235898 0.999997 -0.0427479 0.0899592 0.198659
FixedParameters: 0 0 0

#Transform 118
Transform: AffineTransform_float_3_3
Parameters: 0.999997 -0.00162397 -0.00144654 0.00162803 0.999995 0.00279165 0.00144246 -0.00279335 0.999995 -0.0349217 0.0832999 0.204895
FixedParameters: 0 0 0

#Transform 119
Transform: AffineTransform_float_3_3
Parameters: 0.999998 -0.00150466 -0.00121092 0.00150735 0.999997 0.00193818 0.00120808 -0.00193982 0.999998 -0.0247985 0.0871627 0.193071
FixedParameters: 0 0 0

#Transform 120
Transform: AffineTransform_float_3_3
Parameters: 0.999998 -0.00146544 -0.00121409 0.00146856 0.999996 0.00210822 0.00121091 -0.00210978 0.999997 -0.0329896 0.0861724 0.206371
FixedParameters: 0 0 0

#Transform 121
Transform: AffineTransform_float_3_3
Parameters: 0.999997 -0.00149132 -0.00160144 0.00149568 0.999996 0.00230061 0.00159756 -0.00230339 0.999996 -0.0228839 0.0931692 0.198933
FixedParameters: 0 0 0

#Transform 122
Transform: AffineTransform_float_3_3
Parameters: 0.999998 -0.0016247 -0.00121542 0.0016283 0.999995 0.00272003 0.00121057 -0.00272197 0.999995 -0.0231748 0.0831973 0.179989
FixedParameters: 0 0 0

#Transform 123
Transform: AffineTransform_float_3_3
Parameters: 0.999997 -0.00157203 -0.00155402 0.00157596 0.999995 0.00255355 0.00154998 -0.00255644 0.999995 -0.0292569 0.0838824 0.179031
FixedParameters: 0 0 0

#Transform 124
Transform: AffineTransform_float_3_3
Parameters: 0.999998 -0.00162518 -0.00121479 0.00162782 0.999996 0.00232803 0.00121021 -0.00232997 0.999996 -0.0323054 0.0853349 0.177543
FixedParameters: 0 0 0

#Transform 125
Transform: AffineTransform_float_3_3
Parameters: 0.999998 -0.00162514 -0.00121483 0.00162786 0.999996 0.00235503 0.00121017 -0.00235697 0.999997 -0.0231781 0.0744327 0.192815
FixedParameters: 0 0 0

#Transform 126
Transform: AffineTransform_float_3_3
Parameters: 0.999998 -0.00162513 -0.00121485 0.00162787 0.999996 0.00236803 0.00121115 -0.00236997 0.999997 -0.0231542 0.0850469 0.165412
FixedParameters: 0 0 0

#Transform 127
Transform: AffineTransform_float_3_3
Parameters: 0.999998 -0.00162463 -0.00121552 0.00162737 0.999995 0.00277703 0.00121048 -0.00277897 0.999996 -0.0231527 0.0826857 0.160781
FixedParameters: 0 0 0

#Transform 128
Transform: AffineTransform_float_3_3
Parameters: 0.999997 -0.00162383 -0.00138689 0.00162817 0.999994 0.00300975 0.0013821 -0.00301225 0.999994 -0.0339637 0.0858154 0.164289
FixedParameters: 0 0 0

#Transform 129
Transform: AffineTransform_float_3_3
Parameters: 0.999998 -0.00162405 -0.0012163 0.00162795 0.999994 0.00325803 0.0012107 -0.00325997 0.999994 -0.0231921 0.0801594 0.198296
FixedParameters: 0 0 0

#Transform 130
Transform: AffineTransform_float_3_3
Parameters: 0.999998 -0.0016241 -0.00134971 0.0016279 0.999994 0.00289581 0.00134529 -0.00289719 0.999995 -0.038822 0.0822235 0.193884
FixedParameters: 0 0 0

#Transform 131
Transform: AffineTransform_float_3_3
Parameters: 0.999997 -0.0016233 -0.00146124 0.0016277 0.999994 0.00322063 0.00145576 -0.00322337 0.999993 -0.0413368 0.0802997 0.216222
FixedParameters: 0 0 0

#Transform 132
Transform: AffineTransform_float_3_3
Parameters: 0.999997 -0.00183421 -0.0015467 0.00183879 0.999993 0.00310016 0.0015413 -0.00310283 0.999994 -0.0380908 0.0817334 0.236226
FixedParameters: 0 0 0

#Transform 133
Transform: AffineTransform_float_3_3
Parameters: 0.999997 -0.00162324 -0.00141149 0.00162775 0.999993 0.00337571 0.00140551 -0.00337829 0.999994 -0.0417299 0.102103 0.239433
FixedParameters: 0 0 0

#Transform 134
Transform: AffineTransform_float_3_3
Parameters: 0.999997 -0.00162253 -0.00169326 0.00162747 0.999994 0.00323226 0.00168875 -0.00323575 0.999994 -0.0399346 0.0801669 0.206578
FixedParameters: 0 0 0

#Transform 135
Transform: AffineTransform_float_3_3
Parameters: 0.999997 -0.0016238 -0.00138992 0.0016282 0.999994 0.00302575 0.00138508 -0.00302726 0.999995 -0.0192807 0.0983606 0.218407
FixedParameters: 0 0 0

#Transform 136
Transform: AffineTransform_float_3_3
Parameters: 0.999998 -0.00162444 -0.00121577 0.00162755 0.999995 0.00293003 0.00121023 -0.00293197 0.999995 -0.0202205 0.079263 0.228734
FixedParameters: 0 0 0

#Transform 137
Transform: AffineTransform_float_3_3
Parameters: 0.999998 -0.00162398 -0.00121639 0.00162802 0.999993 0.00331303 0.00121061 -0.00331497 0.999994 -0.020238 0.0959058 0.219162
FixedParameters: 0 0 0

#Transform 138
Transform: AffineTransform_float_3_3
Parameters: 0.999997 -0.00162317 -0.0014305 0.00162783 0.999993 0.00338368 0.0014255 -0.00338632 0.999994 -0.0344651 0.0934249 0.188907
FixedParameters: 0 0 0

#Transform 139
Transform: AffineTransform_float_3_3
Parameters: 0.999997 -0.00162237 -0.00170339 0.00162763 0.999993 0.00331224 0.00169762 -0.00331476 0.999993 -0.0271818 0.0769387 0.17946
FixedParameters: 0 0 0

#Transform 140
Transform: AffineTransform_float_3_3
Parameters: 0.999998 -0.00162267 -0.00167319 0.00162733 0.999993 0.00318928 0.00166781 -0.00319271 0.999993 -0.039381 0.0950154 0.186936
FixedParameters: 0 0 0

#Transform 141
Transform: AffineTransform_float_3_3
Parameters: 0.999997 -0.00162101 -0.00182324 0.00162799 0.999992 0.00383904 0.00181676 -0.00384196 0.999991 -0.028299 0.0693729 0.195951
FixedParameters: 0 0 0

#Transform 142
Transform: AffineTransform_float_3_3
Parameters: 0.999998 -0.00162167 -0.00165224 0.00162734 0.999992 0.00383932 0.00164676 -0.00384168 0.999992 -0.0395202 0.0996554 0.209853
FixedParameters: 0 0 0

#Transform 143
Transform: AffineTransform_float_3_3
Parameters: 0.999998 -0.00162189 -0.00165202 0.00162811 0.999992 0.00370232 0.00164598 -0.00370468 0.999992 -0.0241035 0.0781068 0.213171
FixedParameters: 0 0 0

#Transform 144
Transform: AffineTransform_float_3_3
Parameters: 0.999998 -0.00162211 -0.0016518 0.00162789 0.999993 0.00356932 0.0016462 -0.00357268 0.999993 -0.0310857 0.0923124 0.191908
FixedParameters: 0 0 0

#Transform 145
Transform: AffineTransform_float_3_3
Parameters: 0.999997 -0.00162305 -0.0013888 0.00162795 0.999993 0.00356675 0.0013832 -0.00356925 0.999992 -0.0327017 0.100135 0.219598
FixedParameters: 0 0 0

#Transform 146
Transform: AffineTransform_float_3_3
Parameters: 0.999998 -0.0016227 -0.00162531 0.0016283 0.999994 0.00326336 0.00161969 -0.00326564 0.999994 -0.0313232 0.0932797 0.216671
FixedParameters: 0 0 0

#Transform 147
Transform: AffineTransform_float_3_3
Parameters: 0.999997 -0.00162381 -0.00146067 0.00162818 0.999994 0.00286863 0.00145633 -0.00287137 0.999995 -0.035322 0.104137 0.199342
FixedParameters: 0 0 0

#Transform 148
Transform: AffineTransform_float_3_3
Parameters: 0.999997 -0.00162351 -0.00146101 0.00162749 0.999994 0.00307963 0.00145599 -0.00308237 0.999994 -0.0322306 0.0749545 0.202175
FixedParameters: 0 0 0

#Transform 149
Transform: AffineTransform_float_3_3
Parameters: 0.999998 -0.00137396 -0.00139998 0.00137804 0.999995 0.00289108 0.00139602 -0.00289292 0.999995 -0.0358483 0.0975517 0.231826
FixedParameters: 0 0 0

#Transform 150
Transform: AffineTransform_float_3_3
Parameters: 0.999997 -0.00162287 -0.00149459 0.00162813 0.999993 0.00343557 0.00148941 -0.00343742 0.999993 -0.032142 0.0952539 0.239263
FixedParameters: 0 0 0

#Transform 151
Transform: AffineTransform_float_3_3
Parameters: 0.999997 -0.00204208 -0.0013171 0.00204592 0.999993 0.00298231 0.0013109 -0.00298468 0.999994 -0.023533 0.0989488 0.242979
FixedParameters: 0 0 0

#Transform 152
Transform: AffineTransform_float_3_3
Parameters: 0.999998 -0.00162418 -0.00130277 0.00162782 0.999995 0.00293489 0.00129823 -0.00293712 0.999995 -0.0255916 0.104146 0.264877
FixedParameters: 0 0 0

#Transform 153
Transform: AffineTransform_float_3_3
Parameters: 0.999997 -0.00169993 -0.00141909 0.00170506 0.999992 0.00357559 0.00141291 -0.00357841 0.999992 -0.0132479 0.0946496 0.260005
FixedParameters: 0 0 0

#Transform 154
Transform: AffineTransform_float_3_3
Parameters: 0.999997 -0.00162314 -0.00142356 0.00162786 0.999993 0.00341969 0.00141844 -0.00342231 0.999993 -0.0265326 0.119768 0.22149
FixedParameters: 0 0 0

#Transform 155
Transform: AffineTransform_float_3_3
Parameters: 0.999998 -0.00174539 -0.00146949 0.00174961 0.999993 0.00314144 0.00146451 -0.00314456 0.999994 -0.0121717 0.0969839 0.189345
FixedParameters: 0 0 0

#Transform 156
Transform: AffineTransform_float_3_3
Parameters: 0.999997 -0.00162427 -0.00142028 0.00162774 0.999995 0.00263269 0.00141672 -0.00263431 0.999995 -0.0140854 0.0995351 0.193462
FixedParameters: 0 0 0

#Transform 157
Transform: AffineTransform_float_3_3
Parameters: 0.999997 -0.00191081 -0.00142663 0.00191519 0.999994 0.00294327 0.00142136 -0.00294672 0.999994 -0.0103406 0.0985901 0.197638
FixedParameters: 0 0 0

#Transform 158
Transform: AffineTransform_float_3_3
Parameters: 0.999997 -0.00179727 -0.0012693 0.00180073 0.999994 0.00294372 0.0012647 -0.00294628 0.999995 -0.0126894 0.098239 0.197162
FixedParameters: 0 0 0

#Transform 159
Transform: AffineTransform_float_3_3
Parameters: 0.999998 -0.00137393 -0.00145984 0.00137807 0.999995 0.00279299 0.00145616 -0.00279501 0.999995 -0.0171289 0.0759923 0.220041
FixedParameters: 0 0 0

#Transform 160
Transform: AffineTransform_float_3_3
Parameters: 0.999998 -0.00162542 -0.00101515 0.00162759 0.999996 0.00255035 0.00101185 -0.00255165 0.999996 -0.0240649 0.103222 0.243541
FixedParameters: 0 0 0

#Transform 161
Transform: AffineTransform_float_3_3
Parameters: 0.999997 -0.00162354 -0.00151779 0.00162746 0.999995 0.00294354 0.00151321 -0.00294646 0.999994 -0.0299883 0.120214 0.261643
FixedParameters: 0 0 0

#Transform 162
Transform: AffineTransform_float_3_3
Parameters: 0.999997 -0.00162207 -0.00182429 0.00162793 0.999994 0.00325304 0.00181871 -0.00325596 0.999993 -0.0282366 0.0991997 0.2617
FixedParameters: 0 0 0

#Transform 163
Transform: AffineTransform_float_3_3
Parameters: 0.999998 -0.00174772 -0.00145815 0.00175228 0.999994 0.00294045 0.00145285 -0.00294355 0.999994 -0.028742 0.120683 0.280308
FixedParameters: 0 0 0

#Transform 164
Transform: AffineTransform_float_3_3
Parameters: 0.999997 -0.00162194 -0.00180547 0.00162806 0.999993 0.00336207 0.00179953 -0.00336493 0.999992 -0.0283111 0.0876609 0.240633
FixedParameters: 0 0 0

#Transform 165
Transform: AffineTransform_float_3_3
Parameters: 0.999997 -0.00162428 -0.00145715 0.00162772 0.999996 0.00255263 0.00145285 -0.00255437 0.999995 -0.0302739 0.0921257 0.22904
FixedParameters: 0 0 0

#Transform 166
Transform: AffineTransform_float_3_3
Parameters: 0.999997 -0.00162247 -0.00170627 0.00162753 0.999994 0.00324323 0.00170073 -0.00324577 0.999994 -0.0287646 0.0881564 0.225232
FixedParameters: 0 0 0

#Transform 167
Transform: AffineTransform_float_3_3
Parameters: 0.999997 -0.00162375 -0.00145774 0.00162825 0.999995 0.00291763 0.00145225 -0.00292037 0.999994 -0.0302674 0.0900922 0.233778
FixedParameters: 0 0 0

#Transform 168
Transform: AffineTransform_float_3_3
Parameters: 0.999997 -0.00162203 -0.00174955 0.00162797 0.999993 0.00341516 0.00174445 -0.00341784 0.999992 -0.0286319 0.111785 0.266083
FixedParameters: 0 0 0

#Transform 169
Transform: AffineTransform_float_3_3
Parameters: 0.999997 -0.00162302 -0.00145855 0.00162797 0.999993 0.00341563 0.00145244 -0.00341837 0.999993 -0.00681629 0.103898 0.243016
FixedParameters: 0 0 0

#Transform 170
Transform: AffineTransform_float_3_3
Parameters: 0.999997 -0.00162344 -0.0014581 0.00162756 0.999994 0.00313363 0.00145291 -0.00313537 0.999994 -0.0236186 0.128688 0.26153
FixedParameters: 0 0 0

#Transform 171
Transform: AffineTransform_float_3_3
Parameters: 0.999997 -0.00162145 -0.00191855 0.00162755 0.999993 0.00341489 0.00191345 -0.00341811 0.999993 -0.0209703 0.103739 0.28131
FixedParameters: 0 0 0

#Transform 172
Transform: AffineTransform_float_3_3
Parameters: 0.999997 -0.00162302 -0.00145855 0.00162797 0.999993 0.00341563 0.00145244 -0.00341837 0.999993 -0.0236109 0.120663 0.26527
FixedParameters: 0 0 0

#Transform 173
Transform: AffineTransform_float_3_3
Parameters: 0.999997 -0.00162188 -0.00179455 0.00162812 0.999993 0.00341509 0.00178945 -0.00341791 0.999992 -0.0216079 0.103744 0.266218
FixedParameters: 0 0 0

#Transform 174
Transform: AffineTransform_float_3_3
Parameters: 0.999997 -0.00162196 -0.00181442 0.00162804 0.999993 0.00333106 0.00180958 -0.00333494 0.999993 -0.0215051 0.104129 0.265303
FixedParameters: 0 0 0

#Transform 175
Transform: AffineTransform_float_3_3
Parameters: 0.999996 -0.00162093 -0.00207155 0.00162806 0.999993 0.00341464 0.00206545 -0.00341836 0.999992 -0.0201835 0.103733 0.267035
FixedParameters: 0 0 0

#Transform 176
Transform: AffineTransform_float_3_3
Parameters: 0.999997 -0.00162182 -0.00181055 0.00162818 0.999993 0.00341506 0.00180545 -0.00341794 0.999992 -0.0215531 0.103757 0.26632
FixedParameters: 0 0 0

#Transform 177
Transform: AffineTransform_float_3_3
Parameters: 0.999997 -0.00162178 -0.00176873 0.00162822 0.999993 0.00352213 0.00176327 -0.00352487 0.999992 -0.0217809 0.112699 0.267595
FixedParameters: 0 0 0

#Transform 178
Transform: AffineTransform_float_3_3
Parameters: 0.999997 -0.00162251 -0.00145913 0.00162749 0.999991 0.00377063 0.00145287 -0.00377336 0.999992 -0.0236051 0.10175 0.281039
FixedParameters: 0 0 0

#Transform 179
Transform: AffineTransform_float_3_3
Parameters: 0.999996 -0.00212457 -0.00158928 0.00212943 0.999992 0.00342263 0.00158172 -0.00342637 0.999993 -0.0326259 0.114316 0.309141
FixedParameters: 0 0 0
