# transform file /out/sourcedata/freesurfer/sub-v2s12x28852_ses-1/mri/transforms/cc_up.lta
# created by oesteban on Tue Mar 10 23:31:23 2026

type      = 0 # LINEAR_VOX_TO_VOX
nxforms   = 1
mean      = 128.0000 80.0000 127.0000
sigma     = 10000.0000
1 4 4
9.976483583450317e-01 -2.313772775232792e-02 6.451637297868729e-02 -3.588994979858398e+00 
2.308950014412403e-02 9.997322559356689e-01 1.493162242695689e-03 5.591289138793945e+01 
-6.453365087509155e-02 0.000000000000000e+00 9.979155659675598e-01 8.412518501281738e+00 
0.000000000000000e+00 0.000000000000000e+00 0.000000000000000e+00 1.000000000000000e+00 
src volume info
valid = 1  # volume info valid
filename = /out/sourcedata/freesurfer/sub-v2s12x28852_ses-1/mri/norm.mgz
volume = 256 256 256
voxelsize = 1.000000000000000e+00 1.000000000000000e+00 1.000000000000000e+00
xras   = -1.000000000000000e+00 0.000000000000000e+00 0.000000000000000e+00
yras   = 0.000000000000000e+00 0.000000000000000e+00 -1.000000000000000e+00
zras   = 0.000000000000000e+00 1.000000000000000e+00 0.000000000000000e+00
cras   = 2.062500000000000e+00 5.000000000000000e-01 -4.188003540039062e+00
dst volume info
valid = 1  # volume info valid
filename = /out/sourcedata/freesurfer/sub-v2s12x28852_ses-1/mri/norm.mgz
volume = 256 256 256
voxelsize = 1.000000000000000e+00 1.000000000000000e+00 1.000000000000000e+00
xras   = -1.000000000000000e+00 0.000000000000000e+00 0.000000000000000e+00
yras   = 0.000000000000000e+00 0.000000000000000e+00 -1.000000000000000e+00
zras   = 0.000000000000000e+00 1.000000000000000e+00 0.000000000000000e+00
cras   = 2.062500000000000e+00 5.000000000000000e-01 -4.188003540039062e+00
