# transform file /out/sourcedata/freesurfer/sub-v2s12x28887_ses-1/mri/transforms/cc_up.lta
# created by oesteban on Wed Mar 11 03:00:08 2026

type      = 0 # LINEAR_VOX_TO_VOX
nxforms   = 1
mean      = 127.0000 97.0000 123.0000
sigma     = 10000.0000
1 4 4
9.953050017356873e-01 -2.905238652601838e-04 -9.678888320922852e-02 1.350181388854980e+01 
2.891598560381681e-04 1.000000000000000e+00 -2.811948252201546e-05 4.296644592285156e+01 
9.678888320922852e-02 1.818989620386291e-12 9.953050017356873e-01 -7.819013595581055e+00 
0.000000000000000e+00 0.000000000000000e+00 0.000000000000000e+00 1.000000000000000e+00 
src volume info
valid = 1  # volume info valid
filename = /out/sourcedata/freesurfer/sub-v2s12x28887_ses-1/mri/norm.mgz
volume = 256 256 256
voxelsize = 1.000000000000000e+00 1.000000000000000e+00 1.000000000000000e+00
xras   = -1.000000000000000e+00 0.000000000000000e+00 0.000000000000000e+00
yras   = 0.000000000000000e+00 0.000000000000000e+00 -1.000000000000000e+00
zras   = 0.000000000000000e+00 1.000000000000000e+00 0.000000000000000e+00
cras   = 6.593498229980469e+00 3.781005859375000e+00 1.440600585937500e+01
dst volume info
valid = 1  # volume info valid
filename = /out/sourcedata/freesurfer/sub-v2s12x28887_ses-1/mri/norm.mgz
volume = 256 256 256
voxelsize = 1.000000000000000e+00 1.000000000000000e+00 1.000000000000000e+00
xras   = -1.000000000000000e+00 0.000000000000000e+00 0.000000000000000e+00
yras   = 0.000000000000000e+00 0.000000000000000e+00 -1.000000000000000e+00
zras   = 0.000000000000000e+00 1.000000000000000e+00 0.000000000000000e+00
cras   = 6.593498229980469e+00 3.781005859375000e+00 1.440600585937500e+01
