type      = 1 # LINEAR_RAS_TO_RAS
nxforms   = 1
mean      = 0.0000 0.0000 0.0000
sigma     = 1.0000
1 4 4
1.002830028533936e+00 8.815100044012070e-02 -2.926900051534176e-02 -4.660950183868408e+00 
-1.222800016403198e-01 1.055480957031250e+00 -1.090969964861870e-01 -1.207765197753906e+01 
5.442999769002199e-03 1.195190027356148e-01 1.046898961067200e+00 -3.275002288818359e+01 
0.000000000000000e+00 0.000000000000000e+00 0.000000000000000e+00 1.000000000000000e+00 
src volume info
valid = 1  # volume info valid
filename = /out/sourcedata/freesurfer/sub-v2s12x28887_ses-1/mri/orig_nu.mgz
volume = 256 256 256
voxelsize = 1.000000000000000e+00 1.000000000000000e+00 1.000000000000000e+00
xras   = -1.000000000000000e+00 0.000000000000000e+00 0.000000000000000e+00
yras   = 0.000000000000000e+00 0.000000000000000e+00 -1.000000000000000e+00
zras   = 0.000000000000000e+00 1.000000000000000e+00 0.000000000000000e+00
cras   = 6.593498229980469e+00 3.781005859375000e+00 1.440600585937500e+01
dst volume info
valid = 1  # volume info valid
filename = /opt/freesurfer/average/mni305.cor.mgz
volume = 256 256 256
voxelsize = 1.000000000000000e+00 1.000000000000000e+00 1.000000000000000e+00
xras   = -1.000000000000000e+00 0.000000000000000e+00 0.000000000000000e+00
yras   = 0.000000000000000e+00 0.000000000000000e+00 -1.000000000000000e+00
zras   = 0.000000000000000e+00 1.000000000000000e+00 0.000000000000000e+00
cras   = 0.000000000000000e+00 0.000000000000000e+00 0.000000000000000e+00
subject fsaverage
fscale 0.100000
