# transform file /out/sourcedata/freesurfer/sub-v2s12x28880_ses-1/mri/transforms/cc_up.lta
# created by oesteban on Wed Mar 11 02:22:54 2026

type      = 0 # LINEAR_VOX_TO_VOX
nxforms   = 1
mean      = 127.0000 105.0000 130.0000
sigma     = 10000.0000
1 4 4
9.982961416244507e-01 1.189603935927153e-03 5.833848565816879e-02 -5.511499881744385e+00 
-1.187577843666077e-03 9.999992847442627e-01 -6.939974264241755e-05 4.215756988525391e+01 
-5.833852663636208e-02 0.000000000000000e+00 9.982968568801880e-01 5.515962600708008e+00 
0.000000000000000e+00 0.000000000000000e+00 0.000000000000000e+00 1.000000000000000e+00 
src volume info
valid = 1  # volume info valid
filename = /out/sourcedata/freesurfer/sub-v2s12x28880_ses-1/mri/norm.mgz
volume = 256 256 256
voxelsize = 1.000000000000000e+00 1.000000000000000e+00 1.000000000000000e+00
xras   = -1.000000000000000e+00 0.000000000000000e+00 0.000000000000000e+00
yras   = 0.000000000000000e+00 0.000000000000000e+00 -1.000000000000000e+00
zras   = 0.000000000000000e+00 1.000000000000000e+00 0.000000000000000e+00
cras   = -2.195602416992188e+00 5.000000000000000e-01 4.367004394531250e+00
dst volume info
valid = 1  # volume info valid
filename = /out/sourcedata/freesurfer/sub-v2s12x28880_ses-1/mri/norm.mgz
volume = 256 256 256
voxelsize = 1.000000000000000e+00 1.000000000000000e+00 1.000000000000000e+00
xras   = -1.000000000000000e+00 0.000000000000000e+00 0.000000000000000e+00
yras   = 0.000000000000000e+00 0.000000000000000e+00 -1.000000000000000e+00
zras   = 0.000000000000000e+00 1.000000000000000e+00 0.000000000000000e+00
cras   = -2.195602416992188e+00 5.000000000000000e-01 4.367004394531250e+00
