# transform file /out/sourcedata/freesurfer/sub-v2s12x28901_ses-1/mri/transforms/cc_up.lta
# created by oesteban on Wed Mar 11 04:25:19 2026

type      = 0 # LINEAR_VOX_TO_VOX
nxforms   = 1
mean      = 130.0000 96.0000 127.0000
sigma     = 10000.0000
1 4 4
9.995840191841125e-01 3.408223856240511e-03 2.863607555627823e-02 -5.693361282348633e+00 
-3.406825941056013e-03 9.999941587448120e-01 -9.759872773429379e-05 4.545859527587891e+01 
-2.863624319434166e-02 7.275956746821688e-12 9.995898604393005e-01 1.080097007751465e+01 
0.000000000000000e+00 0.000000000000000e+00 0.000000000000000e+00 1.000000000000000e+00 
src volume info
valid = 1  # volume info valid
filename = /out/sourcedata/freesurfer/sub-v2s12x28901_ses-1/mri/norm.mgz
volume = 256 256 256
voxelsize = 1.000000000000000e+00 1.000000000000000e+00 1.000000000000000e+00
xras   = -1.000000000000000e+00 0.000000000000000e+00 0.000000000000000e+00
yras   = 0.000000000000000e+00 0.000000000000000e+00 -1.000000000000000e+00
zras   = 0.000000000000000e+00 1.000000000000000e+00 0.000000000000000e+00
cras   = 5.187202453613281e+00 2.843994140625000e+00 1.257000732421875e+01
dst volume info
valid = 1  # volume info valid
filename = /out/sourcedata/freesurfer/sub-v2s12x28901_ses-1/mri/norm.mgz
volume = 256 256 256
voxelsize = 1.000000000000000e+00 1.000000000000000e+00 1.000000000000000e+00
xras   = -1.000000000000000e+00 0.000000000000000e+00 0.000000000000000e+00
yras   = 0.000000000000000e+00 0.000000000000000e+00 -1.000000000000000e+00
zras   = 0.000000000000000e+00 1.000000000000000e+00 0.000000000000000e+00
cras   = 5.187202453613281e+00 2.843994140625000e+00 1.257000732421875e+01
