#Insight Transform File V1.0
#Transform 0
Transform: AffineTransform_float_3_3
Parameters: 0.999999 0.000439787 0.000774988 -0.000438213 0.999997 -0.00230434 -0.000776011 0.00230366 0.999997 -0.0360064 0.0658378 0.0812609
FixedParameters: 0 0 0

#Transform 1
Transform: AffineTransform_float_3_3
Parameters: 1 1.53077e-06 0.000492998 -4.69225e-07 0.999995 -0.003105 -0.000493004 0.003105 0.999995 -0.0212318 0.0891047 0.0484829
FixedParameters: 0 0 0

#Transform 2
Transform: AffineTransform_float_3_3
Parameters: 1 1.62053e-06 0.000635998 -3.79466e-07 0.999997 -0.002548 -0.000636003 0.002548 0.999996 -0.0273693 0.0689085 0.0479918
FixedParameters: 0 0 0

#Transform 3
Transform: AffineTransform_float_3_3
Parameters: 1 0.000296692 0.000303325 -0.000296309 0.999998 -0.00227709 -0.000303676 0.00227691 0.999998 -0.0147846 0.0497671 0.00668206
FixedParameters: 0 0 0

#Transform 4
Transform: AffineTransform_float_3_3
Parameters: 0.999999 -0.000748189 -0.000164141 0.000747811 0.999999 -0.00114812 0.000164859 0.00114888 1 0.0204207 0.0243193 0.0689653
FixedParameters: 0 0 0

#Transform 5
Transform: AffineTransform_float_3_3
Parameters: 1 -0.000342774 0.000225343 0.000342225 1 -0.00100192 -0.000224657 0.00100208 0.999999 -0.00978804 0.0250124 0.00973648
FixedParameters: 0 0 0

#Transform 6
Transform: AffineTransform_float_3_3
Parameters: 1 -0.000500147 -0.000177585 0.000499852 0.999999 -0.000830088 0.000178415 0.00082991 0.999999 0.00595647 0.0243857 0.00385538
FixedParameters: 0 0 0

#Transform 7
Transform: AffineTransform_float_3_3
Parameters: 1 -0.00027197 3.92072e-05 0.00027203 0.999999 -0.000761989 -3.97927e-05 0.00076201 0.999999 -0.00830559 0.00686199 -0.044056
FixedParameters: 0 0 0

#Transform 8
Transform: AffineTransform_float_3_3
Parameters: 1 -0.000386867 0.000225227 0.000387132 1 -0.000587913 -0.000224772 0.000588087 1 -0.0236089 -0.000394152 -0.0433913
FixedParameters: 0 0 0

#Transform 9
Transform: AffineTransform_float_3_3
Parameters: 1 -0.000491056 -0.000185852 0.000490944 1 -0.000302091 0.000186148 0.000301909 1 -0.00531389 -0.00482373 -0.0646496
FixedParameters: 0 0 0

#Transform 10
Transform: AffineTransform_float_3_3
Parameters: 1 -0.000240144 -0.000185813 0.000239856 0.999999 -0.000777044 0.000185186 0.000776955 0.999999 0.00888287 0.00741768 -0.0888694
FixedParameters: 0 0 0

#Transform 11
Transform: AffineTransform_float_3_3
Parameters: 1 -0.000339117 -0.000185786 0.000338883 0.999999 -0.000632063 0.000185214 0.000631937 1 0.0200648 0.00142881 -0.0879634
FixedParameters: 0 0 0

#Transform 12
Transform: AffineTransform_float_3_3
Parameters: 1 -0.000338314 -0.000371714 0.000338685 0.999999 -0.000846125 0.000372286 0.000845873 0.999999 0.0241832 0.0107366 -0.0658963
FixedParameters: 0 0 0

#Transform 13
Transform: AffineTransform_float_3_3
Parameters: 1 -0.000302121 -6.64548e-05 0.00030188 0.999999 -0.00180502 6.6545e-05 0.00180498 0.999999 0.00817235 0.0474148 -0.0983787
FixedParameters: 0 0 0

#Transform 14
Transform: AffineTransform_float_3_3
Parameters: 1 -0.000228297 -0.000185635 0.000228704 0.999998 -0.00160004 0.000185366 0.00159996 0.999998 -0.00423922 0.0428039 -0.0634006
FixedParameters: 0 0 0

#Transform 15
Transform: AffineTransform_float_3_3
Parameters: 1 -0.000337426 -0.000620768 0.000336574 0.999999 -0.000686209 0.000621231 0.00068579 0.999999 0.0278224 0.00357356 -0.041565
FixedParameters: 0 0 0

#Transform 16
Transform: AffineTransform_float_3_3
Parameters: 0.999999 -0.000748189 -0.000347593 0.00074781 0.999999 -0.00054426 0.000348407 0.000543739 1 0.0177419 -0.0016146 -0.0568179
FixedParameters: 0 0 0

#Transform 17
Transform: AffineTransform_float_3_3
Parameters: 1 -0.000576894 -0.000957065 0.000577106 1 0.000110448 0.000956937 -0.000111552 1 0.0410201 -0.0301903 -0.0382335
FixedParameters: 0 0 0

#Transform 18
Transform: AffineTransform_float_3_3
Parameters: 0.999999 -0.000316915 -0.000761035 0.000317084 1 0.000110759 0.000760964 -0.000111241 0.999999 0.0422914 0.00172012 0.0492388
FixedParameters: 0 0 0

#Transform 19
Transform: AffineTransform_float_3_3
Parameters: 1 -0.000410827 0.000358198 0.000410172 1 -0.000481853 -0.000357802 0.000482147 1 0.000469383 0.0200251 0.00960182
FixedParameters: 0 0 0

#Transform 20
Transform: AffineTransform_float_3_3
Parameters: 1 -0.00010307 -0.000230969 0.00010293 1 -0.000302024 0.000231031 0.000301976 1 0.0132315 0.0190537 0.00664803
FixedParameters: 0 0 0

#Transform 21
Transform: AffineTransform_float_3_3
Parameters: 0.999999 2.10822e-05 -0.000740997 -2.09177e-05 1 0.000111015 0.000741002 -0.000110984 0.999999 0.015328 0.000975584 0.0102344
FixedParameters: 0 0 0

#Transform 22
Transform: AffineTransform_float_3_3
Parameters: 0.999999 -0.000169061 -0.000813987 0.00016894 1 -7.41375e-05 0.000814012 7.48624e-05 0.999999 0.041542 0.0149476 0.00926808
FixedParameters: 0 0 0

#Transform 23
Transform: AffineTransform_float_3_3
Parameters: 0.999999 -0.000334361 -0.000814263 0.000335639 0.999999 0.000784727 0.000814737 -0.000784273 1 0.0655189 -0.0298392 0.0145786
FixedParameters: 0 0 0

#Transform 24
Transform: AffineTransform_float_3_3
Parameters: 1 -0.000336168 -0.00045162 0.000336832 0.999998 0.00184285 0.00045138 -0.00184315 0.999998 0.0257517 -0.0468564 0.0312374
FixedParameters: 0 0 0

#Transform 25
Transform: AffineTransform_float_3_3
Parameters: 1 -0.000267148 -0.000591385 0.000268851 0.999999 0.00144084 0.000590613 -0.00144116 0.999999 0.0367305 -0.0296088 0.047841
FixedParameters: 0 0 0

#Transform 26
Transform: AffineTransform_float_3_3
Parameters: 1 -0.000486859 -6.60425e-05 0.00048714 0.999997 0.00214097 6.49571e-05 -0.00214103 0.999997 0.0179468 -0.0431399 0.0665789
FixedParameters: 0 0 0

#Transform 27
Transform: AffineTransform_float_3_3
Parameters: 0.999999 -0.000748072 3.13184e-05 0.000747928 0.999997 0.00224803 -3.26814e-05 -0.00224798 0.999998 0.0185445 -0.0397749 0.0596963
FixedParameters: 0 0 0

#Transform 28
Transform: AffineTransform_float_3_3
Parameters: 0.999999 -0.000748087 3.09533e-05 0.000747912 0.999996 0.00273602 -3.30464e-05 -0.00273598 0.999997 0.0195042 -0.0607467 0.0587894
FixedParameters: 0 0 0

#Transform 29
Transform: AffineTransform_float_3_3
Parameters: 1 -0.000320417 0.000437967 0.000319583 0.999994 0.00323114 -0.000439035 -0.00323186 0.999994 -0.00252931 -0.104319 0.0297859
FixedParameters: 0 0 0

#Transform 30
Transform: AffineTransform_float_3_3
Parameters: 0.999999 -0.000750329 0.000615169 0.000747671 0.999993 0.00377846 -0.000617828 -0.00377754 0.999992 0.000113221 -0.135699 0.0330644
FixedParameters: 0 0 0

#Transform 31
Transform: AffineTransform_float_3_3
Parameters: 0.999999 -0.00104159 0.000908896 0.0010384 0.999991 0.00394695 -0.000913104 -0.00394505 0.999992 0.000838952 -0.142094 0.045788
FixedParameters: 0 0 0

#Transform 32
Transform: AffineTransform_float_3_3
Parameters: 0.999999 -0.000752432 0.0010057 0.000748566 0.99999 0.00440076 -0.0010093 -0.00439924 0.99999 -6.79905e-05 -0.154745 0.0554419
FixedParameters: 0 0 0

#Transform 33
Transform: AffineTransform_float_3_3
Parameters: 0.999999 -0.000752589 0.00100558 0.000748409 0.99999 0.00455676 -0.00100942 -0.00455525 0.999989 -7.06412e-05 -0.15009 0.0493278
FixedParameters: 0 0 0

#Transform 34
Transform: AffineTransform_float_3_3
Parameters: 1 -0.00075226 0.000941613 0.000747739 0.999989 0.00451571 -0.000945387 -0.00451529 0.99999 0.00272949 -0.146333 0.0492349
FixedParameters: 0 0 0

#Transform 35
Transform: AffineTransform_float_3_3
Parameters: 1 -0.000751811 0.000711998 0.00074819 0.999986 0.00533754 -0.000716003 -0.00533646 0.999985 0.012566 -0.148664 0.0547804
FixedParameters: 0 0 0

#Transform 36
Transform: AffineTransform_float_3_3
Parameters: 0.999999 -0.000751098 0.000529633 0.000747905 0.999983 0.0058254 -0.000533366 -0.0058256 0.999983 0.0203293 -0.173644 -0.00148775
FixedParameters: 0 0 0

#Transform 37
Transform: AffineTransform_float_3_3
Parameters: 1 -0.000621487 0.00100563 0.000615511 0.999985 0.00544762 -0.00100937 -0.00544637 0.999984 -0.00847888 -0.172735 -0.0143398
FixedParameters: 0 0 0

#Transform 38
Transform: AffineTransform_float_3_3
Parameters: 0.999999 -0.000557022 0.000577098 0.000553979 0.999986 0.00522332 -0.000579901 -0.00522268 0.999986 0.017163 -0.177409 -0.00253507
FixedParameters: 0 0 0

#Transform 39
Transform: AffineTransform_float_3_3
Parameters: 0.999999 -0.000573024 0.000577012 0.000569975 0.999986 0.00522833 -0.000579988 -0.00522767 0.999986 0.0111144 -0.148388 0.0311245
FixedParameters: 0 0 0

#Transform 40
Transform: AffineTransform_float_3_3
Parameters: 1 -0.000634028 0.00104296 0.000628973 0.999988 0.00481366 -0.00104604 -0.00481334 0.999988 -0.00240261 -0.148683 -0.00616805
FixedParameters: 0 0 0

#Transform 41
Transform: AffineTransform_float_3_3
Parameters: 0.999999 -0.000317938 0.00147452 0.000311061 0.999989 0.00470246 -0.00147648 -0.00470253 0.999988 -0.0187523 -0.138094 -0.0356392
FixedParameters: 0 0 0

#Transform 42
Transform: AffineTransform_float_3_3
Parameters: 0.999999 -0.000159991 0.00153699 0.000150009 0.999979 0.00649824 -0.00153801 -0.00649776 0.999977 -0.0121622 -0.218345 -0.0109315
FixedParameters: 0 0 0

#Transform 43
Transform: AffineTransform_float_3_3
Parameters: 0.999999 -0.000811582 0.00124545 0.000802414 0.999976 0.006876 -0.00125155 -0.00687499 0.999975 0.00985685 -0.219145 -0.00721305
FixedParameters: 0 0 0

#Transform 44
Transform: AffineTransform_float_3_3
Parameters: 0.999999 -0.000565035 0.00147294 0.000556964 0.999985 0.00544983 -0.00147606 -0.00544917 0.999984 -0.013774 -0.158321 -0.031027
FixedParameters: 0 0 0

#Transform 45
Transform: AffineTransform_float_3_3
Parameters: 0.999999 -0.000566104 0.00147253 0.000556891 0.999981 0.00617683 -0.00147647 -0.00617517 0.99998 -0.0108475 -0.184596 -0.0243428
FixedParameters: 0 0 0

#Transform 46
Transform: AffineTransform_float_3_3
Parameters: 0.999999 -0.000566854 0.00147224 0.000557141 0.999978 0.00668483 -0.00147676 -0.00668417 0.999976 -0.0129381 -0.189706 -0.00361305
FixedParameters: 0 0 0

#Transform 47
Transform: AffineTransform_float_3_3
Parameters: 0.999999 -0.000566626 0.00147233 0.00055637 0.999979 0.00652983 -0.00147666 -0.00652917 0.999977 -0.00240911 -0.192656 0.0013568
FixedParameters: 0 0 0

#Transform 48
Transform: AffineTransform_float_3_3
Parameters: 0.999999 -0.000566626 0.00147233 0.00055637 0.999979 0.00652983 -0.00147666 -0.00652917 0.999977 -0.0175969 -0.183044 0.00581851
FixedParameters: 0 0 0

#Transform 49
Transform: AffineTransform_float_3_3
Parameters: 0.999998 -0.000570217 0.00202232 0.000556785 0.999979 0.00653014 -0.00202568 -0.00652886 0.999976 -0.0306383 -0.189035 -0.00747364
FixedParameters: 0 0 0

#Transform 50
Transform: AffineTransform_float_3_3
Parameters: 0.999999 -0.000225966 0.00156045 0.00021503 0.999976 0.00702435 -0.00156255 -0.00702366 0.999974 -0.0083284 -0.184998 -0.0157825
FixedParameters: 0 0 0

#Transform 51
Transform: AffineTransform_float_3_3
Parameters: 0.999998 -0.000258307 0.00161123 0.000247694 0.999976 0.00701441 -0.00161278 -0.0070136 0.999974 -0.00843982 -0.198225 -0.0216475
FixedParameters: 0 0 0

#Transform 52
Transform: AffineTransform_float_3_3
Parameters: 0.999999 -0.000321428 0.00138785 0.000311572 0.999977 0.00678744 -0.00139015 -0.00678756 0.999976 -0.00768593 -0.183336 -0.0148898
FixedParameters: 0 0 0

#Transform 53
Transform: AffineTransform_float_3_3
Parameters: 0.999998 -0.000517653 0.0016093 0.000505349 0.999973 0.00723282 -0.0016127 -0.00723217 0.999972 -0.0114159 -0.204501 -0.01074
FixedParameters: 0 0 0

#Transform 54
Transform: AffineTransform_float_3_3
Parameters: 0.999998 -0.000648088 0.00199247 0.000633908 0.999975 0.00706328 -0.00199753 -0.00706172 0.999973 -0.0146817 -0.208387 0.00365323
FixedParameters: 0 0 0

#Transform 55
Transform: AffineTransform_float_3_3
Parameters: 0.999998 -0.000792596 0.00180151 0.0007804 0.999976 0.00698242 -0.00180749 -0.00698058 0.999974 -0.0143662 -0.213557 0.0435432
FixedParameters: 0 0 0

#Transform 56
Transform: AffineTransform_float_3_3
Parameters: 0.999999 -0.000791153 0.00165324 0.000778841 0.999973 0.0073393 -0.00165976 -0.0073377 0.999971 -0.0100299 -0.240808 0.0441083
FixedParameters: 0 0 0

#Transform 57
Transform: AffineTransform_float_3_3
Parameters: 0.999998 -0.000806128 0.0018469 0.000791877 0.99997 0.00763848 -0.0018521 -0.00763652 0.999969 -0.00520361 -0.242762 0.0343252
FixedParameters: 0 0 0

#Transform 58
Transform: AffineTransform_float_3_3
Parameters: 0.999998 -0.00097857 0.00184535 0.000963433 0.999969 0.0078798 -0.00185265 -0.00787821 0.999968 0.00788785 -0.240274 0.0687066
FixedParameters: 0 0 0

#Transform 59
Transform: AffineTransform_float_3_3
Parameters: 0.999998 -0.00131495 0.00184312 0.00130105 0.99997 0.00755141 -0.00185288 -0.00754858 0.99997 0.00953571 -0.225082 0.0939758
FixedParameters: 0 0 0

#Transform 60
Transform: AffineTransform_float_3_3
Parameters: 0.999998 -0.000813169 0.00184683 0.000799836 0.999971 0.0076605 -0.00185218 -0.00765851 0.999969 0.00659586 -0.23108 0.0683866
FixedParameters: 0 0 0

#Transform 61
Transform: AffineTransform_float_3_3
Parameters: 0.999998 -0.000813699 0.00184659 0.000799305 0.999968 0.00794749 -0.00185241 -0.00794551 0.999966 0.00357231 -0.243632 0.0470284
FixedParameters: 0 0 0

#Transform 62
Transform: AffineTransform_float_3_3
Parameters: 0.999997 -0.00115156 0.00184398 0.00113744 0.999969 0.00788012 -0.00185302 -0.00787789 0.999968 0.00977775 -0.240144 0.0308288
FixedParameters: 0 0 0

#Transform 63
Transform: AffineTransform_float_3_3
Parameters: 0.999996 -0.00137507 0.00274203 0.00135493 0.999973 0.00730776 -0.00275198 -0.00730426 0.99997 -0.0102807 -0.214326 0.120826
FixedParameters: 0 0 0

#Transform 64
Transform: AffineTransform_float_3_3
Parameters: 0.999996 -0.00171977 0.00250091 0.00170524 0.999981 0.0058933 -0.00251109 -0.00588971 0.99998 -0.00939396 -0.162142 0.139712
FixedParameters: 0 0 0

#Transform 65
Transform: AffineTransform_float_3_3
Parameters: 0.999996 -0.00136792 0.00239266 0.00135508 0.999984 0.00539426 -0.00240034 -0.00539073 0.999982 0.0049406 -0.149475 0.115462
FixedParameters: 0 0 0

#Transform 66
Transform: AffineTransform_float_3_3
Parameters: 0.999997 -0.00136745 0.00233575 0.00135555 0.999985 0.00532519 -0.00234325 -0.00532182 0.999983 -0.00245106 -0.16169 0.105274
FixedParameters: 0 0 0

#Transform 67
Transform: AffineTransform_float_3_3
Parameters: 0.999997 -0.0013702 0.00233415 0.0013548 0.999978 0.00650019 -0.00234285 -0.00649681 0.999976 -0.00729869 -0.190515 0.0699901
FixedParameters: 0 0 0

#Transform 68
Transform: AffineTransform_float_3_3
Parameters: 0.999995 -0.00181705 0.0023298 0.00179995 0.999971 0.00730022 -0.0023432 -0.00729577 0.99997 0.00121068 -0.216584 0.0765947
FixedParameters: 0 0 0

#Transform 69
Transform: AffineTransform_float_3_3
Parameters: 0.999996 -0.00189717 0.00232832 0.00187884 0.999968 0.00778041 -0.00234269 -0.00777559 0.999967 0.0179411 -0.233272 0.0866753
FixedParameters: 0 0 0

#Transform 70
Transform: AffineTransform_float_3_3
Parameters: 0.999995 -0.00181889 0.00232837 0.00180011 0.999965 0.00808822 -0.00234263 -0.00808477 0.999964 0.0173153 -0.248278 0.0665617
FixedParameters: 0 0 0

#Transform 71
Transform: AffineTransform_float_3_3
Parameters: 0.999995 -0.00217487 0.00232364 0.00215412 0.999957 0.00894905 -0.00234337 -0.00894395 0.999958 0.019612 -0.272111 0.0515482
FixedParameters: 0 0 0

#Transform 72
Transform: AffineTransform_float_3_3
Parameters: 0.999994 -0.00233921 0.00232183 0.00231779 0.999956 0.00909543 -0.00234317 -0.00908957 0.999956 0.0207086 -0.271746 0.0779064
FixedParameters: 0 0 0

#Transform 73
Transform: AffineTransform_float_3_3
Parameters: 0.999995 -0.00222993 0.00232214 0.00220807 0.999954 0.00940418 -0.00234286 -0.00939983 0.999953 0.0286112 -0.289078 0.0796749
FixedParameters: 0 0 0

#Transform 74
Transform: AffineTransform_float_3_3
Parameters: 0.999995 -0.00224278 0.00232216 0.00222122 0.999954 0.0093382 -0.00234284 -0.00933279 0.999953 0.0367122 -0.292506 0.0672572
FixedParameters: 0 0 0

#Transform 75
Transform: AffineTransform_float_3_3
Parameters: 0.999994 -0.00227613 0.00232248 0.00225588 0.999957 0.00905929 -0.00234253 -0.00905472 0.999957 0.0202966 -0.269463 0.0988103
FixedParameters: 0 0 0

#Transform 76
Transform: AffineTransform_float_3_3
Parameters: 0.999995 -0.00245892 0.00232104 0.00243808 0.999957 0.00897271 -0.00234297 -0.00896729 0.999957 0.0215683 -0.249275 0.121023
FixedParameters: 0 0 0

#Transform 77
Transform: AffineTransform_float_3_3
Parameters: 0.999994 -0.00226022 0.00232254 0.00223879 0.999956 0.00909825 -0.00234246 -0.00909375 0.999956 0.0358103 -0.255177 0.111372
FixedParameters: 0 0 0

#Transform 78
Transform: AffineTransform_float_3_3
Parameters: 0.999994 -0.00226266 0.00232306 0.00224234 0.999959 0.00885726 -0.00234295 -0.00885175 0.999958 0.0350581 -0.24468 0.118064
FixedParameters: 0 0 0

#Transform 79
Transform: AffineTransform_float_3_3
Parameters: 0.999995 -0.00221622 0.00232294 0.00219478 0.999956 0.00909815 -0.00234306 -0.00909386 0.999956 0.0299087 -0.268454 0.094664
FixedParameters: 0 0 0

#Transform 80
Transform: AffineTransform_float_3_3
Parameters: 0.999995 -0.00203387 0.00232404 0.00201213 0.999954 0.00937472 -0.00234296 -0.00936928 0.999954 0.0311944 -0.273148 0.0963265
FixedParameters: 0 0 0

#Transform 81
Transform: AffineTransform_float_3_3
Parameters: 0.999995 -0.00209374 0.00262021 0.00206927 0.999957 0.00902947 -0.00263879 -0.00902452 0.999956 0.0170752 -0.252697 0.101865
FixedParameters: 0 0 0

#Transform 82
Transform: AffineTransform_float_3_3
Parameters: 0.999995 -0.00231408 0.00241705 0.00229192 0.999956 0.00909859 -0.00243795 -0.00909341 0.999955 0.0164684 -0.255312 0.0944002
FixedParameters: 0 0 0

#Transform 83
Transform: AffineTransform_float_3_3
Parameters: 0.999995 -0.00215322 0.00232351 0.00213278 0.999957 0.009098 -0.0023425 -0.009093 0.999956 0.0329787 -0.272904 0.0793671
FixedParameters: 0 0 0

#Transform 84
Transform: AffineTransform_float_3_3
Parameters: 0.999994 -0.00231622 0.00232203 0.00229478 0.999956 0.00909838 -0.00234297 -0.00909362 0.999956 0.0206262 -0.271803 0.0980462
FixedParameters: 0 0 0

#Transform 85
Transform: AffineTransform_float_3_3
Parameters: 0.999995 -0.00222222 0.00232288 0.00220078 0.999956 0.00909816 -0.00234312 -0.00909384 0.999956 0.0306879 -0.271235 0.113782
FixedParameters: 0 0 0

#Transform 86
Transform: AffineTransform_float_3_3
Parameters: 0.999995 -0.00243107 0.00231906 0.00240794 0.999948 0.00989764 -0.00234294 -0.00989236 0.999949 0.0316266 -0.300357 0.133058
FixedParameters: 0 0 0

#Transform 87
Transform: AffineTransform_float_3_3
Parameters: 0.999994 -0.00249662 0.00231888 0.00247337 0.99995 0.00970879 -0.00234312 -0.00970321 0.99995 0.0307829 -0.294 0.139281
FixedParameters: 0 0 0

#Transform 88
Transform: AffineTransform_float_3_3
Parameters: 0.999995 -0.00214229 0.00232263 0.0021207 0.999952 0.00955797 -0.00234337 -0.00955302 0.999951 0.0244039 -0.287094 0.124112
FixedParameters: 0 0 0

#Transform 89
Transform: AffineTransform_float_3_3
Parameters: 0.999994 -0.00201843 0.00257527 0.00199257 0.999949 0.00984018 -0.00259473 -0.00983481 0.999949 0.0173198 -0.287511 0.124385
FixedParameters: 0 0 0

#Transform 90
Transform: AffineTransform_float_3_3
Parameters: 0.999995 -0.00246427 0.00231851 0.00244173 0.999947 0.00998772 -0.0023425 -0.00998229 0.999948 0.0313083 -0.292699 0.151058
FixedParameters: 0 0 0

#Transform 91
Transform: AffineTransform_float_3_3
Parameters: 0.999995 -0.00245674 0.00232125 0.00243627 0.999958 0.00889271 -0.00234275 -0.0088873 0.999958 0.0216334 -0.263721 0.139378
FixedParameters: 0 0 0

#Transform 92
Transform: AffineTransform_float_3_3
Parameters: 0.999992 -0.002629 0.00278879 0.00260199 0.99995 0.00964232 -0.00281421 -0.00963467 0.999949 0.0024236 -0.277567 0.134795
FixedParameters: 0 0 0

#Transform 93
Transform: AffineTransform_float_3_3
Parameters: 0.999993 -0.0025546 0.00278896 0.0025274 0.999948 0.00985612 -0.00281404 -0.00984888 0.999947 0.0125883 -0.286807 0.146581
FixedParameters: 0 0 0

#Transform 94
Transform: AffineTransform_float_3_3
Parameters: 0.999993 -0.00246203 0.00306836 0.00243097 0.999947 0.0100765 -0.00309264 -0.0100685 0.999944 -0.000664298 -0.296736 0.12473
FixedParameters: 0 0 0

#Transform 95
Transform: AffineTransform_float_3_3
Parameters: 0.999994 -0.0023721 0.00279036 0.0023439 0.999947 0.0100296 -0.00281464 -0.0100224 0.999946 0.00863131 -0.289162 0.130054
FixedParameters: 0 0 0

#Transform 96
Transform: AffineTransform_float_3_3
Parameters: 0.999994 -0.00246953 0.0026274 0.00244247 0.999942 0.0104285 -0.00265361 -0.0104225 0.999942 0.0258104 -0.278996 0.130389
FixedParameters: 0 0 0

#Transform 97
Transform: AffineTransform_float_3_3
Parameters: 0.999993 -0.00249147 0.00303161 0.00245953 0.99994 0.0106665 -0.0030584 -0.0106585 0.999938 0.00858575 -0.306753 0.131588
FixedParameters: 0 0 0

#Transform 98
Transform: AffineTransform_float_3_3
Parameters: 0.999991 -0.0025201 0.00320851 0.0024859 0.999941 0.0105881 -0.00323449 -0.0105799 0.999939 0.00077713 -0.303464 0.122681
FixedParameters: 0 0 0

#Transform 99
Transform: AffineTransform_float_3_3
Parameters: 0.99999 -0.00262016 0.00362602 0.00258183 0.999938 0.0107645 -0.00365399 -0.0107545 0.999935 -0.0187522 -0.307176 0.130596
FixedParameters: 0 0 0

#Transform 100
Transform: AffineTransform_float_3_3
Parameters: 0.99999 -0.0026063 0.00347937 0.0025687 0.999939 0.010682 -0.00350663 -0.010673 0.999937 -0.0101482 -0.312812 0.151565
FixedParameters: 0 0 0

#Transform 101
Transform: AffineTransform_float_3_3
Parameters: 0.999991 -0.00261751 0.00328804 0.00258149 0.999939 0.0107576 -0.00331595 -0.0107494 0.999936 0.0230713 -0.316272 0.132878
FixedParameters: 0 0 0

#Transform 102
Transform: AffineTransform_float_3_3
Parameters: 0.999989 -0.00280885 0.00387771 0.00277516 0.999959 0.00870586 -0.00390229 -0.00869514 0.999954 -0.000992589 -0.204098 0.207143
FixedParameters: 0 0 0

#Transform 103
Transform: AffineTransform_float_3_3
Parameters: 0.99999 -0.00286248 0.00326912 0.00282752 0.999941 0.0105033 -0.00329886 -0.0104936 0.999939 0.0256273 -0.298249 0.239375
FixedParameters: 0 0 0

#Transform 104
Transform: AffineTransform_float_3_3
Parameters: 0.999991 -0.00281093 0.00300242 0.00277906 0.99994 0.0105874 -0.00303258 -0.0105786 0.999939 0.0365319 -0.283961 0.197185
FixedParameters: 0 0 0

#Transform 105
Transform: AffineTransform_float_3_3
Parameters: 0.99999 -0.0026805 0.00352354 0.00264451 0.999943 0.0103214 -0.00355048 -0.0103126 0.999941 0.0132229 -0.271291 0.158023
FixedParameters: 0 0 0

#Transform 106
Transform: AffineTransform_float_3_3
Parameters: 0.999992 -0.00249199 0.00308846 0.00246 0.999943 0.0103187 -0.00311454 -0.0103103 0.999942 0.0307647 -0.295819 0.131262
FixedParameters: 0 0 0

#Transform 107
Transform: AffineTransform_float_3_3
Parameters: 0.99999 -0.00287129 0.0034677 0.00283771 0.99995 0.00956694 -0.00349529 -0.00955706 0.999948 0.0166542 -0.262822 0.125873
FixedParameters: 0 0 0

#Transform 108
Transform: AffineTransform_float_3_3
Parameters: 0.999991 -0.00298289 0.00308442 0.0029521 0.999946 0.00997119 -0.00311457 -0.0099618 0.999945 0.0338233 -0.279802 0.141511
FixedParameters: 0 0 0

#Transform 109
Transform: AffineTransform_float_3_3
Parameters: 0.999991 -0.00264063 0.00308807 0.00261037 0.999948 0.00988014 -0.00311393 -0.00987186 0.999947 0.0316137 -0.276608 0.138825
FixedParameters: 0 0 0

#Transform 110
Transform: AffineTransform_float_3_3
Parameters: 0.99999 -0.00249435 0.00350581 0.00245966 0.99995 0.00976872 -0.00352918 -0.00975929 0.999946 0.0127838 -0.272302 0.127063
FixedParameters: 0 0 0

#Transform 111
Transform: AffineTransform_float_3_3
Parameters: 0.999992 -0.00202136 0.00351611 0.00199764 0.999974 0.00691808 -0.0035299 -0.00691092 0.99997 -0.0252899 -0.214783 -0.0562808
FixedParameters: 0 0 0

#Transform 112
Transform: AffineTransform_float_3_3
Parameters: 1 0.000131081 0.000456704 -0.000118938 0.999652 -0.026352 -0.000459294 0.0263519 0.999652 -0.0741921 0.89882 -0.324915
FixedParameters: 0 0 0

#Transform 113
Transform: AffineTransform_float_3_3
Parameters: 1 2.5536e-05 9.13286e-05 -2.24456e-05 0.999618 -0.027661 -9.26564e-05 0.027661 0.999618 -0.031436 0.934752 -0.480359
FixedParameters: 0 0 0

#Transform 114
Transform: AffineTransform_float_3_3
Parameters: 0.999999 -0.000505417 0.000699526 0.000520593 0.999747 -0.0224576 -0.000688482 0.0224583 0.999747 -0.0107088 0.78794 -0.359934
FixedParameters: 0 0 0

#Transform 115
Transform: AffineTransform_float_3_3
Parameters: 0.999995 -0.00181755 0.00278378 0.00184645 0.999946 -0.0102509 -0.00276521 0.0102561 0.999943 0.0157555 0.455286 0.0662313
FixedParameters: 0 0 0

#Transform 116
Transform: AffineTransform_float_3_3
Parameters: 0.999997 -0.00111211 0.00219866 0.00113089 0.999963 -0.00860854 -0.00218934 0.00861146 0.99996 -0.0145936 0.364512 -0.0431615
FixedParameters: 0 0 0

#Transform 117
Transform: AffineTransform_float_3_3
Parameters: 0.999996 -0.00135742 0.00219932 0.00137358 0.99997 -0.007555 -0.00218968 0.00755799 0.999969 -0.020461 0.320566 -0.131135
FixedParameters: 0 0 0

#Transform 118
Transform: AffineTransform_float_3_3
Parameters: 0.999998 -0.00118864 0.00188485 0.00120036 0.999977 -0.00656875 -0.00187716 0.00657024 0.999976 0.00261768 0.27802 -0.163196
FixedParameters: 0 0 0

#Transform 119
Transform: AffineTransform_float_3_3
Parameters: 0.999996 -0.00142909 0.00219876 0.00144391 0.999976 -0.00679485 -0.00218924 0.00679815 0.999975 -0.0199912 0.279508 -0.139233
FixedParameters: 0 0 0

#Transform 120
Transform: AffineTransform_float_3_3
Parameters: 0.999997 -0.0014156 0.00189413 0.0014334 0.999957 -0.00921831 -0.00188086 0.00922069 0.999955 -0.019524 0.348692 -0.0284037
FixedParameters: 0 0 0

#Transform 121
Transform: AffineTransform_float_3_3
Parameters: 0.999993 -0.000848377 0.00366707 0.000869622 0.999982 -0.00589885 -0.00366193 0.00590215 0.999976 -0.134799 0.146872 -0.769009
FixedParameters: 0 0 0

#Transform 122
Transform: AffineTransform_float_3_3
Parameters: 0.999998 -0.00121891 0.00145044 0.00122309 0.999996 -0.00281923 -0.00144756 0.00282177 0.999995 -0.0845779 0.131155 -0.55141
FixedParameters: 0 0 0

#Transform 123
Transform: AffineTransform_float_3_3
Parameters: 0.999998 -0.00132912 0.00190542 0.00133389 0.999996 -0.00256446 -0.00190258 0.00256653 0.999995 -0.0719907 0.147252 -0.34002
FixedParameters: 0 0 0

#Transform 124
Transform: AffineTransform_float_3_3
Parameters: 0.999997 -0.00132936 0.00215987 0.00133364 0.999997 -0.00215013 -0.00215714 0.00215287 0.999996 -0.0708103 0.127807 -0.377155
FixedParameters: 0 0 0

#Transform 125
Transform: AffineTransform_float_3_3
Parameters: 0.999995 -0.00132871 0.00308229 0.00133429 0.999997 -0.0017139 -0.00307972 0.0017181 0.999994 -0.102353 0.118684 -0.413442
FixedParameters: 0 0 0

#Transform 126
Transform: AffineTransform_float_3_3
Parameters: 0.999996 -0.00182847 0.00241843 0.00183353 0.999996 -0.00187057 -0.00241457 0.00187542 0.999996 -0.0782401 0.124828 -0.453209
FixedParameters: 0 0 0

#Transform 127
Transform: AffineTransform_float_3_3
Parameters: 0.999996 -0.00182873 0.00247317 0.00183327 0.999997 -0.00172647 -0.00246984 0.00173153 0.999996 -0.082831 0.113014 -0.490577
FixedParameters: 0 0 0

#Transform 128
Transform: AffineTransform_float_3_3
Parameters: 0.999994 -0.001589 0.00308361 0.001596 0.999996 -0.00226809 -0.00308038 0.00227291 0.999992 -0.1036 0.11371 -0.498111
FixedParameters: 0 0 0

#Transform 129
Transform: AffineTransform_float_3_3
Parameters: 0.999994 -0.00157873 0.00287545 0.00158527 0.999997 -0.00218045 -0.00287154 0.00218554 0.999993 -0.103086 0.112362 -0.497128
FixedParameters: 0 0 0

#Transform 130
Transform: AffineTransform_float_3_3
Parameters: 0.999994 -0.00182743 0.00285957 0.00183357 0.999997 -0.00194577 -0.00285643 0.00195123 0.999994 -0.0931405 0.103711 -0.495828
FixedParameters: 0 0 0

#Transform 131
Transform: AffineTransform_float_3_3
Parameters: 0.999993 -0.00182554 0.0030355 0.00183346 0.999996 -0.00245545 -0.0030305 0.00246055 0.999993 -0.110257 0.128033 -0.476741
FixedParameters: 0 0 0

#Transform 132
Transform: AffineTransform_float_3_3
Parameters: 0.999994 -0.00164779 0.00310337 0.00165621 0.999995 -0.00264388 -0.00309863 0.00264912 0.999991 -0.121739 0.132798 -0.463197
FixedParameters: 0 0 0

#Transform 133
Transform: AffineTransform_float_3_3
Parameters: 0.999991 -0.00182275 0.00368908 0.00183325 0.999995 -0.00277626 -0.00368392 0.00278274 0.99999 -0.145949 0.151836 -0.465392
FixedParameters: 0 0 0

#Transform 134
Transform: AffineTransform_float_3_3
Parameters: 0.999992 -0.00182495 0.00354515 0.00183304 0.999995 -0.00226752 -0.00354085 0.00227448 0.999991 -0.139631 0.129984 -0.442044
FixedParameters: 0 0 0

#Transform 135
Transform: AffineTransform_float_3_3
Parameters: 0.999993 -0.00132358 0.00368631 0.00132942 0.999997 -0.00173911 -0.00368369 0.00174389 0.999991 -0.148446 0.0915935 -0.422917
FixedParameters: 0 0 0

#Transform 136
Transform: AffineTransform_float_3_3
Parameters: 0.999992 -0.00153721 0.00368558 0.00154079 0.999999 -0.00102633 -0.00368342 0.00103167 0.999992 -0.135262 0.0626677 -0.417247
FixedParameters: 0 0 0

#Transform 137
Transform: AffineTransform_float_3_3
Parameters: 0.999991 -0.00171618 0.00368531 0.00171882 0.999998 -0.000761672 -0.00368368 0.000768328 0.999993 -0.136972 0.0736283 -0.406787
FixedParameters: 0 0 0

#Transform 138
Transform: AffineTransform_float_3_3
Parameters: 0.999992 -0.00168221 0.00368573 0.00168579 0.999998 -0.00102579 -0.00368327 0.0010312 0.999992 -0.132281 0.0849406 -0.415243
FixedParameters: 0 0 0

#Transform 139
Transform: AffineTransform_float_3_3
Parameters: 0.999992 -0.00141379 0.00368562 0.00141821 0.999999 -0.00113978 -0.00368338 0.00114522 0.999992 -0.138154 0.089264 -0.441546
FixedParameters: 0 0 0

#Transform 140
Transform: AffineTransform_float_3_3
Parameters: 0.999992 -0.00162362 0.00368593 0.00162838 0.999998 -0.00118601 -0.00368407 0.00119199 0.999993 -0.142766 0.0917227 -0.436924
FixedParameters: 0 0 0

#Transform 141
Transform: AffineTransform_float_3_3
Parameters: 0.999993 -0.00129456 0.00368557 0.00129844 0.999999 -0.00120322 -0.00368344 0.00120778 0.999993 -0.131812 0.0831181 -0.46477
FixedParameters: 0 0 0

#Transform 142
Transform: AffineTransform_float_3_3
Parameters: 0.999992 -0.00139297 0.0036939 0.00139803 0.999998 -0.00135885 -0.0036921 0.00136415 0.999993 -0.139253 0.119407 -0.465268
FixedParameters: 0 0 0

#Transform 143
Transform: AffineTransform_float_3_3
Parameters: 0.999994 -0.00144753 0.00337535 0.00145247 0.999997 -0.00161811 -0.00337265 0.00162289 0.999993 -0.127916 0.147857 -0.43876
FixedParameters: 0 0 0

#Transform 144
Transform: AffineTransform_float_3_3
Parameters: 0.999993 -0.00144649 0.00348771 0.00145251 0.999997 -0.00186395 -0.0034853 0.00186906 0.999992 -0.129365 0.144381 -0.486235
FixedParameters: 0 0 0

#Transform 145
Transform: AffineTransform_float_3_3
Parameters: 0.999993 -0.00139365 0.00341919 0.00139835 0.999998 -0.00156323 -0.00341781 0.00156877 0.999993 -0.12871 0.115862 -0.458867
FixedParameters: 0 0 0

#Transform 146
Transform: AffineTransform_float_3_3
Parameters: 0.999993 -0.00144772 0.0036421 0.00145228 0.999998 -0.00144672 -0.0036409 0.00145228 0.999993 -0.139806 0.0878174 -0.446858
FixedParameters: 0 0 0

#Transform 147
Transform: AffineTransform_float_3_3
Parameters: 0.999993 -0.00144771 0.00364211 0.00145229 0.999998 -0.00144872 -0.0036409 0.00145428 0.999993 -0.146053 0.087946 -0.465975
FixedParameters: 0 0 0

#Transform 148
Transform: AffineTransform_float_3_3
Parameters: 0.999992 -0.00137723 0.0036418 0.00138177 0.999998 -0.00130698 -0.00364019 0.00131202 0.999992 -0.146571 0.081617 -0.459858
FixedParameters: 0 0 0

#Transform 149
Transform: AffineTransform_float_3_3
Parameters: 0.999991 -0.00144799 0.00383689 0.001453 0.999998 -0.00130144 -0.00383511 0.00130756 0.999992 -0.154583 0.0817376 -0.502449
FixedParameters: 0 0 0

#Transform 150
Transform: AffineTransform_float_3_3
Parameters: 0.999991 -0.00110749 0.00413421 0.00111151 0.999999 -0.00108841 -0.00413279 0.00109359 0.999991 -0.161631 0.0798003 -0.497845
FixedParameters: 0 0 0

#Transform 151
Transform: AffineTransform_float_3_3
Parameters: 0.999991 -0.000971263 0.00413388 0.000974737 0.999999 -0.000901979 -0.00413312 0.000906023 0.999991 -0.162159 0.0636105 -0.574706
FixedParameters: 0 0 0

#Transform 152
Transform: AffineTransform_float_3_3
Parameters: 0.999992 -0.0014213 0.00388436 0.0014247 0.999998 -0.000950474 -0.00388364 0.000956528 0.999992 -0.133868 0.0704084 -0.645394
FixedParameters: 0 0 0

#Transform 153
Transform: AffineTransform_float_3_3
Parameters: 0.999993 -0.000972911 0.00345559 0.000975091 1 -0.000603634 -0.00345441 0.000606365 0.999994 -0.127457 0.072082 -0.610987
FixedParameters: 0 0 0

#Transform 154
Transform: AffineTransform_float_3_3
Parameters: 0.999991 -0.000971988 0.00399973 0.000975012 0.999999 -0.000751107 -0.00399926 0.000754894 0.999991 -0.15081 0.0616425 -0.606408
FixedParameters: 0 0 0

#Transform 155
Transform: AffineTransform_float_3_3
Parameters: 0.999992 -0.000973874 0.00403927 0.000975128 1 -0.000277064 -0.00403873 0.000280936 0.999992 -0.149567 0.0527415 -0.618599
FixedParameters: 0 0 0

#Transform 156
Transform: AffineTransform_float_3_3
Parameters: 0.999987 -0.000974573 0.00489108 0.000975429 1 -8.52302e-05 -0.00489091 8.97677e-05 0.999988 -0.1703 0.0445518 -0.61085
FixedParameters: 0 0 0

#Transform 157
Transform: AffineTransform_float_3_3
Parameters: 0.999988 -0.000975678 0.00478786 0.000975318 0.999999 0.000144671 -0.00478714 -0.000139331 0.999988 -0.173479 0.0382113 -0.652973
FixedParameters: 0 0 0

#Transform 158
Transform: AffineTransform_float_3_3
Parameters: 0.99999 -0.00110017 0.00437621 0.00110083 1 -0.000186185 -0.00437579 0.000191816 0.999991 -0.162147 0.0352842 -0.650005
FixedParameters: 0 0 0

#Transform 159
Transform: AffineTransform_float_3_3
Parameters: 0.99999 -0.000971577 0.00437676 0.000975427 0.999999 -0.000780739 -0.00437624 0.00078426 0.99999 -0.167125 0.0605968 -0.668061
FixedParameters: 0 0 0

#Transform 160
Transform: AffineTransform_float_3_3
Parameters: 0.99999 -0.000971577 0.00437676 0.000975427 0.999999 -0.000780739 -0.00437624 0.00078426 0.99999 -0.17051 0.0605916 -0.665527
FixedParameters: 0 0 0

#Transform 161
Transform: AffineTransform_float_3_3
Parameters: 0.999988 -0.000693959 0.00496817 0.00068804 0.999999 0.00120143 -0.00496883 -0.00119757 0.999987 -0.199126 0.0119277 -0.600716
FixedParameters: 0 0 0

#Transform 162
Transform: AffineTransform_float_3_3
Parameters: 0.999987 -0.000763483 0.00504892 0.000736517 0.999985 0.00544279 -0.00505308 -0.00543921 0.999973 -0.186717 -0.153373 -0.521894
FixedParameters: 0 0 0

#Transform 163
Transform: AffineTransform_float_3_3
Parameters: 0.99999 -0.00134134 0.00426689 0.00134066 0.999999 8.27213e-05 -0.00426711 -7.72771e-05 0.999991 -0.163019 0.0779597 -0.650111
FixedParameters: 0 0 0

#Transform 164
Transform: AffineTransform_float_3_3
Parameters: 0.999991 -0.00143801 0.00416573 0.00144299 0.999998 -0.001196 -0.00416427 0.001202 0.99999 -0.16946 0.137775 -0.625064
FixedParameters: 0 0 0

#Transform 165
Transform: AffineTransform_float_3_3
Parameters: 0.99999 -0.00151667 0.00405462 0.00152033 0.999999 -0.00106385 -0.00405338 0.00107016 0.999991 -0.161878 0.116609 -0.623815
FixedParameters: 0 0 0

#Transform 166
Transform: AffineTransform_float_3_3
Parameters: 0.999991 -0.00136894 0.00399608 0.00137506 0.999998 -0.00151452 -0.00399392 0.00151948 0.999991 -0.162784 0.119752 -0.65419
FixedParameters: 0 0 0

#Transform 167
Transform: AffineTransform_float_3_3
Parameters: 0.999991 -0.00169669 0.00389176 0.00170331 0.999997 -0.00161839 -0.00388924 0.00162561 0.999991 -0.156215 0.125002 -0.626977
FixedParameters: 0 0 0

#Transform 168
Transform: AffineTransform_float_3_3
Parameters: 0.999989 -0.00136816 0.00443712 0.00137584 0.999998 -0.00153891 -0.00443488 0.00154508 0.999989 -0.181379 0.108505 -0.57379
FixedParameters: 0 0 0

#Transform 169
Transform: AffineTransform_float_3_3
Parameters: 0.999989 -0.00136865 0.00443697 0.00137535 0.999998 -0.00142891 -0.00443504 0.00143509 0.999989 -0.184411 0.100892 -0.607447
FixedParameters: 0 0 0

#Transform 170
Transform: AffineTransform_float_3_3
Parameters: 0.999989 -0.00136976 0.00443662 0.00137524 0.999999 -0.00117791 -0.00443538 0.00118409 0.99999 -0.181534 0.0994889 -0.60948
FixedParameters: 0 0 0

#Transform 171
Transform: AffineTransform_float_3_3
Parameters: 0.999991 -0.00137014 0.0041756 0.00137587 0.999999 -0.00116227 -0.0041744 0.00116773 0.99999 -0.170567 0.109786 -0.671822
FixedParameters: 0 0 0

#Transform 172
Transform: AffineTransform_float_3_3
Parameters: 0.999987 -0.00187497 0.0047182 0.00188303 0.999997 -0.00169714 -0.00471481 0.00170586 0.999988 -0.191039 0.0967844 -0.731466
FixedParameters: 0 0 0

#Transform 173
Transform: AffineTransform_float_3_3
Parameters: 0.999988 -0.00177616 0.00471758 0.00178285 0.999998 -0.00144761 -0.00471542 0.00145539 0.999988 -0.182222 0.0933329 -0.751171
FixedParameters: 0 0 0

#Transform 174
Transform: AffineTransform_float_3_3
Parameters: 0.999986 -0.00177347 0.0049804 0.00178253 0.999996 -0.00191015 -0.0049766 0.00191885 0.999986 -0.191166 0.112731 -0.748739
FixedParameters: 0 0 0

#Transform 175
Transform: AffineTransform_float_3_3
Parameters: 0.999989 -0.00177741 0.00446723 0.00178259 0.999997 -0.00124805 -0.00446577 0.00125595 0.999989 -0.165868 0.10976 -0.728409
FixedParameters: 0 0 0

#Transform 176
Transform: AffineTransform_float_3_3
Parameters: 0.999981 -0.00223539 0.00561663 0.00224161 0.999997 -0.00117043 -0.00561436 0.00118257 0.999983 -0.198543 0.0988364 -0.7545
FixedParameters: 0 0 0

#Transform 177
Transform: AffineTransform_float_3_3
Parameters: 0.999978 -0.00231316 0.00625453 0.00231983 0.999996 -0.00108551 -0.00625247 0.00110049 0.99998 -0.220204 0.0972749 -0.731023
FixedParameters: 0 0 0

#Transform 178
Transform: AffineTransform_float_3_3
Parameters: 0.999978 -0.00231132 0.00632818 0.00231969 0.999997 -0.00136535 -0.00632482 0.00137965 0.999979 -0.223381 0.0869232 -0.753079
FixedParameters: 0 0 0

#Transform 179
Transform: AffineTransform_float_3_3
Parameters: 0.999974 -0.00280385 0.00672499 0.00281115 0.999996 -0.00105312 -0.00672202 0.00107288 0.999977 -0.21535 0.073951 -0.760928
FixedParameters: 0 0 0
