#Insight Transform File V1.0
#Transform 0
Transform: AffineTransform_float_3_3
Parameters: 1 -9.3e-05 6.6216e-08 9.3e-05 0.999999 -0.000712 6.6216e-08 0.000712 0.999999 0.000408977 0.0292554 -0.0434785
FixedParameters: 0 0 0

#Transform 1
Transform: AffineTransform_float_3_3
Parameters: 1 0 0 0 1 -0.000639 0 0.000639 1 5e-06 0.0480363 -0.0390961
FixedParameters: 0 0 0

#Transform 2
Transform: AffineTransform_float_3_3
Parameters: 1 4.2752e-08 0.000128 4.2752e-08 1 -0.000334 -0.000128 0.000334 1 -0.00521024 0.0356901 -0.0224188
FixedParameters: 0 0 0

#Transform 3
Transform: AffineTransform_float_3_3
Parameters: 1 2.8795e-08 6.5e-05 2.8795e-08 1 -0.000443 -6.5e-05 0.000443 1 -0.00259405 0.045915 -0.0130773
FixedParameters: 0 0 0

#Transform 4
Transform: AffineTransform_float_3_3
Parameters: 1 0 0 0 1 -0.000621 0 0.000621 1 5e-06 0.0472607 -0.000963308
FixedParameters: 0 0 0

#Transform 5
Transform: AffineTransform_float_3_3
Parameters: 1 0 0 0 0.999999 -0.000805999 0 0.000805999 0.999999 -8e-06 0.0435229 -0.023869
FixedParameters: 0 0 0

#Transform 6
Transform: AffineTransform_float_3_3
Parameters: 1 0 0 0 0.999999 -0.000754 0 0.000754 0.999999 -1.42109e-14 0.0526806 -0.0325289
FixedParameters: 0 0 0

#Transform 7
Transform: AffineTransform_float_3_3
Parameters: 1 0 0 0 1 -0.000443 0 0.000443 1 -1.42109e-14 0.0271114 -0.0297503
FixedParameters: 0 0 0

#Transform 8
Transform: AffineTransform_float_3_3
Parameters: 1 0 0 0 1 -0.000662 0 0.000662 1 -0.016426 0.0136715 -0.0232919
FixedParameters: 0 0 0

#Transform 9
Transform: AffineTransform_float_3_3
Parameters: 1 2.3036e-08 5.2e-05 2.3036e-08 1 -0.000443 -5.2e-05 0.000443 1 -0.0154757 0.0115662 -0.0225171
FixedParameters: 0 0 0

#Transform 10
Transform: AffineTransform_float_3_3
Parameters: 1 0 0 0 1 -0.000443 0 0.000443 1 -0.013609 0.0226434 -0.0252103
FixedParameters: 0 0 0

#Transform 11
Transform: AffineTransform_float_3_3
Parameters: 1 0 0 0 1 -0.000443 0 0.000443 1 -0.013571 0.0226327 -0.0010593
FixedParameters: 0 0 0

#Transform 12
Transform: AffineTransform_float_3_3
Parameters: 1 0 0 0 1 -0.000443 0 0.000443 1 -1.42109e-14 0.0251761 -0.00183317
FixedParameters: 0 0 0

#Transform 13
Transform: AffineTransform_float_3_3
Parameters: 1 4.4352e-08 8.8e-05 4.4352e-08 1 -0.000504 -8.8e-05 0.000504 1 -0.00354113 0.0250645 -0.00218072
FixedParameters: 0 0 0

#Transform 14
Transform: AffineTransform_float_3_3
Parameters: 1 7.4023e-05 0.000116985 -7.39769e-05 1 -0.000197009 -0.000117015 0.000196991 1 -0.0151188 0.0122551 -0.00320549
FixedParameters: 0 0 0

#Transform 15
Transform: AffineTransform_float_3_3
Parameters: 1 4.4019e-08 0.000201 4.4019e-08 1 -0.000219 -0.000201 0.000219 1 -0.00808883 0.0135602 -0.0108212
FixedParameters: 0 0 0

#Transform 16
Transform: AffineTransform_float_3_3
Parameters: 1 -5.358e-09 9.4e-05 -5.358e-09 1 5.7e-05 -9.4e-05 -5.7e-05 1 -0.00380262 0.00242952 -0.0064911
FixedParameters: 0 0 0

#Transform 17
Transform: AffineTransform_float_3_3
Parameters: 1 0 0 0 1 -8.3e-05 0 8.3e-05 1 -1.42109e-14 0.00807821 0.00218305
FixedParameters: 0 0 0

#Transform 18
Transform: AffineTransform_float_3_3
Parameters: 1 1.568e-08 0.00014 1.568e-08 1 -0.000112 -0.00014 0.000112 1 -0.0131111 0.00925028 -0.0185976
FixedParameters: 0 0 0

#Transform 19
Transform: AffineTransform_float_3_3
Parameters: 1 0 0 0 1 -0.000192 0 0.000192 1 -1.42109e-14 0.0124528 -0.014307
FixedParameters: 0 0 0

#Transform 20
Transform: AffineTransform_float_3_3
Parameters: 1 0 0 0 1 -0.00023 0 0.00023 1 -1.42109e-14 0.0140322 0.0011605
FixedParameters: 0 0 0

#Transform 21
Transform: AffineTransform_float_3_3
Parameters: 1 6.688e-09 -0.000152 6.688e-09 1 4.4e-05 0.000152 -4.4e-05 1 0.0061414 0.0029593 -0.00510452
FixedParameters: 0 0 0

#Transform 22
Transform: AffineTransform_float_3_3
Parameters: 1 0 0 0 1 -4.6e-05 0 4.6e-05 1 -0.008942 0.0162106 -0.0018666
FixedParameters: 0 0 0

#Transform 23
Transform: AffineTransform_float_3_3
Parameters: 1 0 0 0 1 0.000218 0 -0.000218 1 -0.011725 -0.01324 0.0106425
FixedParameters: 0 0 0

#Transform 24
Transform: AffineTransform_float_3_3
Parameters: 1 0 0 0 1 0.000114 0 -0.000114 1 -0.011451 0.00365294 0.00139144
FixedParameters: 0 0 0

#Transform 25
Transform: AffineTransform_float_3_3
Parameters: 1 0 0 0 1 0.000225 0 -0.000225 1 -0.012496 -0.000808354 0.00245887
FixedParameters: 0 0 0

#Transform 26
Transform: AffineTransform_float_3_3
Parameters: 1 -1.746e-08 6e-05 -1.746e-08 1 0.000291 -6e-05 -0.000291 1 -0.00245542 -0.00348955 0.00364879
FixedParameters: 0 0 0

#Transform 27
Transform: AffineTransform_float_3_3
Parameters: 1 -0.000168 1.512e-09 0.000168 1 -9e-06 1.512e-09 9e-06 1 -0.00334635 0.00955392 0.00947002
FixedParameters: 0 0 0

#Transform 28
Transform: AffineTransform_float_3_3
Parameters: 1 -0.000231 -3.4881e-08 0.000231 1 0.000151 -3.4881e-08 -0.000151 1 0.00104728 0.00630295 0.00244218
FixedParameters: 0 0 0

#Transform 29
Transform: AffineTransform_float_3_3
Parameters: 1 -0.000200014 6.09528e-05 0.000199986 1 0.000236012 -6.10472e-05 -0.000235988 1 -0.00161727 -0.00017319 -0.0107646
FixedParameters: 0 0 0

#Transform 30
Transform: AffineTransform_float_3_3
Parameters: 1 -0.000205 -6.7445e-08 0.000205 1 0.000329 -6.7445e-08 -0.000329 1 0.000903322 0.00105322 -0.00919788
FixedParameters: 0 0 0

#Transform 31
Transform: AffineTransform_float_3_3
Parameters: 1 -0.000118 -3.5282e-08 0.000118 1 0.000299 -3.5282e-08 -0.000299 1 0.000524682 0.0101917 0.0172332
FixedParameters: 0 0 0

#Transform 32
Transform: AffineTransform_float_3_3
Parameters: 1 -0.000113 -3.3335e-08 0.000113 1 0.000295 -3.3335e-08 -0.000295 1 0.000513184 -0.00297689 0.0285431
FixedParameters: 0 0 0

#Transform 33
Transform: AffineTransform_float_3_3
Parameters: 1 -0.000201 1.407e-09 0.000201 1 -7e-06 1.407e-09 7e-06 1 0.000908556 0.00970801 -0.010353
FixedParameters: 0 0 0

#Transform 34
Transform: AffineTransform_float_3_3
Parameters: 1 -7.5e-05 -2.865e-08 7.5e-05 1 0.000382 -2.865e-08 -0.000382 1 0.000289071 -0.00677545 0.0351265
FixedParameters: 0 0 0

#Transform 35
Transform: AffineTransform_float_3_3
Parameters: 1 -0.000136 -6.1744e-08 0.000136 1 0.000454 -6.1744e-08 -0.000454 1 0.000573751 -0.00537357 0.0384938
FixedParameters: 0 0 0

#Transform 36
Transform: AffineTransform_float_3_3
Parameters: 1 -1.45383e-07 0.000301 -1.45383e-07 1 0.000483 -0.000301 -0.000483 1 -0.0121561 0.00965651 0.0252168
FixedParameters: 0 0 0

#Transform 37
Transform: AffineTransform_float_3_3
Parameters: 1 0 0 0 1 0.000322 0 -0.000322 1 -0.012553 0.016218 0.0418372
FixedParameters: 0 0 0

#Transform 38
Transform: AffineTransform_float_3_3
Parameters: 1 0 0 0 0.999999 0.000742 0 -0.000742 0.999999 -0.008337 -0.00368978 0.0325553
FixedParameters: 0 0 0

#Transform 39
Transform: AffineTransform_float_3_3
Parameters: 1 0 0 0 1 0.00065 0 -0.00065 1 -1.42109e-14 0.00297601 0.0276359
FixedParameters: 0 0 0

#Transform 40
Transform: AffineTransform_float_3_3
Parameters: 1 0 0 0 1 0.000527 0 -0.000527 1 -0.009954 0.00793464 0.0508168
FixedParameters: 0 0 0

#Transform 41
Transform: AffineTransform_float_3_3
Parameters: 1 0 0 0 0.999999 0.000827999 0 -0.000827999 0.999999 -0.00719 -0.00419433 0.0284187
FixedParameters: 0 0 0

#Transform 42
Transform: AffineTransform_float_3_3
Parameters: 1 -9.19999e-05 -7.86599e-08 9.19999e-05 0.999999 0.000854999 -7.86599e-08 -0.000854999 0.999999 -0.00557087 -0.00477201 0.0284875
FixedParameters: 0 0 0

#Transform 43
Transform: AffineTransform_float_3_3
Parameters: 1 0 0 0 1 0.000689 0 -0.000689 1 -1.42109e-14 0.00142297 0.0418662
FixedParameters: 0 0 0

#Transform 44
Transform: AffineTransform_float_3_3
Parameters: 1 0 0 0 1 0.000502 0 -0.000502 1 -0.006758 -0.0141664 0.0457509
FixedParameters: 0 0 0

#Transform 45
Transform: AffineTransform_float_3_3
Parameters: 1 -2.56959e-07 0.000279 -2.56959e-07 0.999999 0.000920999 -0.000279 -0.000920999 0.999999 -0.011254 -0.0156275 0.0410591
FixedParameters: 0 0 0

#Transform 46
Transform: AffineTransform_float_3_3
Parameters: 1 0 0 0 1 0.00062 0 -0.00062 1 -1.42109e-14 -0.00346356 0.0275448
FixedParameters: 0 0 0

#Transform 47
Transform: AffineTransform_float_3_3
Parameters: 1 0 0 0 1 0.00112 0 -0.00112 1 -5e-06 -0.0237517 0.0297075
FixedParameters: 0 0 0

#Transform 48
Transform: AffineTransform_float_3_3
Parameters: 1 0 0 0 1 0.00102 0 -0.00102 1 -1.42109e-14 -0.0196831 0.0292982
FixedParameters: 0 0 0

#Transform 49
Transform: AffineTransform_float_3_3
Parameters: 1 1.23271e-07 -0.000131 1.23271e-07 0.999999 0.000940999 0.000131 -0.000940999 0.999999 0.00524901 -0.0163936 0.029684
FixedParameters: 0 0 0

#Transform 50
Transform: AffineTransform_float_3_3
Parameters: 1 0 0 0 0.999999 0.000816999 0 -0.000816999 0.999999 -0.006502 -0.0159682 0.0563442
FixedParameters: 0 0 0

#Transform 51
Transform: AffineTransform_float_3_3
Parameters: 1 0 0 0 1 0.001008 0 -0.001008 1 -6e-06 -0.0192089 0.0365854
FixedParameters: 0 0 0

#Transform 52
Transform: AffineTransform_float_3_3
Parameters: 1 3.98382e-07 -0.000402 3.98382e-07 0.999999 0.000991 0.000402 -0.000991 1 0.0162115 -0.0184534 0.0592821
FixedParameters: 0 0 0

#Transform 53
Transform: AffineTransform_float_3_3
Parameters: 1 1.17572e-07 -0.000133 1.17572e-07 0.999999 0.000883999 0.000133 -0.000883999 0.999999 -0.000313802 -0.0141348 0.0731179
FixedParameters: 0 0 0

#Transform 54
Transform: AffineTransform_float_3_3
Parameters: 1 -0.000177546 -0.000402201 0.000178454 1 0.00112993 0.000401799 -0.00113007 1 0.0169961 -0.0199296 0.0599837
FixedParameters: 0 0 0

#Transform 55
Transform: AffineTransform_float_3_3
Parameters: 1 7.0509e-08 -5.7e-05 7.0509e-08 0.999999 0.001237 5.7e-05 -0.001237 0.999999 -0.00676422 -0.0053354 0.0584887
FixedParameters: 0 0 0

#Transform 56
Transform: AffineTransform_float_3_3
Parameters: 1 -0.00013382 -0.000179134 0.00013418 0.999999 0.00100497 0.000178865 -0.00100502 0.999999 0.00193738 0.00484714 0.0580577
FixedParameters: 0 0 0

#Transform 57
Transform: AffineTransform_float_3_3
Parameters: 1 -0.000426857 -0.000228268 0.000427143 0.999999 0.000627902 0.000227732 -0.000628097 1 0.0110086 -0.0179344 0.042722
FixedParameters: 0 0 0

#Transform 58
Transform: AffineTransform_float_3_3
Parameters: 1 -0.000419721 -0.000253463 0.000420279 1 0.00110289 0.000252537 -0.00110211 1 0.0120035 -0.019641 0.0438414
FixedParameters: 0 0 0

#Transform 59
Transform: AffineTransform_float_3_3
Parameters: 1 -0.000373668 -0.000333373 0.000373332 1 0.000996877 0.000332628 -0.000997125 1 0.0151224 -0.0157225 0.0280587
FixedParameters: 0 0 0

#Transform 60
Transform: AffineTransform_float_3_3
Parameters: 1 -0.000331918 -7.73552e-05 0.000332082 1 0.00106998 7.66447e-05 -0.00107003 1 0.00452303 -0.0188406 0.0264672
FixedParameters: 0 0 0

#Transform 61
Transform: AffineTransform_float_3_3
Parameters: 1 -0.000367896 -0.000110346 0.000368104 0.999999 0.000940959 0.000110654 -0.00094104 0.999999 0.00608418 -0.0278469 0.0364203
FixedParameters: 0 0 0

#Transform 62
Transform: AffineTransform_float_3_3
Parameters: 1 -0.000286991 -7.35042e-06 0.000287008 0.999999 0.001221 6.64957e-06 -0.001221 1 0.00150319 -0.0342531 0.0532124
FixedParameters: 0 0 0

#Transform 63
Transform: AffineTransform_float_3_3
Parameters: 1 -0.000272936 -5.82986e-05 0.000273064 1 0.00109398 5.87013e-05 -0.00109402 1 -0.00308669 -0.0174084 0.0537012
FixedParameters: 0 0 0

#Transform 64
Transform: AffineTransform_float_3_3
Parameters: 1 -0.000289935 -6.92725e-05 0.000290065 0.999999 0.000939979 6.87273e-05 -0.000940019 0.999999 0.00407657 -0.0192522 0.0496198
FixedParameters: 0 0 0

#Transform 65
Transform: AffineTransform_float_3_3
Parameters: 1 -0.000212152 0.000232861 0.000211848 1 0.000653049 -0.000233138 -0.00065295 1 -0.00846893 0.0106643 0.0331835
FixedParameters: 0 0 0

#Transform 66
Transform: AffineTransform_float_3_3
Parameters: 1 -4.00037e-07 0.000451 -4.00037e-07 0.999999 0.000887 -0.000451 -0.000887 1 -0.0406809 0.000110891 0.0675103
FixedParameters: 0 0 0

#Transform 67
Transform: AffineTransform_float_3_3
Parameters: 1 -4.60864e-07 0.000304 -4.60864e-07 0.999999 0.001516 -0.000304 -0.001516 0.999999 -0.0405367 -0.00688701 0.116906
FixedParameters: 0 0 0

#Transform 68
Transform: AffineTransform_float_3_3
Parameters: 1 8.65237e-05 0.000491084 -8.74763e-05 1 0.000969958 -0.000490916 -0.000970044 1 -0.0583957 -0.0350681 0.11352
FixedParameters: 0 0 0

#Transform 69
Transform: AffineTransform_float_3_3
Parameters: 1 -3.23404e-07 0.000347 -3.23404e-07 0.999999 0.000931999 -0.000347 -0.000931999 0.999999 -0.052277 -0.0112387 0.0667959
FixedParameters: 0 0 0

#Transform 70
Transform: AffineTransform_float_3_3
Parameters: 1 -3.35016e-07 0.000324 -3.35016e-07 1 0.001034 -0.000324 -0.001034 1 -0.0513256 -0.0154524 0.0673817
FixedParameters: 0 0 0

#Transform 71
Transform: AffineTransform_float_3_3
Parameters: 1 -0.000304987 -1.23309e-05 0.000305013 1 0.001085 1.16691e-05 -0.001085 1 -0.025005 -0.0213199 0.0757642
FixedParameters: 0 0 0

#Transform 72
Transform: AffineTransform_float_3_3
Parameters: 1 -0.000378037 2.85124e-05 0.000377964 0.999999 0.00129001 -2.84876e-05 -0.00128999 0.999999 -0.0206399 -0.0121036 0.0845541
FixedParameters: 0 0 0

#Transform 73
Transform: AffineTransform_float_3_3
Parameters: 1 -7.2326e-08 5.8e-05 -7.2326e-08 0.999999 0.001247 -5.8e-05 -0.001247 0.999999 -0.0299209 -0.00415043 0.0981752
FixedParameters: 0 0 0

#Transform 74
Transform: AffineTransform_float_3_3
Parameters: 1 -0.000313977 -2.33171e-05 0.000314024 1 0.00100999 2.36829e-05 -0.00101001 1 -0.0305426 -0.0165538 0.0813666
FixedParameters: 0 0 0

#Transform 75
Transform: AffineTransform_float_3_3
Parameters: 1 -0.000407173 0.000132468 0.000406826 0.999999 0.00130705 -0.000133532 -0.00130695 0.999999 -0.027175 -0.0121224 0.089482
FixedParameters: 0 0 0

#Transform 76
Transform: AffineTransform_float_3_3
Parameters: 1 -0.000310996 -3.39217e-06 0.000311004 0.999999 0.001261 2.60783e-06 -0.001261 0.999999 -0.028063 -0.00770044 0.0846666
FixedParameters: 0 0 0

#Transform 77
Transform: AffineTransform_float_3_3
Parameters: 1 -0.000401785 -0.00016652 0.000402216 0.999999 0.00129393 0.00016648 -0.00129407 0.999999 -0.0176028 -0.0106472 0.0713791
FixedParameters: 0 0 0

#Transform 78
Transform: AffineTransform_float_3_3
Parameters: 1 -0.000410114 8.74661e-05 0.000409885 0.999999 0.00130204 -8.85337e-05 -0.00130196 0.999999 -0.0256994 -0.00182136 0.0537321
FixedParameters: 0 0 0

#Transform 79
Transform: AffineTransform_float_3_3
Parameters: 1 -0.000315927 -6.23728e-05 0.000316073 1 0.00117998 6.16271e-05 -0.00118002 1 -0.0343609 0.0114678 0.0702503
FixedParameters: 0 0 0

#Transform 80
Transform: AffineTransform_float_3_3
Parameters: 1 -0.000453908 -7.65497e-05 0.000454092 0.999999 0.00121097 7.54502e-05 -0.00121103 1 -0.0167851 -0.00487447 0.0854815
FixedParameters: 0 0 0

#Transform 81
Transform: AffineTransform_float_3_3
Parameters: 1 -0.000453887 -0.000104494 0.000454113 1 0.00108795 0.000103506 -0.00108805 1 -0.0080308 6.40508e-05 0.0700763
FixedParameters: 0 0 0

#Transform 82
Transform: AffineTransform_float_3_3
Parameters: 1 -0.000453978 -1.66165e-05 0.000454023 0.999999 0.00135799 1.63835e-05 -0.00135801 0.999999 -0.0187555 -0.00241877 0.0708283
FixedParameters: 0 0 0

#Transform 83
Transform: AffineTransform_float_3_3
Parameters: 1 -0.000453937 -4.56333e-05 0.000454064 0.999999 0.00139498 4.53666e-05 -0.00139502 0.999999 -0.0175827 -0.0229214 0.121848
FixedParameters: 0 0 0

#Transform 84
Transform: AffineTransform_float_3_3
Parameters: 1 -0.000453413 -0.000402661 0.000454585 0.999999 0.00145782 0.000401337 -0.00145818 0.999999 -0.00321161 -0.0253246 0.0990345
FixedParameters: 0 0 0

#Transform 85
Transform: AffineTransform_float_3_3
Parameters: 1 -0.000453912 -5.76927e-05 0.000454086 0.999998 0.00152597 5.63071e-05 -0.00152603 0.999999 -0.0134969 -0.0281085 0.0562627
FixedParameters: 0 0 0

#Transform 86
Transform: AffineTransform_float_3_3
Parameters: 1 -0.000453963 -3.15402e-05 0.000454037 0.999999 0.00118999 3.04597e-05 -0.00119001 1 -0.018189 0.00180619 0.077379
FixedParameters: 0 0 0

#Transform 87
Transform: AffineTransform_float_3_3
Parameters: 1 -0.000454213 0.000146339 0.000454787 0.999999 0.00145607 -0.000146662 -0.00145593 0.999999 -0.0193322 -0.0141655 0.0548494
FixedParameters: 0 0 0

#Transform 88
Transform: AffineTransform_float_3_3
Parameters: 1 -0.000453927 -4.67132e-05 0.000454072 0.999998 0.00157098 4.52867e-05 -0.00157102 0.999999 -0.0175841 -0.0299707 0.0563655
FixedParameters: 0 0 0

#Transform 89
Transform: AffineTransform_float_3_3
Parameters: 1 -0.000396039 2.23189e-05 0.000395962 0.999999 0.00172001 -2.26811e-05 -0.00171999 0.999999 -0.0205506 -0.0268853 0.0685142
FixedParameters: 0 0 0

#Transform 90
Transform: AffineTransform_float_3_3
Parameters: 1 -0.000454104 6.93189e-05 0.000453896 0.999999 0.00150003 -6.96809e-05 -0.00149997 0.999999 -0.0222305 -0.00809968 0.0882522
FixedParameters: 0 0 0

#Transform 91
Transform: AffineTransform_float_3_3
Parameters: 1 -0.000453892 -6.97036e-05 0.000454108 0.999998 0.00154997 6.92962e-05 -0.00155003 0.999999 -0.0166052 -0.0135403 0.0727163
FixedParameters: 0 0 0

#Transform 92
Transform: AffineTransform_float_3_3
Parameters: 1 -0.000453677 -0.000199736 0.000454324 0.999999 0.00162291 0.000199263 -0.00162309 0.999998 -0.0113339 -0.0320589 0.0678387
FixedParameters: 0 0 0

#Transform 93
Transform: AffineTransform_float_3_3
Parameters: 1 -0.000453537 -0.00026679 0.000454464 0.999999 0.00174088 0.00026621 -0.00174012 0.999999 -0.00863045 -0.0163408 0.0794029
FixedParameters: 0 0 0

#Transform 94
Transform: AffineTransform_float_3_3
Parameters: 1 -0.000401835 -9.66868e-05 0.000402165 0.999998 0.00170896 9.63128e-05 -0.00170904 0.999998 -0.0156939 -0.0189937 0.078436
FixedParameters: 0 0 0

#Transform 95
Transform: AffineTransform_float_3_3
Parameters: 1 -0.000453304 -0.000402784 0.000454694 0.999999 0.00172882 0.000401214 -0.00172918 0.999999 0.00119248 -0.0286158 0.0801524
FixedParameters: 0 0 0

#Transform 96
Transform: AffineTransform_float_3_3
Parameters: 1 -0.00045417 9.51908e-05 0.00045483 0.999999 0.00178204 -9.58107e-05 -0.00178196 0.999999 -0.0232535 -0.0264785 0.0735722
FixedParameters: 0 0 0

#Transform 97
Transform: AffineTransform_float_3_3
Parameters: 1 -0.000453667 -0.000191789 0.000454333 0.999999 0.00173891 0.00019121 -0.00173909 0.999998 -0.0116641 0.00548318 0.0658362
FixedParameters: 0 0 0

#Transform 98
Transform: AffineTransform_float_3_3
Parameters: 1 -0.00045358 -0.000227839 0.000454421 0.999998 0.0018479 0.000227161 -0.0018481 0.999999 -0.010184 -0.0236013 0.0443967
FixedParameters: 0 0 0

#Transform 99
Transform: AffineTransform_float_3_3
Parameters: 1 -0.000453444 -0.000287877 0.000454554 0.999998 0.00193387 0.000286121 -0.00193413 0.999998 -0.0078322 -0.0326207 0.0452515
FixedParameters: 0 0 0

#Transform 100
Transform: AffineTransform_float_3_3
Parameters: 1 -0.000454086 5.12426e-05 0.000453914 0.999998 0.00166802 -5.17572e-05 -0.00166798 0.999998 -0.0214599 -0.0218646 0.0635249
FixedParameters: 0 0 0

#Transform 101
Transform: AffineTransform_float_3_3
Parameters: 1 -0.000453632 -0.00018988 0.000454368 0.999998 0.00193991 0.000189119 -0.00194009 0.999998 -0.0117315 -0.032833 0.0598236
FixedParameters: 0 0 0

#Transform 102
Transform: AffineTransform_float_3_3
Parameters: 1 -0.000453658 -0.000205757 0.000454343 0.999999 0.00166791 0.000205242 -0.00166809 0.999998 -0.0110812 -0.0437948 0.0497779
FixedParameters: 0 0 0

#Transform 103
Transform: AffineTransform_float_3_3
Parameters: 1 -0.000542918 -4.79372e-05 0.000543082 0.999999 0.00172598 4.70627e-05 -0.00172603 0.999999 -0.0260628 -0.0281299 0.0676772
FixedParameters: 0 0 0

#Transform 104
Transform: AffineTransform_float_3_3
Parameters: 1 -0.000453662 -0.000202757 0.000454336 0.999998 0.00166791 0.000201242 -0.00166809 0.999998 -0.0226829 -0.0194301 0.050949
FixedParameters: 0 0 0

#Transform 105
Transform: AffineTransform_float_3_3
Parameters: 0.999999 -0.000710746 -0.000100803 0.000711253 0.999996 0.00253593 9.91965e-05 -0.00253607 0.999997 -0.0355125 -0.0567284 0.0371765
FixedParameters: 0 0 0

#Transform 106
Transform: AffineTransform_float_3_3
Parameters: 0.999999 -0.000789256 0.000110183 0.000788744 0.999997 0.00230309 -0.000111817 -0.00230291 0.999998 -0.0436425 -0.034806 0.0567145
FixedParameters: 0 0 0

#Transform 107
Transform: AffineTransform_float_3_3
Parameters: 1 -0.00081909 -0.000403852 0.000819909 0.999997 0.00225967 0.000401148 -0.00226033 0.999998 -0.030406 -0.0413243 0.0878691
FixedParameters: 0 0 0

#Transform 108
Transform: AffineTransform_float_3_3
Parameters: 0.999999 -0.000859961 -0.000404216 0.000860038 0.999997 0.00257565 0.000401785 -0.00257635 0.999996 -0.0305702 -0.0539705 0.0532579
FixedParameters: 0 0 0

#Transform 109
Transform: AffineTransform_float_3_3
Parameters: 1 -0.000880791 -0.00047326 0.000882211 0.999997 0.00256358 0.00047074 -0.00256342 0.999996 -0.0290038 -0.0479399 0.0450226
FixedParameters: 0 0 0

#Transform 110
Transform: AffineTransform_float_3_3
Parameters: 0.999999 -0.000898996 -0.000404239 0.000900003 0.999997 0.00248964 0.00040176 -0.00249036 0.999997 -0.0334134 -0.0515948 0.0444466
FixedParameters: 0 0 0

#Transform 111
Transform: AffineTransform_float_3_3
Parameters: 0.999999 -0.000861013 -0.000404108 0.000861985 0.999996 0.00244665 0.000401892 -0.00244735 0.999997 -0.0298616 -0.0559724 0.0612272
FixedParameters: 0 0 0

#Transform 112
Transform: AffineTransform_float_3_3
Parameters: 1 -0.000452691 -0.000403473 0.000454307 0.999994 0.00324981 0.000401526 -0.00324918 0.999994 -0.034007 -0.0754186 0.0596388
FixedParameters: 0 0 0

#Transform 113
Transform: AffineTransform_float_3_3
Parameters: 1 -0.000929842 -0.000455374 0.000931161 0.999997 0.00255158 0.000453626 -0.00255142 0.999996 -0.0234947 -0.04872 0.0449474
FixedParameters: 0 0 0

#Transform 114
Transform: AffineTransform_float_3_3
Parameters: 0.999999 -0.000866871 -0.000404428 0.000868127 0.999995 0.00279965 0.000401571 -0.00279935 0.999996 -0.0234262 -0.0589074 0.0674669
FixedParameters: 0 0 0

#Transform 115
Transform: AffineTransform_float_3_3
Parameters: 0.999999 -0.000929819 -0.000404724 0.000931179 0.999996 0.00292762 0.000401275 -0.00292837 0.999995 -0.0232785 -0.0541092 0.0551145
FixedParameters: 0 0 0

#Transform 116
Transform: AffineTransform_float_3_3
Parameters: 0.999999 -0.000929519 -0.000507719 0.000931481 0.999996 0.00292353 0.000505278 -0.00292447 0.999995 -0.0173754 -0.0401959 0.0468736
FixedParameters: 0 0 0

#Transform 117
Transform: AffineTransform_float_3_3
Parameters: 0.999999 -0.000930071 -0.000404142 0.000931927 0.999997 0.00230162 0.000401855 -0.00230238 0.999998 -0.0397074 -0.0399165 0.0667331
FixedParameters: 0 0 0

#Transform 118
Transform: AffineTransform_float_3_3
Parameters: 0.999999 -0.000929971 -0.000404374 0.000931028 0.999997 0.00255162 0.000401625 -0.00255237 0.999996 -0.0263863 -0.0355347 0.0813482
FixedParameters: 0 0 0

#Transform 119
Transform: AffineTransform_float_3_3
Parameters: 0.999999 -0.000929919 -0.000404492 0.000931078 0.999996 0.00267863 0.000401507 -0.00267938 0.999997 -0.0298357 -0.0238286 0.0700904
FixedParameters: 0 0 0

#Transform 120
Transform: AffineTransform_float_3_3
Parameters: 1 -0.000929834 -0.000458374 0.000931169 0.999997 0.00255157 0.000456626 -0.00255143 0.999996 -0.0219097 -0.015773 0.08153
FixedParameters: 0 0 0

#Transform 121
Transform: AffineTransform_float_3_3
Parameters: 0.999999 -0.000929971 -0.000404374 0.000931028 0.999997 0.00255162 0.000401625 -0.00255237 0.999996 -0.0231939 -0.0158147 0.0719441
FixedParameters: 0 0 0

#Transform 122
Transform: AffineTransform_float_3_3
Parameters: 1 -0.000929879 -0.000404588 0.00093112 0.999995 0.00278062 0.000401412 -0.00278137 0.999996 -0.0182878 -0.024951 0.0901685
FixedParameters: 0 0 0

#Transform 123
Transform: AffineTransform_float_3_3
Parameters: 1 -0.000929538 -0.000574374 0.000931462 0.999997 0.00255147 0.000571625 -0.00255153 0.999996 -0.0223233 -0.015732 0.0820984
FixedParameters: 0 0 0

#Transform 124
Transform: AffineTransform_float_3_3
Parameters: 0.999999 -0.000929883 -0.000404575 0.000931114 0.999995 0.00276762 0.000401424 -0.00276837 0.999996 -0.0224705 -0.0244494 0.088349
FixedParameters: 0 0 0

#Transform 125
Transform: AffineTransform_float_3_3
Parameters: 1 -0.000929881 -0.000404583 0.000931118 0.999995 0.00277562 0.000401417 -0.00277637 0.999996 -0.0214198 -0.0390867 0.0657192
FixedParameters: 0 0 0

#Transform 126
Transform: AffineTransform_float_3_3
Parameters: 0.999999 -0.000929881 -0.00040458 0.000931116 0.999995 0.00277262 0.00040142 -0.00277237 0.999996 -0.0262037 -0.0296359 0.0710879
FixedParameters: 0 0 0

#Transform 127
Transform: AffineTransform_float_3_3
Parameters: 0.999999 -0.000929942 -0.00040444 0.000931056 0.999996 0.00262163 0.00040156 -0.00262238 0.999997 -0.0397258 -0.0287716 0.0792806
FixedParameters: 0 0 0

#Transform 128
Transform: AffineTransform_float_3_3
Parameters: 1 -0.00108491 -0.000404929 0.00108609 0.999996 0.00269756 0.000402071 -0.00269844 0.999997 -0.02994 -0.0309507 0.0770552
FixedParameters: 0 0 0

#Transform 129
Transform: AffineTransform_float_3_3
Parameters: 0.999999 -0.000929902 -0.000404533 0.000931096 0.999996 0.00272262 0.000401467 -0.00272237 0.999996 -0.0210903 -0.0327521 0.0898437
FixedParameters: 0 0 0

#Transform 130
Transform: AffineTransform_float_3_3
Parameters: 0.999999 -0.00105322 -0.000700689 0.00105479 0.999996 0.00255126 0.000698311 -0.00255174 0.999996 -0.0115699 -0.0251706 0.0871211
FixedParameters: 0 0 0

#Transform 131
Transform: AffineTransform_float_3_3
Parameters: 1 -0.000929291 -0.000605631 0.00093171 0.999995 0.00282844 0.000603367 -0.00282856 0.999996 -0.0120561 -0.036939 0.0835851
FixedParameters: 0 0 0

#Transform 132
Transform: AffineTransform_float_3_3
Parameters: 0.999999 -0.000929749 -0.000404883 0.000931247 0.999995 0.00309862 0.000401116 -0.00309937 0.999995 -0.026645 -0.0548257 0.0630404
FixedParameters: 0 0 0

#Transform 133
Transform: AffineTransform_float_3_3
Parameters: 1 -0.000929846 -0.000404664 0.000931154 0.999996 0.00286263 0.000401336 -0.00286338 0.999996 -0.0396022 -0.0369176 0.0516566
FixedParameters: 0 0 0

#Transform 134
Transform: AffineTransform_float_3_3
Parameters: 1 -0.000929465 -0.000519757 0.000931537 0.999995 0.00296252 0.000517243 -0.00296248 0.999996 -0.0349424 -0.0407927 0.0585921
FixedParameters: 0 0 0

#Transform 135
Transform: AffineTransform_float_3_3
Parameters: 0.999999 -0.000929824 -0.000404711 0.000931173 0.999996 0.00291362 0.000401288 -0.00291437 0.999995 -0.0297302 -0.0539377 0.0465905
FixedParameters: 0 0 0

#Transform 136
Transform: AffineTransform_float_3_3
Parameters: 1 -0.000929387 -0.000590548 0.000931615 0.999996 0.00273845 0.000588451 -0.00273855 0.999996 -0.0226441 -0.0487463 0.0522616
FixedParameters: 0 0 0

#Transform 137
Transform: AffineTransform_float_3_3
Parameters: 0.999999 -0.000929926 -0.000404476 0.000931071 0.999996 0.00266063 0.000401524 -0.00266138 0.999997 -0.0396653 -0.0705449 0.0453091
FixedParameters: 0 0 0

#Transform 138
Transform: AffineTransform_float_3_3
Parameters: 1 -0.000929812 -0.000404741 0.000931187 0.999995 0.00294562 0.000401258 -0.00294637 0.999995 -0.0395829 -0.05532 0.0512455
FixedParameters: 0 0 0

#Transform 139
Transform: AffineTransform_float_3_3
Parameters: 1 -0.00111574 -0.000405476 0.00111726 0.999994 0.00311355 0.000401523 -0.00311445 0.999995 -0.0387173 -0.0609144 0.0594924
FixedParameters: 0 0 0

#Transform 140
Transform: AffineTransform_float_3_3
Parameters: 0.999999 -0.00132877 -0.00068832 0.00133123 0.999994 0.00324809 0.000684678 -0.00324991 0.999995 -0.0264442 -0.0653387 0.035704
FixedParameters: 0 0 0

#Transform 141
Transform: AffineTransform_float_3_3
Parameters: 0.999999 -0.00113092 -0.000692415 0.00113308 0.999995 0.00301622 0.000688586 -0.00301678 0.999995 -0.0270484 -0.0456168 0.0440735
FixedParameters: 0 0 0

#Transform 142
Transform: AffineTransform_float_3_3
Parameters: 0.999999 -0.00108603 -0.000613494 0.00108797 0.999994 0.00321433 0.000609506 -0.00321466 0.999994 -0.0304482 -0.0651378 0.0502778
FixedParameters: 0 0 0

#Transform 143
Transform: AffineTransform_float_3_3
Parameters: 0.999999 -0.000929718 -0.000404953 0.00093128 0.999994 0.00317362 0.000402046 -0.00317437 0.999995 -0.0396647 -0.0777243 0.0432704
FixedParameters: 0 0 0

#Transform 144
Transform: AffineTransform_float_3_3
Parameters: 0.999999 -0.00092971 -0.000404974 0.00093129 0.999995 0.00319663 0.000402024 -0.00319738 0.999995 -0.0417819 -0.0787828 0.0361678
FixedParameters: 0 0 0

#Transform 145
Transform: AffineTransform_float_3_3
Parameters: 0.999999 -0.00120269 -0.000405917 0.00120432 0.999994 0.00325451 0.000402082 -0.00325548 0.999994 -0.0436056 -0.0661872 0.0435981
FixedParameters: 0 0 0

#Transform 146
Transform: AffineTransform_float_3_3
Parameters: 1 -0.000929186 -0.000576932 0.000931815 0.999994 0.00315246 0.000574066 -0.00315253 0.999995 -0.0326061 -0.0634435 0.0439926
FixedParameters: 0 0 0

#Transform 147
Transform: AffineTransform_float_3_3
Parameters: 0.999999 -0.00124597 -0.000701616 0.00124803 0.999995 0.00289913 0.000697385 -0.00289987 0.999996 -0.0289315 -0.0515305 0.0495817
FixedParameters: 0 0 0

#Transform 148
Transform: AffineTransform_float_3_3
Parameters: 0.999999 -0.00110288 -0.000732201 0.00110412 0.999995 0.00289919 0.000729802 -0.00289981 0.999995 -0.0255093 -0.0635607 0.0618079
FixedParameters: 0 0 0

#Transform 149
Transform: AffineTransform_float_3_3
Parameters: 0.999999 -0.00136738 -0.00050738 0.00136862 0.999994 0.00320131 0.000503621 -0.00320169 0.999994 -0.0334923 -0.0698898 0.0438832
FixedParameters: 0 0 0

#Transform 150
Transform: AffineTransform_float_3_3
Parameters: 0.999999 -0.0014158 -0.000686554 0.0014182 0.999994 0.00321403 0.000681444 -0.00321497 0.999994 -0.0261598 -0.0402078 0.0567377
FixedParameters: 0 0 0

#Transform 151
Transform: AffineTransform_float_3_3
Parameters: 1 -0.000928643 -0.000761882 0.000931354 0.999995 0.00309929 0.000758117 -0.00309971 0.999995 -0.0311853 -0.0558199 0.069626
FixedParameters: 0 0 0

#Transform 152
Transform: AffineTransform_float_3_3
Parameters: 0.999999 -0.00136872 -0.000406325 0.00137028 0.999994 0.00315845 0.000401674 -0.00315855 0.999995 -0.0376079 -0.0668358 0.0498034
FixedParameters: 0 0 0

#Transform 153
Transform: AffineTransform_float_3_3
Parameters: 0.999999 -0.00134852 -0.000721658 0.00135048 0.999993 0.00345103 0.000717343 -0.00345197 0.999994 -0.024941 -0.0572229 0.0606893
FixedParameters: 0 0 0

#Transform 154
Transform: AffineTransform_float_3_3
Parameters: 0.999999 -0.00125552 -0.000764092 0.00125848 0.999994 0.00325504 0.000759907 -0.00325596 0.999995 -0.0236702 -0.0523461 0.0454456
FixedParameters: 0 0 0

#Transform 155
Transform: AffineTransform_float_3_3
Parameters: 0.999999 -0.00136393 -0.000656308 0.00136606 0.999994 0.00315611 0.00065169 -0.00315789 0.999995 -0.0254148 -0.0792612 0.0510022
FixedParameters: 0 0 0

#Transform 156
Transform: AffineTransform_float_3_3
Parameters: 0.999999 -0.00141257 -0.000708864 0.00141543 0.999993 0.00344 0.000704134 -0.003441 0.999994 -0.0252514 -0.0740451 0.085547
FixedParameters: 0 0 0

#Transform 157
Transform: AffineTransform_float_3_3
Parameters: 0.999999 -0.00133652 -0.000822046 0.00133948 0.999994 0.0030239 0.000817952 -0.0030251 0.999995 -0.0210088 -0.057724 0.060965
FixedParameters: 0 0 0

#Transform 158
Transform: AffineTransform_float_3_3
Parameters: 0.999999 -0.00137886 -0.000741001 0.00138114 0.999995 0.00289898 0.000736999 -0.00290002 0.999996 -0.0241031 -0.0669048 0.0789319
FixedParameters: 0 0 0

#Transform 159
Transform: AffineTransform_float_3_3
Parameters: 0.999999 -0.00143277 -0.000664834 0.00143423 0.999994 0.00337105 0.000660168 -0.00337195 0.999994 -0.0248182 -0.0719406 0.0684977
FixedParameters: 0 0 0

#Transform 160
Transform: AffineTransform_float_3_3
Parameters: 1 -0.000966166 -0.000575093 0.000967835 0.999995 0.00319745 0.000571908 -0.00319856 0.999994 -0.0324583 -0.0619379 0.0429283
FixedParameters: 0 0 0

#Transform 161
Transform: AffineTransform_float_3_3
Parameters: 0.999999 -0.00137971 -0.000406413 0.00138129 0.999994 0.00319644 0.000401587 -0.00319656 0.999995 -0.0376373 -0.0650671 0.0716527
FixedParameters: 0 0 0

#Transform 162
Transform: AffineTransform_float_3_3
Parameters: 0.999998 -0.00155135 -0.00053085 0.00155265 0.999994 0.00312418 0.000525151 -0.00312482 0.999995 -0.0180451 -0.0471716 0.0485972
FixedParameters: 0 0 0

#Transform 163
Transform: AffineTransform_float_3_3
Parameters: 0.999999 -0.00150069 -0.000406855 0.0015013 0.999993 0.00323339 0.000401148 -0.0032336 0.999994 -0.0217659 -0.0676188 0.0423309
FixedParameters: 0 0 0

#Transform 164
Transform: AffineTransform_float_3_3
Parameters: 0.999998 -0.00156396 -0.000705537 0.00156604 0.999994 0.0028989 0.000701463 -0.0028991 0.999995 -0.0133496 -0.0769735 0.0497786
FixedParameters: 0 0 0

#Transform 165
Transform: AffineTransform_float_3_3
Parameters: 0.999999 -0.00156451 -0.000739287 0.00156649 0.999993 0.00337585 0.000733715 -0.00337715 0.999994 -0.00663472 -0.0844286 0.055266
FixedParameters: 0 0 0

#Transform 166
Transform: AffineTransform_float_3_3
Parameters: 0.999998 -0.00154975 -0.000406806 0.00155125 0.999994 0.00309937 0.000401192 -0.00310063 0.999995 -0.0144584 -0.0729899 0.0485046
FixedParameters: 0 0 0

#Transform 167
Transform: AffineTransform_float_3_3
Parameters: 0.999998 -0.00184174 -0.000806184 0.00184326 0.999995 0.00281252 0.000800816 -0.00281448 0.999995 -0.00278073 -0.057697 0.0386649
FixedParameters: 0 0 0

#Transform 168
Transform: AffineTransform_float_3_3
Parameters: 0.999998 -0.00184119 -0.000998197 0.00184381 0.999995 0.00282017 0.000992802 -0.00282183 0.999995 0.00497537 -0.0724334 0.0323445
FixedParameters: 0 0 0

#Transform 169
Transform: AffineTransform_float_3_3
Parameters: 0.999998 -0.00184138 -0.000997855 0.00184362 0.999995 0.00263417 0.000993145 -0.00263583 0.999996 -0.0042201 -0.0700829 0.107989
FixedParameters: 0 0 0

#Transform 170
Transform: AffineTransform_float_3_3
Parameters: 0.999998 -0.00184134 -0.000997927 0.00184366 0.999994 0.00267317 0.000993073 -0.00267483 0.999996 -0.00212347 -0.0664166 0.0542197
FixedParameters: 0 0 0

#Transform 171
Transform: AffineTransform_float_3_3
Parameters: 0.999998 -0.00184098 -0.000998594 0.00184402 0.999993 0.00303516 0.000993406 -0.00303683 0.999995 0.00493438 -0.0612148 0.0598392
FixedParameters: 0 0 0

#Transform 172
Transform: AffineTransform_float_3_3
Parameters: 0.999998 -0.00184111 -0.000998342 0.00184389 0.999994 0.00289817 0.000992659 -0.00289984 0.999996 -0.0012916 -0.050899 0.0648158
FixedParameters: 0 0 0

#Transform 173
Transform: AffineTransform_float_3_3
Parameters: 0.999998 -0.00184124 -0.000998102 0.00184376 0.999995 0.00276817 0.000992898 -0.00276983 0.999995 0.00491124 -0.0393701 0.0375378
FixedParameters: 0 0 0

#Transform 174
Transform: AffineTransform_float_3_3
Parameters: 0.999998 -0.00207611 -0.000999023 0.00207889 0.999993 0.00289793 0.00099298 -0.00289907 0.999996 0.00601188 -0.0432346 0.0238346
FixedParameters: 0 0 0

#Transform 175
Transform: AffineTransform_float_3_3
Parameters: 0.999998 -0.00184119 -0.000998208 0.00184381 0.999995 0.00282617 0.000992791 -0.00282783 0.999995 -0.00505589 -0.0555591 0.0576434
FixedParameters: 0 0 0

#Transform 176
Transform: AffineTransform_float_3_3
Parameters: 0.999997 -0.00198811 -0.000998768 0.00199089 0.999994 0.00289802 0.000993232 -0.00289998 0.999996 0.00550621 -0.0436982 0.0441196
FixedParameters: 0 0 0

#Transform 177
Transform: AffineTransform_float_3_3
Parameters: 0.999998 -0.00184131 -0.000997979 0.00184369 0.999994 0.00270116 0.000993022 -0.00270283 0.999996 -0.00257931 -0.0438177 0.0292112
FixedParameters: 0 0 0

#Transform 178
Transform: AffineTransform_float_3_3
Parameters: 0.999998 -0.00184151 -0.000910062 0.00184349 0.999994 0.00274633 0.000905939 -0.00274767 0.999996 -0.00722416 -0.0517747 0.0536825
FixedParameters: 0 0 0

#Transform 179
Transform: AffineTransform_float_3_3
Parameters: 0.999998 -0.00202719 -0.00106237 0.00202981 0.999995 0.00264785 0.00105663 -0.00265015 0.999996 -0.00920386 -0.0461628 0.050619
FixedParameters: 0 0 0
