#Insight Transform File V1.0
#Transform 0
Transform: AffineTransform_float_3_3
Parameters: 1 6.04273e-07 0.000310999 -3.95725e-07 0.999998 -0.001943 -0.000311001 0.001943 0.999998 -0.000161591 0.0145946 -0.100158
FixedParameters: 0 0 0

#Transform 1
Transform: AffineTransform_float_3_3
Parameters: 1 6.30591e-07 0.000436999 -3.69408e-07 0.999999 -0.001443 -0.000437001 0.001443 0.999999 0.00492998 0.0329425 -0.077511
FixedParameters: 0 0 0

#Transform 2
Transform: AffineTransform_float_3_3
Parameters: 1 5.5042e-07 0.000292 -4.49578e-07 0.999998 -0.001885 -0.000292001 0.001885 0.999998 0.00693987 0.0135534 -0.111218
FixedParameters: 0 0 0

#Transform 3
Transform: AffineTransform_float_3_3
Parameters: 1 4.78464e-07 0.000356 4.78464e-07 0.999999 -0.001344 -0.000356 0.001344 0.999999 0.0168951 0.0154361 -0.0590943
FixedParameters: 0 0 0

#Transform 4
Transform: AffineTransform_float_3_3
Parameters: 1 3.83592e-07 0.000264 3.83592e-07 0.999999 -0.001453 -0.000264 0.001453 0.999999 0.0140046 0.00600643 -0.0682486
FixedParameters: 0 0 0

#Transform 5
Transform: AffineTransform_float_3_3
Parameters: 1 8.03918e-05 0.000379917 -7.96082e-05 1 -0.00103103 -0.000380082 0.00103097 1 0.0169971 0.00814537 -0.00742009
FixedParameters: 0 0 0

#Transform 6
Transform: AffineTransform_float_3_3
Parameters: 1 0 0 0 0.999997 -0.002124 0 0.002124 0.999997 0.020526 0.0178194 -0.0549442
FixedParameters: 0 0 0

#Transform 7
Transform: AffineTransform_float_3_3
Parameters: 1 3.58752e-07 0.000222 3.58752e-07 0.999998 -0.001616 -0.000222 0.001616 0.999998 0.0214939 0.0169151 -0.0342707
FixedParameters: 0 0 0

#Transform 8
Transform: AffineTransform_float_3_3
Parameters: 1 0 0 0 0.999997 -0.002405 0 0.002405 0.999997 0.025198 0.0192353 -0.0695574
FixedParameters: 0 0 0

#Transform 9
Transform: AffineTransform_float_3_3
Parameters: 1 0.000759873 0.000706993 -0.000758128 0.999996 -0.00264554 -0.000709008 0.00264446 0.999997 0.00824645 0.0871541 0.00621561
FixedParameters: 0 0 0

#Transform 10
Transform: AffineTransform_float_3_3
Parameters: 1 -8.29476e-05 0.000314014 8.30524e-05 1 -0.000166974 -0.000313986 0.000167026 1 0.00244204 0.0312805 0.232506
FixedParameters: 0 0 0

#Transform 11
Transform: AffineTransform_float_3_3
Parameters: 1 6.3852e-07 0.000339999 -3.61478e-07 0.999998 -0.001878 -0.000340001 0.001878 0.999998 -0.00599392 0.0191596 0.0577117
FixedParameters: 0 0 0

#Transform 12
Transform: AffineTransform_float_3_3
Parameters: 1 3.26304e-07 0.000352 3.26304e-07 0.999999 -0.000926999 -0.000352 0.000926999 0.999999 -0.00620888 0.00264108 0.0358778
FixedParameters: 0 0 0

#Transform 13
Transform: AffineTransform_float_3_3
Parameters: 1 0.0003102 0.000293789 -0.0003098 0.999999 -0.000680091 -0.000294211 0.000679908 0.999999 0.000221637 0.0300546 0.0842142
FixedParameters: 0 0 0

#Transform 14
Transform: AffineTransform_float_3_3
Parameters: 1 1.89024e-07 0.000176 1.89024e-07 1 -0.001074 -0.000176 0.001074 1 -0.00305646 -0.00433343 -0.00118382
FixedParameters: 0 0 0

#Transform 15
Transform: AffineTransform_float_3_3
Parameters: 1 0.0002882 0.000291803 -0.0002878 0.999999 -0.000685084 -0.000292197 0.000684915 0.999999 -0.00723906 0.0104948 0.0635957
FixedParameters: 0 0 0

#Transform 16
Transform: AffineTransform_float_3_3
Parameters: 1 0.000296 -1.84112e-07 -0.000296 1 -0.000622 -1.84112e-07 0.000622 1 -0.00208406 0.00485697 0.0181374
FixedParameters: 0 0 0

#Transform 17
Transform: AffineTransform_float_3_3
Parameters: 1 0.000371135 0.000264811 -0.000370865 1 -0.000510098 -0.000265189 0.000509901 1 -0.00733075 0.00283409 -0.00765277
FixedParameters: 0 0 0

#Transform 18
Transform: AffineTransform_float_3_3
Parameters: 1 0.000296 7.5776e-08 -0.000296 1 0.000256 7.5776e-08 -0.000256 1 -0.00213667 0.0365931 0.0331436
FixedParameters: 0 0 0

#Transform 19
Transform: AffineTransform_float_3_3
Parameters: 1 0.000262 -6.026e-08 -0.000262 1 -0.00023 -6.026e-08 0.00023 1 -0.001871 0.0157284 -0.0584235
FixedParameters: 0 0 0

#Transform 20
Transform: AffineTransform_float_3_3
Parameters: 1 2.5258e-08 0.000173 2.5258e-08 1 -0.000146 -0.000173 0.000146 1 -0.0130467 0.014113 -0.0111387
FixedParameters: 0 0 0

#Transform 21
Transform: AffineTransform_float_3_3
Parameters: 1 8.3e-05 -4.7144e-08 -8.3e-05 1 -0.000568 -4.7144e-08 0.000568 1 -0.000541777 -0.014634 -0.109612
FixedParameters: 0 0 0

#Transform 22
Transform: AffineTransform_float_3_3
Parameters: 1 0 0 0 0.999999 -0.001313 0 0.001313 0.999999 0 -0.0426465 -0.177201
FixedParameters: 0 0 0

#Transform 23
Transform: AffineTransform_float_3_3
Parameters: 1 0 0 0 1 -0.000288 0 0.000288 1 5e-06 0.00110368 -0.0185927
FixedParameters: 0 0 0

#Transform 24
Transform: AffineTransform_float_3_3
Parameters: 1 -9.69959e-08 -0.000118 -9.69959e-08 0.999999 -0.000821999 0.000118 0.000821999 0.999999 0.00204913 -0.0333607 -0.0853681
FixedParameters: 0 0 0

#Transform 25
Transform: AffineTransform_float_3_3
Parameters: 1 -1.09482e-07 -0.000142 -1.09482e-07 0.999999 -0.000771 0.000142 0.000771 0.999999 -0.0025639 -0.0209089 -0.0640751
FixedParameters: 0 0 0

#Transform 26
Transform: AffineTransform_float_3_3
Parameters: 1 0 0 0 0.999999 -0.001319 0 0.001319 0.999999 -0.026238 -0.0247002 -0.0886778
FixedParameters: 0 0 0

#Transform 27
Transform: AffineTransform_float_3_3
Parameters: 1 0 0 0 0.999999 -0.001319 0 0.001319 0.999999 -0.026238 -0.0486993 -0.0976735
FixedParameters: 0 0 0

#Transform 28
Transform: AffineTransform_float_3_3
Parameters: 1 -1.99515e-07 -0.000283 -1.99515e-07 1 -0.000705 0.000283 0.000705 0.999999 -0.0212613 -0.0354386 -0.0759046
FixedParameters: 0 0 0

#Transform 29
Transform: AffineTransform_float_3_3
Parameters: 1 -3.37619e-07 -0.000283 -3.37619e-07 1 -0.001193 0.000283 0.001193 0.999999 -0.0132148 -0.0554956 -0.120065
FixedParameters: 0 0 0

#Transform 30
Transform: AffineTransform_float_3_3
Parameters: 1 -2.04624e-07 -0.000252 -2.04624e-07 0.999999 -0.000811999 0.000252 0.000811999 0.999999 -0.0218507 -0.0620383 -0.114455
FixedParameters: 0 0 0

#Transform 31
Transform: AffineTransform_float_3_3
Parameters: 1 -3.71896e-07 -0.000458 -3.71896e-07 0.999999 -0.000811999 0.000458 0.000811999 0.999999 -0.029162 -0.00929636 -0.00969434
FixedParameters: 0 0 0

#Transform 32
Transform: AffineTransform_float_3_3
Parameters: 1 -4.51668e-07 -0.000531999 -4.51668e-07 0.999999 -0.000848999 0.000531999 0.000848999 0.999999 -0.0169602 -0.0185164 -0.0201553
FixedParameters: 0 0 0

#Transform 33
Transform: AffineTransform_float_3_3
Parameters: 1 -0.00012349 -0.000406852 0.00012351 1 -0.00120305 0.000407149 0.00120295 0.999999 -0.0384089 -0.0436768 -0.0454151
FixedParameters: 0 0 0

#Transform 34
Transform: AffineTransform_float_3_3
Parameters: 1 -7.95254e-05 -0.000660937 7.94744e-05 0.999999 -0.000795053 0.000661064 0.000794948 1 -0.0214003 -0.0186954 0.0513291
FixedParameters: 0 0 0

#Transform 35
Transform: AffineTransform_float_3_3
Parameters: 0.999999 -9.77242e-07 -0.000840999 2.2757e-08 1 -0.001162 0.000841 0.001162 0.999999 -0.0115946 -0.012314 0.0445068
FixedParameters: 0 0 0

#Transform 36
Transform: AffineTransform_float_3_3
Parameters: 0.999999 -2.26229e-07 -0.000840999 -2.26229e-07 1 -0.000269 0.000840999 0.000269 0.999999 -0.0172583 -0.0279615 0.119133
FixedParameters: 0 0 0

#Transform 37
Transform: AffineTransform_float_3_3
Parameters: 0.999999 -6.68595e-07 -0.000841 3.31404e-07 0.999999 -0.000795001 0.000841001 0.000795 1 -0.0116202 -0.0501107 0.0749491
FixedParameters: 0 0 0

#Transform 38
Transform: AffineTransform_float_3_3
Parameters: 0.999999 0.000109759 -0.000841031 -0.000110241 1 -0.000286907 0.000840968 0.000287092 0.999999 -0.0329206 -0.0397592 0.130155
FixedParameters: 0 0 0

#Transform 39
Transform: AffineTransform_float_3_3
Parameters: 0.999999 -9.1205e-07 -0.001258 8.7949e-08 0.999999 -0.000725 0.001258 0.000724999 0.999999 -0.0247165 -0.0638978 0.0104486
FixedParameters: 0 0 0

#Transform 40
Transform: AffineTransform_float_3_3
Parameters: 0.999999 1.77628e-07 -0.000734 1.77628e-07 1 0.000242 0.000734 -0.000242 0.999999 -0.0340328 -0.0596221 0.0828223
FixedParameters: 0 0 0

#Transform 41
Transform: AffineTransform_float_3_3
Parameters: 1 2.56278e-07 -0.001059 2.56278e-07 1 0.000242 0.001059 -0.000242 1 -0.0282731 -0.0377734 0.0853547
FixedParameters: 0 0 0

#Transform 42
Transform: AffineTransform_float_3_3
Parameters: 0.999999 -3.76882e-07 -0.000925999 -3.76882e-07 1 -0.000407 0.000925999 0.000407 0.999999 -0.0305939 -0.0735862 0.00585985
FixedParameters: 0 0 0

#Transform 43
Transform: AffineTransform_float_3_3
Parameters: 0.999999 -1.48192e-07 -0.000841999 -1.48192e-07 1 -0.000176 0.000841999 0.000176 0.999999 -0.0321751 -0.053095 0.0864364
FixedParameters: 0 0 0

#Transform 44
Transform: AffineTransform_float_3_3
Parameters: 0.999999 5.11187e-05 -0.000927993 -5.08812e-05 1 0.000128047 0.000928006 -0.000127953 0.999999 -0.02573 -0.029425 0.104648
FixedParameters: 0 0 0

#Transform 45
Transform: AffineTransform_float_3_3
Parameters: 1 -1.91664e-07 -0.001089 -1.91664e-07 1 -0.000176 0.001089 0.000176 1 -0.0276987 -0.059022 0.0357219
FixedParameters: 0 0 0

#Transform 46
Transform: AffineTransform_float_3_3
Parameters: 0.999999 0.000138096 -0.00125799 -0.000137906 1 7.51736e-05 0.00125801 -7.58263e-05 0.999999 -0.0257317 -0.0509605 0.0806388
FixedParameters: 0 0 0

#Transform 47
Transform: AffineTransform_float_3_3
Parameters: 1 0.000253871 -0.00112503 -0.000254129 1 -0.000114714 0.00112497 0.000115286 1 -0.0288309 -0.0444831 0.0827235
FixedParameters: 0 0 0

#Transform 48
Transform: AffineTransform_float_3_3
Parameters: 0.999999 -8.00088e-07 -0.001258 1.99911e-07 1 -0.000636001 0.001258 0.000635999 0.999999 -0.0247649 -0.0713718 0.0417662
FixedParameters: 0 0 0

#Transform 49
Transform: AffineTransform_float_3_3
Parameters: 0.999999 0.000432469 -0.00125818 -0.00043353 1 -0.000421455 0.00125782 0.000422544 0.999999 -0.0278302 -0.0437099 0.111113
FixedParameters: 0 0 0

#Transform 50
Transform: AffineTransform_float_3_3
Parameters: 0.999998 -1.432e-06 -0.001669 -4.32004e-07 0.999999 -0.000858 0.001669 0.000857999 0.999998 -0.0176711 -0.0464357 0.0780507
FixedParameters: 0 0 0

#Transform 51
Transform: AffineTransform_float_3_3
Parameters: 0.999999 -9.3786e-07 -0.001276 6.2139e-08 0.999999 -0.000735 0.001276 0.000734999 0.999999 -0.03059 -0.0687466 0.0240217
FixedParameters: 0 0 0

#Transform 52
Transform: AffineTransform_float_3_3
Parameters: 0.999999 0.000205564 -0.000961093 -0.000206435 1 -0.000452802 0.000960907 0.000453198 1 -0.0314559 -0.0383282 0.066547
FixedParameters: 0 0 0

#Transform 53
Transform: AffineTransform_float_3_3
Parameters: 0.999999 -1.3088e-06 -0.001292 -3.08797e-07 1 -0.001013 0.001292 0.001013 0.999998 -0.0281829 -0.0415415 0.0161411
FixedParameters: 0 0 0

#Transform 54
Transform: AffineTransform_float_3_3
Parameters: 1 0.000312125 -0.00115751 -0.000314876 0.999998 -0.00162064 0.00115749 0.00162036 0.999998 -0.0310144 0.00232102 0.130487
FixedParameters: 0 0 0

#Transform 55
Transform: AffineTransform_float_3_3
Parameters: 1 -2.87584e-05 -0.00120801 2.82416e-05 1 0.000199966 0.001208 -0.000200035 1 -0.0551816 0.0427356 0.372386
FixedParameters: 0 0 0

#Transform 56
Transform: AffineTransform_float_3_3
Parameters: 0.999998 0.00049264 -0.00150909 -0.00049836 0.999991 -0.00421725 0.00150691 0.00421775 0.99999 -0.0554505 -0.0165959 0.130194
FixedParameters: 0 0 0

#Transform 57
Transform: AffineTransform_float_3_3
Parameters: 0.999999 0.000778828 -0.00125522 -0.000783171 0.999991 -0.00412502 0.00125178 0.00412598 0.99999 -0.0538191 -0.0220138 0.0491181
FixedParameters: 0 0 0

#Transform 58
Transform: AffineTransform_float_3_3
Parameters: 0.999998 0.000914827 -0.00167239 -0.000921176 0.999993 -0.00369446 0.00166961 0.00369553 0.999992 -0.0553815 -0.00583901 0.113736
FixedParameters: 0 0 0

#Transform 59
Transform: AffineTransform_float_3_3
Parameters: 0.999998 0.000707129 -0.00160105 -0.00071387 0.999991 -0.00429486 0.00159795 0.00429614 0.999989 -0.0550958 -0.0403274 0.00958634
FixedParameters: 0 0 0

#Transform 60
Transform: AffineTransform_float_3_3
Parameters: 0.999998 0.00104518 -0.00167328 -0.00105182 0.999991 -0.00408025 0.00166972 0.00408175 0.999991 -0.0506046 -0.0218513 0.0885625
FixedParameters: 0 0 0

#Transform 61
Transform: AffineTransform_float_3_3
Parameters: 0.999998 0.00105405 -0.0016734 -0.00106096 0.999991 -0.00416023 0.0016696 0.00416177 0.99999 -0.0562148 -0.0201738 0.0178707
FixedParameters: 0 0 0

#Transform 62
Transform: AffineTransform_float_3_3
Parameters: 0.999998 0.00116767 -0.00152985 -0.00117333 0.99999 -0.00414321 0.00152415 0.00414479 0.99999 -0.0595862 -0.0368211 0.0180634
FixedParameters: 0 0 0

#Transform 63
Transform: AffineTransform_float_3_3
Parameters: 0.999998 0.00111965 -0.00167326 -0.00112635 0.999992 -0.00379812 0.00166973 0.00379988 0.999991 -0.0568977 -0.012606 0.161023
FixedParameters: 0 0 0

#Transform 64
Transform: AffineTransform_float_3_3
Parameters: 0.999999 0.000706197 -0.00167232 -0.000714806 0.999989 -0.00466981 0.00166968 0.00467118 0.999987 -0.0538085 -0.0372925 0.0337882
FixedParameters: 0 0 0

#Transform 65
Transform: AffineTransform_float_3_3
Parameters: 0.999999 0.00104674 -0.00149241 -0.00105326 0.99999 -0.00420143 0.00148859 0.00420256 0.99999 -0.0594667 -0.0145148 0.100743
FixedParameters: 0 0 0

#Transform 66
Transform: AffineTransform_float_3_3
Parameters: 0.999998 0.00104342 -0.00181039 -0.00105157 0.99999 -0.0041891 0.00180561 0.00419089 0.999989 -0.0507843 -0.0145122 0.039976
FixedParameters: 0 0 0

#Transform 67
Transform: AffineTransform_float_3_3
Parameters: 0.999998 0.00110641 -0.00203914 -0.00111359 0.999993 -0.00372474 0.00203487 0.00372726 0.999991 -0.050259 -0.0167412 0.0939656
FixedParameters: 0 0 0

#Transform 68
Transform: AffineTransform_float_3_3
Parameters: 0.999998 0.00151918 -0.00167521 -0.00152582 0.999991 -0.00407646 0.00166879 0.00407955 0.999991 -0.0593142 -0.0214397 0.0245628
FixedParameters: 0 0 0

#Transform 69
Transform: AffineTransform_float_3_3
Parameters: 0.999997 0.001375 -0.00213183 -0.001384 0.99999 -0.00422806 0.00212616 0.00423094 0.999989 -0.0505335 -0.0287467 0.139991
FixedParameters: 0 0 0

#Transform 70
Transform: AffineTransform_float_3_3
Parameters: 0.999997 0.00136787 -0.00212754 -0.00137813 0.999987 -0.00476508 0.00212146 0.00476792 0.999987 -0.0602178 -0.041064 0.0933589
FixedParameters: 0 0 0

#Transform 71
Transform: AffineTransform_float_3_3
Parameters: 0.999995 0.0016778 -0.00263417 -0.0016892 0.99999 -0.00425358 0.00262684 0.00425843 0.999988 -0.0571366 -0.0309532 0.206243
FixedParameters: 0 0 0

#Transform 72
Transform: AffineTransform_float_3_3
Parameters: 0.999995 0.0017825 -0.00255805 -0.0017945 0.999989 -0.00450143 0.00254994 0.00450557 0.999986 -0.0543865 -0.0293611 0.176313
FixedParameters: 0 0 0

#Transform 73
Transform: AffineTransform_float_3_3
Parameters: 0.999996 0.00178279 -0.00250402 -0.00179421 0.999989 -0.00448153 0.00249598 0.00448547 0.999987 -0.0549323 -0.0336909 0.14614
FixedParameters: 0 0 0

#Transform 74
Transform: AffineTransform_float_3_3
Parameters: 0.999993 0.00210938 -0.00288427 -0.00212162 0.999988 -0.00437991 0.00287473 0.00438509 0.999987 -0.0606141 -0.0348235 0.206174
FixedParameters: 0 0 0

#Transform 75
Transform: AffineTransform_float_3_3
Parameters: 0.999995 0.00178299 -0.00232249 -0.001794 0.999987 -0.00474485 0.00231351 0.00474915 0.999986 -0.0788945 -0.0503578 0.126418
FixedParameters: 0 0 0

#Transform 76
Transform: AffineTransform_float_3_3
Parameters: 0.999996 0.00178383 -0.00226106 -0.00179417 0.999988 -0.00450596 0.00225294 0.00451004 0.999988 -0.069011 -0.0395247 0.139275
FixedParameters: 0 0 0

#Transform 77
Transform: AffineTransform_float_3_3
Parameters: 0.999995 0.00178204 -0.00241288 -0.00179396 0.999986 -0.00496469 0.00240412 0.00496831 0.999985 -0.0663849 -0.0508029 0.111875
FixedParameters: 0 0 0

#Transform 78
Transform: AffineTransform_float_3_3
Parameters: 0.999995 0.00178272 -0.0024034 -0.00179428 0.999988 -0.00469771 0.00239559 0.00470229 0.999986 -0.0730632 -0.0388207 0.165025
FixedParameters: 0 0 0

#Transform 79
Transform: AffineTransform_float_3_3
Parameters: 0.999996 0.00178174 -0.00249082 -0.00179426 0.999986 -0.00492955 0.00248118 0.00493344 0.999984 -0.0720404 -0.0345439 0.106632
FixedParameters: 0 0 0

#Transform 80
Transform: AffineTransform_float_3_3
Parameters: 0.999995 0.00178221 -0.00269384 -0.00179479 0.999989 -0.00438119 0.00268616 0.00438681 0.999987 -0.0615727 -0.0371662 0.197634
FixedParameters: 0 0 0

#Transform 81
Transform: AffineTransform_float_3_3
Parameters: 0.999995 0.00178109 -0.00261584 -0.00179391 0.999986 -0.00494033 0.00260716 0.00494567 0.999985 -0.0627825 -0.0409429 0.146998
FixedParameters: 0 0 0

#Transform 82
Transform: AffineTransform_float_3_3
Parameters: 0.999992 0.00238152 -0.00319784 -0.00239649 0.999987 -0.00453337 0.00318716 0.00454062 0.999984 -0.0634398 -0.022732 0.274617
FixedParameters: 0 0 0

#Transform 83
Transform: AffineTransform_float_3_3
Parameters: 0.999992 0.00234987 -0.00319891 -0.00236613 0.999985 -0.00504747 0.00318709 0.00505553 0.999982 -0.0657605 -0.0103052 0.283541
FixedParameters: 0 0 0

#Transform 84
Transform: AffineTransform_float_3_3
Parameters: 0.999992 0.00233668 -0.00319899 -0.00235232 0.999984 -0.00510752 0.00318702 0.00511449 0.999982 -0.0642965 -0.0339205 0.20132
FixedParameters: 0 0 0

#Transform 85
Transform: AffineTransform_float_3_3
Parameters: 0.999992 0.00249183 -0.00335482 -0.00250917 0.999983 -0.00512363 0.00334218 0.00513137 0.999981 -0.0685657 -0.0175487 0.160773
FixedParameters: 0 0 0

#Transform 86
Transform: AffineTransform_float_3_3
Parameters: 0.999992 0.0027649 -0.0028209 -0.0027781 0.999986 -0.0046502 0.0028081 0.0046578 0.999985 -0.0718641 -0.0102866 0.161972
FixedParameters: 0 0 0

#Transform 87
Transform: AffineTransform_float_3_3
Parameters: 0.999992 0.00270977 -0.00291436 -0.00272323 0.999986 -0.0045441 0.00290264 0.0045529 0.999986 -0.0792545 -0.00631368 0.162626
FixedParameters: 0 0 0

#Transform 88
Transform: AffineTransform_float_3_3
Parameters: 0.999991 0.00230642 -0.00334479 -0.00232258 0.999987 -0.00466127 0.0033332 0.00466873 0.999983 -0.0693573 -0.0136684 0.168701
FixedParameters: 0 0 0

#Transform 89
Transform: AffineTransform_float_3_3
Parameters: 0.999992 0.00238331 -0.00327048 -0.00239868 0.999985 -0.00479919 0.00325851 0.0048078 0.999983 -0.0777123 -0.0110334 0.160443
FixedParameters: 0 0 0

#Transform 90
Transform: AffineTransform_float_3_3
Parameters: 0.999992 0.00241946 -0.00321698 -0.00243353 0.999987 -0.00452121 0.00320602 0.00452979 0.999984 -0.078927 -0.015931 0.162401
FixedParameters: 0 0 0

#Transform 91
Transform: AffineTransform_float_3_3
Parameters: 0.999992 0.00239616 -0.00327066 -0.00241183 0.999986 -0.00484615 0.00325834 0.00485485 0.999983 -0.0776812 -0.0395047 0.119528
FixedParameters: 0 0 0

#Transform 92
Transform: AffineTransform_float_3_3
Parameters: 0.999992 0.00246563 -0.00311244 -0.00248037 0.999986 -0.00462132 0.00310056 0.00462868 0.999985 -0.0757126 -0.019555 0.155322
FixedParameters: 0 0 0

#Transform 93
Transform: AffineTransform_float_3_3
Parameters: 0.999992 0.00242467 -0.00314864 -0.00244032 0.999983 -0.00519135 0.00313536 0.00519964 0.999981 -0.0799872 -0.0449713 0.0938823
FixedParameters: 0 0 0

#Transform 94
Transform: AffineTransform_float_3_3
Parameters: 0.999992 0.00246508 -0.00313479 -0.00247992 0.999985 -0.00476326 0.00312321 0.00477173 0.999983 -0.0804933 -0.0267728 0.139513
FixedParameters: 0 0 0

#Transform 95
Transform: AffineTransform_float_3_3
Parameters: 0.999992 0.00242554 -0.0032115 -0.00244146 0.999984 -0.0051312 0.0031985 0.0051388 0.999981 -0.078913 -0.0361491 0.107491
FixedParameters: 0 0 0

#Transform 96
Transform: AffineTransform_float_3_3
Parameters: 0.999992 0.00245749 -0.00297902 -0.0024715 0.999985 -0.00487467 0.00296698 0.00488233 0.999983 -0.0782541 -0.0164491 0.137481
FixedParameters: 0 0 0

#Transform 97
Transform: AffineTransform_float_3_3
Parameters: 0.999993 0.0024545 -0.0030587 -0.0024685 0.999985 -0.00474648 0.00304731 0.00475451 0.999984 -0.0816689 -0.017549 0.111684
FixedParameters: 0 0 0

#Transform 98
Transform: AffineTransform_float_3_3
Parameters: 0.999993 0.00234397 -0.00298486 -0.00235903 0.999985 -0.005041 0.00297314 0.00504801 0.999983 -0.0844684 -0.0474308 0.0874945
FixedParameters: 0 0 0

#Transform 99
Transform: AffineTransform_float_3_3
Parameters: 0.999993 0.0024587 -0.00304062 -0.00247331 0.999986 -0.00470952 0.00302938 0.00471649 0.999985 -0.0821355 -0.0311899 0.158596
FixedParameters: 0 0 0

#Transform 100
Transform: AffineTransform_float_3_3
Parameters: 0.999992 0.00250619 -0.00318151 -0.00252281 0.999984 -0.00497401 0.00316948 0.00498198 0.999982 -0.0798948 -0.0263157 0.119788
FixedParameters: 0 0 0

#Transform 101
Transform: AffineTransform_float_3_3
Parameters: 0.999992 0.00247515 -0.00318936 -0.00249084 0.999984 -0.0049741 0.00317664 0.0049819 0.999983 -0.0796831 -0.0263732 0.147967
FixedParameters: 0 0 0

#Transform 102
Transform: AffineTransform_float_3_3
Parameters: 0.999991 0.00252469 -0.00324596 -0.0025403 0.999985 -0.00471979 0.00323403 0.0047282 0.999983 -0.081395 -0.0307222 0.110933
FixedParameters: 0 0 0

#Transform 103
Transform: AffineTransform_float_3_3
Parameters: 0.999993 0.0023877 -0.00308092 -0.00240331 0.999984 -0.00497363 0.00306908 0.00498036 0.999983 -0.0807512 -0.0589091 0.0762625
FixedParameters: 0 0 0

#Transform 104
Transform: AffineTransform_float_3_3
Parameters: 0.999992 0.00239955 -0.00302751 -0.00241444 0.999985 -0.00477772 0.00301549 0.00478527 0.999984 -0.087954 -0.0298441 0.130309
FixedParameters: 0 0 0

#Transform 105
Transform: AffineTransform_float_3_3
Parameters: 0.999991 0.00250169 -0.00325781 -0.00251731 0.999986 -0.00470384 0.00324618 0.00471116 0.999983 -0.0822394 -0.0310191 0.135993
FixedParameters: 0 0 0

#Transform 106
Transform: AffineTransform_float_3_3
Parameters: 0.999993 0.00227186 -0.00314998 -0.00228715 0.999986 -0.00481283 0.00313903 0.00481917 0.999984 -0.0788692 -0.0317133 0.151637
FixedParameters: 0 0 0

#Transform 107
Transform: AffineTransform_float_3_3
Parameters: 0.999993 0.00256009 -0.00298399 -0.00257391 0.999986 -0.00466535 0.00297201 0.00467364 0.999984 -0.0944723 -0.021847 0.198404
FixedParameters: 0 0 0

#Transform 108
Transform: AffineTransform_float_3_3
Parameters: 0.999993 0.00244222 -0.00305288 -0.00245678 0.999985 -0.00484754 0.00304112 0.00485446 0.999983 -0.0845385 -0.0469621 0.14701
FixedParameters: 0 0 0

#Transform 109
Transform: AffineTransform_float_3_3
Parameters: 0.999994 0.00239424 -0.00278489 -0.00240877 0.999985 -0.00495032 0.0027731 0.00495667 0.999984 -0.0967488 -0.0499702 0.144852
FixedParameters: 0 0 0

#Transform 110
Transform: AffineTransform_float_3_3
Parameters: 0.999994 0.00233345 -0.00278357 -0.00234555 0.999987 -0.0045135 0.00277343 0.0045205 0.999986 -0.0975691 -0.0212277 0.162297
FixedParameters: 0 0 0

#Transform 111
Transform: AffineTransform_float_3_3
Parameters: 0.999993 0.0023221 -0.00314007 -0.0023369 0.999986 -0.0047497 0.00312893 0.0047563 0.999984 -0.0844137 -0.0305444 0.118225
FixedParameters: 0 0 0

#Transform 112
Transform: AffineTransform_float_3_3
Parameters: 0.999993 0.0022366 -0.00301075 -0.00225139 0.999986 -0.00478626 0.00299925 0.00479374 0.999984 -0.0809509 -0.090015 0.0225465
FixedParameters: 0 0 0

#Transform 113
Transform: AffineTransform_float_3_3
Parameters: 0.999994 0.00215669 -0.00278336 -0.00216931 0.999986 -0.00478799 0.00277264 0.00479401 0.999984 -0.0844529 -0.0601931 0.0609422
FixedParameters: 0 0 0

#Transform 114
Transform: AffineTransform_float_3_3
Parameters: 0.999993 0.00216264 -0.00297974 -0.00217636 0.999987 -0.00448654 0.00297026 0.00449345 0.999985 -0.0956104 -0.021955 0.133008
FixedParameters: 0 0 0

#Transform 115
Transform: AffineTransform_float_3_3
Parameters: 0.999993 0.00217285 -0.00306209 -0.00218715 0.999987 -0.00462633 0.00305191 0.00463266 0.999984 -0.0936246 -0.019427 0.0961862
FixedParameters: 0 0 0

#Transform 116
Transform: AffineTransform_float_3_3
Parameters: 0.999994 0.00178085 -0.00278146 -0.00179415 0.999987 -0.00473104 0.00277354 0.00473597 0.999985 -0.0950699 -0.0306324 0.0717056
FixedParameters: 0 0 0

#Transform 117
Transform: AffineTransform_float_3_3
Parameters: 0.999994 0.0019675 -0.0027826 -0.0019805 0.999986 -0.00485752 0.00277341 0.00486249 0.999985 -0.0998261 -0.00391256 0.104706
FixedParameters: 0 0 0

#Transform 118
Transform: AffineTransform_float_3_3
Parameters: 0.999993 0.00218269 -0.00278348 -0.00219631 0.999986 -0.00478592 0.00277351 0.00479208 0.999984 -0.101411 0.0141981 0.153799
FixedParameters: 0 0 0

#Transform 119
Transform: AffineTransform_float_3_3
Parameters: 0.999993 0.00211338 -0.00290071 -0.00212862 0.999985 -0.00504686 0.00288929 0.00505314 0.999983 -0.0944074 -0.0319971 0.0882474
FixedParameters: 0 0 0

#Transform 120
Transform: AffineTransform_float_3_3
Parameters: 0.999994 0.00199577 -0.00278326 -0.00201023 0.999985 -0.00511943 0.00277274 0.00512456 0.999983 -0.0956285 -0.0308284 0.106449
FixedParameters: 0 0 0

#Transform 121
Transform: AffineTransform_float_3_3
Parameters: 0.999993 0.00223985 -0.00278363 -0.00225315 0.999987 -0.00472976 0.00277337 0.00473624 0.999985 -0.10197 -0.00217024 0.190375
FixedParameters: 0 0 0

#Transform 122
Transform: AffineTransform_float_3_3
Parameters: 0.999992 0.00219673 -0.0031238 -0.00221228 0.999986 -0.00489513 0.0031132 0.00490188 0.999983 -0.0922509 -0.0147244 0.101131
FixedParameters: 0 0 0

#Transform 123
Transform: AffineTransform_float_3_3
Parameters: 0.999994 0.00206398 -0.00278346 -0.00207803 0.999985 -0.00504525 0.00277355 0.00505076 0.999984 -0.100431 -0.0322324 0.0826211
FixedParameters: 0 0 0

#Transform 124
Transform: AffineTransform_float_3_3
Parameters: 0.999992 0.00233095 -0.00318507 -0.00234605 0.999986 -0.00472856 0.00317393 0.00473643 0.999983 -0.095455 -0.0147071 0.169083
FixedParameters: 0 0 0

#Transform 125
Transform: AffineTransform_float_3_3
Parameters: 0.999992 0.00232395 -0.00318503 -0.00233905 0.999986 -0.00472859 0.00317397 0.00473641 0.999983 -0.0827039 -0.0315251 0.0802856
FixedParameters: 0 0 0

#Transform 126
Transform: AffineTransform_float_3_3
Parameters: 0.999991 0.00241132 -0.00344204 -0.00242668 0.999986 -0.00455868 0.00343096 0.00456731 0.999983 -0.0811445 -0.0276601 0.136203
FixedParameters: 0 0 0

#Transform 127
Transform: AffineTransform_float_3_3
Parameters: 0.999989 0.00248847 -0.00379888 -0.00250453 0.999988 -0.00435353 0.00378712 0.00436347 0.999984 -0.085781 -0.0284113 0.119827
FixedParameters: 0 0 0

#Transform 128
Transform: AffineTransform_float_3_3
Parameters: 0.999992 0.00233521 -0.0031849 -0.00235079 0.999987 -0.00464755 0.0031741 0.00465445 0.999984 -0.0776897 -0.0656201 -0.0166815
FixedParameters: 0 0 0

#Transform 129
Transform: AffineTransform_float_3_3
Parameters: 0.999991 0.00231938 -0.00361906 -0.00233462 0.999988 -0.00431859 0.00360894 0.00432641 0.999984 -0.0730022 -0.112297 -0.201399
FixedParameters: 0 0 0

#Transform 130
Transform: AffineTransform_float_3_3
Parameters: 0.999992 0.00213053 -0.00318138 -0.00214246 0.99999 -0.00391921 0.00317362 0.00392679 0.999988 -0.0932033 -0.104386 -0.20142
FixedParameters: 0 0 0

#Transform 131
Transform: AffineTransform_float_3_3
Parameters: 0.999993 0.00178204 -0.00306398 -0.00179396 0.999991 -0.00390453 0.00305701 0.00391047 0.999987 -0.0928855 -0.025636 -0.103167
FixedParameters: 0 0 0

#Transform 132
Transform: AffineTransform_float_3_3
Parameters: 0.999993 0.00223773 -0.00318965 -0.00225027 0.99999 -0.00384885 0.00318136 0.00385615 0.999988 -0.0939405 -0.00152792 -0.00877297
FixedParameters: 0 0 0

#Transform 133
Transform: AffineTransform_float_3_3
Parameters: 0.99999 0.00089566 -0.00421676 -0.000851334 0.999943 0.0105817 0.00422624 -0.0105773 0.999935 -0.0844332 0.0779625 0.763029
FixedParameters: 0 0 0

#Transform 134
Transform: AffineTransform_float_3_3
Parameters: 0.999995 0.00164986 -0.00266323 -0.00164714 0.999998 0.00107439 0.00266477 -0.00107061 0.999996 -0.0935448 0.0329977 0.484023
FixedParameters: 0 0 0

#Transform 135
Transform: AffineTransform_float_3_3
Parameters: 0.999992 0.00226199 -0.00306739 -0.00225301 0.999993 0.00293193 0.00307461 -0.00292507 0.999991 -0.111604 0.0374145 0.4769
FixedParameters: 0 0 0

#Transform 136
Transform: AffineTransform_float_3_3
Parameters: 0.999995 0.00222274 -0.00251248 -0.00223926 0.999977 -0.00648741 0.00249752 0.00649359 0.999976 -0.102061 0.0316534 0.259545
FixedParameters: 0 0 0

#Transform 137
Transform: AffineTransform_float_3_3
Parameters: 0.999993 0.00243423 -0.00290538 -0.00245577 0.999969 -0.00751291 0.00288662 0.00752008 0.999967 -0.103206 0.0512466 0.327118
FixedParameters: 0 0 0

#Transform 138
Transform: AffineTransform_float_3_3
Parameters: 0.999992 0.00245871 -0.00309186 -0.00248129 0.999971 -0.00722638 0.00307414 0.00723461 0.999969 -0.0967437 0.0680741 0.449715
FixedParameters: 0 0 0

#Transform 139
Transform: AffineTransform_float_3_3
Parameters: 0.999991 0.002468 -0.00360464 -0.00249499 0.999968 -0.00750408 0.00358537 0.00751292 0.999966 -0.0878425 0.0360565 0.421502
FixedParameters: 0 0 0

#Transform 140
Transform: AffineTransform_float_3_3
Parameters: 0.999991 0.00249359 -0.00360372 -0.0025194 0.999972 -0.00706299 0.00358529 0.00707201 0.999969 -0.0852051 -0.00558196 0.317797
FixedParameters: 0 0 0

#Transform 141
Transform: AffineTransform_float_3_3
Parameters: 0.999991 0.00259358 -0.00349028 -0.00261842 0.999972 -0.00701093 0.00347172 0.00702007 0.99997 -0.0947005 0.0211728 0.392908
FixedParameters: 0 0 0

#Transform 142
Transform: AffineTransform_float_3_3
Parameters: 0.999991 0.00249555 -0.00360306 -0.00251945 0.999973 -0.00679799 0.00358595 0.00680702 0.999971 -0.0905458 0.0308639 0.394572
FixedParameters: 0 0 0

#Transform 143
Transform: AffineTransform_float_3_3
Parameters: 0.99999 0.00265044 -0.00354574 -0.00267456 0.999975 -0.00665659 0.00352826 0.00666642 0.999972 -0.0897078 0.0173115 0.272237
FixedParameters: 0 0 0

#Transform 144
Transform: AffineTransform_float_3_3
Parameters: 0.99999 0.0026737 -0.0036034 -0.00269729 0.999976 -0.00647535 0.00358559 0.00648565 0.999972 -0.0887876 0.00289511 0.235262
FixedParameters: 0 0 0

#Transform 145
Transform: AffineTransform_float_3_3
Parameters: 0.99999 0.00271421 -0.00360252 -0.00273579 0.999978 -0.00605721 0.00358548 0.00606679 0.999975 -0.0935896 0.0261805 0.349983
FixedParameters: 0 0 0

#Transform 146
Transform: AffineTransform_float_3_3
Parameters: 0.999989 0.00262861 -0.003701 -0.00265139 0.999978 -0.00605725 0.00368499 0.00606675 0.999975 -0.0870166 0.0182698 0.352815
FixedParameters: 0 0 0

#Transform 147
Transform: AffineTransform_float_3_3
Parameters: 0.999987 0.00278752 -0.00410772 -0.00281248 0.999978 -0.00596652 0.00409128 0.00597748 0.999974 -0.0855178 0.0166493 0.353293
FixedParameters: 0 0 0

#Transform 148
Transform: AffineTransform_float_3_3
Parameters: 0.999987 0.00284815 -0.00410834 -0.00287385 0.999977 -0.00605527 0.00409166 0.00606673 0.999973 -0.0811737 0.0186842 0.293013
FixedParameters: 0 0 0

#Transform 149
Transform: AffineTransform_float_3_3
Parameters: 0.999987 0.0028495 -0.0041074 -0.0028735 0.999979 -0.00572727 0.00409159 0.00573873 0.999975 -0.0836713 0.0125329 0.368286
FixedParameters: 0 0 0

#Transform 150
Transform: AffineTransform_float_3_3
Parameters: 0.999987 0.00284795 -0.004225 -0.00287305 0.999979 -0.00593494 0.00420801 0.00594707 0.999974 -0.0792829 -0.00379081 0.320054
FixedParameters: 0 0 0

#Transform 151
Transform: AffineTransform_float_3_3
Parameters: 0.999985 0.00310243 -0.00463988 -0.00312858 0.999978 -0.00573157 0.00462212 0.00574543 0.999973 -0.0744081 0.0120244 0.468019
FixedParameters: 0 0 0

#Transform 152
Transform: AffineTransform_float_3_3
Parameters: 0.999985 0.00284786 -0.00451994 -0.00287314 0.999981 -0.0055661 0.00450406 0.00557891 0.999975 -0.074154 -0.00325895 0.354271
FixedParameters: 0 0 0

#Transform 153
Transform: AffineTransform_float_3_3
Parameters: 0.999986 0.00284813 -0.00457857 -0.00287387 0.999981 -0.00543492 0.00456243 0.00544807 0.999974 -0.0734108 -0.00824179 0.4235
FixedParameters: 0 0 0

#Transform 154
Transform: AffineTransform_float_3_3
Parameters: 0.999986 0.00284808 -0.0045786 -0.00287392 0.999981 -0.00544592 0.0045624 0.00545907 0.999974 -0.0734236 0.00231473 0.431415
FixedParameters: 0 0 0

#Transform 155
Transform: AffineTransform_float_3_3
Parameters: 0.999987 0.00241717 -0.00451983 -0.00244083 0.999983 -0.00527504 0.00450717 0.00528596 0.999976 -0.0667795 0.00284466 0.375614
FixedParameters: 0 0 0

#Transform 156
Transform: AffineTransform_float_3_3
Parameters: 0.999986 0.00272927 -0.0045547 -0.00275172 0.999984 -0.00499154 0.00454031 0.00500346 0.999977 -0.0647465 0.00225902 0.354617
FixedParameters: 0 0 0

#Transform 157
Transform: AffineTransform_float_3_3
Parameters: 0.999984 0.00288404 -0.00471412 -0.00290696 0.999984 -0.00487037 0.00469988 0.00488363 0.999977 -0.070983 -0.00252773 0.344777
FixedParameters: 0 0 0

#Transform 158
Transform: AffineTransform_float_3_3
Parameters: 0.999985 0.00272738 -0.00461863 -0.00275161 0.999982 -0.00533237 0.00460338 0.00534463 0.999975 -0.0714099 -0.0137818 0.295352
FixedParameters: 0 0 0

#Transform 159
Transform: AffineTransform_float_3_3
Parameters: 0.999983 0.00296219 -0.00488612 -0.0029868 0.999982 -0.00507649 0.00487088 0.00509151 0.999975 -0.0632008 0.00354263 0.34728
FixedParameters: 0 0 0

#Transform 160
Transform: AffineTransform_float_3_3
Parameters: 0.999985 0.00260406 -0.0047133 -0.00262793 0.999983 -0.00507869 0.00470069 0.00509131 0.999976 -0.0664936 0.00965438 0.31785
FixedParameters: 0 0 0

#Transform 161
Transform: AffineTransform_float_3_3
Parameters: 0.999986 0.00269407 -0.00471376 -0.00271794 0.999984 -0.00507827 0.00470024 0.00509174 0.999976 -0.0695371 -0.0140363 0.327268
FixedParameters: 0 0 0

#Transform 162
Transform: AffineTransform_float_3_3
Parameters: 0.999985 0.00280807 -0.00471434 -0.00283194 0.999983 -0.00507773 0.00470066 0.00509128 0.999976 -0.0703368 -0.0191266 0.327332
FixedParameters: 0 0 0

#Transform 163
Transform: AffineTransform_float_3_3
Parameters: 0.999985 0.00279407 -0.00471427 -0.00281794 0.999983 -0.00507779 0.00470073 0.00509121 0.999976 -0.0701312 -0.01899 0.299607
FixedParameters: 0 0 0

#Transform 164
Transform: AffineTransform_float_3_3
Parameters: 0.999986 0.00265544 -0.00471336 -0.00267856 0.999984 -0.00499945 0.00470065 0.00501256 0.999977 -0.0598105 0.0155244 0.378473
FixedParameters: 0 0 0

#Transform 165
Transform: AffineTransform_float_3_3
Parameters: 0.999986 0.00241707 -0.00471235 -0.00244094 0.999984 -0.00507957 0.00470065 0.00509143 0.999976 -0.0564356 -0.00523584 0.312121
FixedParameters: 0 0 0

#Transform 166
Transform: AffineTransform_float_3_3
Parameters: 0.999987 0.00241758 -0.00461236 -0.00244042 0.999984 -0.00507982 0.00459965 0.00509119 0.999977 -0.0694476 -0.00455593 0.340513
FixedParameters: 0 0 0

#Transform 167
Transform: AffineTransform_float_3_3
Parameters: 0.999986 0.00241827 -0.00471174 -0.00244073 0.999986 -0.00482457 0.00470027 0.00483544 0.999978 -0.0552439 0.00355771 0.396975
FixedParameters: 0 0 0

#Transform 168
Transform: AffineTransform_float_3_3
Parameters: 0.999987 0.00241779 -0.00464915 -0.00244122 0.999984 -0.00499472 0.00463785 0.00500528 0.999976 -0.0637083 0.00700926 0.300642
FixedParameters: 0 0 0

#Transform 169
Transform: AffineTransform_float_3_3
Parameters: 0.999986 0.00241843 -0.00471166 -0.00244057 0.999985 -0.00479057 0.00470035 0.00480243 0.999978 -0.0677912 0.0246896 0.372433
FixedParameters: 0 0 0

#Transform 170
Transform: AffineTransform_float_3_3
Parameters: 0.999986 0.00241685 -0.00471246 -0.00244115 0.999984 -0.00512557 0.00470054 0.00513643 0.999976 -0.0675045 -0.00228088 0.295518
FixedParameters: 0 0 0

#Transform 171
Transform: AffineTransform_float_3_3
Parameters: 0.999986 0.00241739 -0.00471219 -0.00244062 0.999985 -0.00501157 0.00470081 0.00502344 0.999977 -0.0677561 -0.000939625 0.352521
FixedParameters: 0 0 0

#Transform 172
Transform: AffineTransform_float_3_3
Parameters: 0.999986 0.00241714 -0.00471232 -0.00244087 0.999984 -0.00506557 0.00470068 0.00507643 0.999976 -0.0674521 -0.0210207 0.275282
FixedParameters: 0 0 0

#Transform 173
Transform: AffineTransform_float_3_3
Parameters: 0.999986 0.00241738 -0.00471219 -0.00244063 0.999985 -0.00501357 0.00470081 0.00502544 0.999977 -0.0675169 -0.00277167 0.30046
FixedParameters: 0 0 0

#Transform 174
Transform: AffineTransform_float_3_3
Parameters: 0.999985 0.00283414 -0.00471443 -0.00285787 0.999983 -0.0050636 0.00470057 0.0050764 0.999976 -0.0613748 -0.000392691 0.327824
FixedParameters: 0 0 0

#Transform 175
Transform: AffineTransform_float_3_3
Parameters: 0.999985 0.00266353 -0.00463557 -0.00268747 0.999983 -0.00506461 0.00462143 0.00507638 0.999977 -0.0703256 -0.0301789 0.23724
FixedParameters: 0 0 0

#Transform 176
Transform: AffineTransform_float_3_3
Parameters: 0.999987 0.00250269 -0.00447754 -0.00252431 0.999985 -0.00498476 0.00446445 0.00499624 0.999977 -0.0722521 -0.0339875 0.278161
FixedParameters: 0 0 0

#Transform 177
Transform: AffineTransform_float_3_3
Parameters: 0.999987 0.00268315 -0.00428251 -0.00270285 0.999985 -0.00463748 0.0042695 0.00464851 0.99998 -0.0746816 -0.018944 0.286339
FixedParameters: 0 0 0

#Transform 178
Transform: AffineTransform_float_3_3
Parameters: 0.999988 0.00241931 -0.00428233 -0.00244069 0.999984 -0.00506661 0.00426968 0.00507639 0.999978 -0.0781213 -0.0357842 0.226957
FixedParameters: 0 0 0

#Transform 179
Transform: AffineTransform_float_3_3
Parameters: 0.999988 0.00255104 -0.00419796 -0.00256895 0.999987 -0.00427727 0.00418703 0.00428873 0.999982 -0.0817379 -0.0139526 0.290699
FixedParameters: 0 0 0
