# transform file /out/sourcedata/freesurfer/sub-v2s12x28878_ses-1/mri/transforms/cc_up.lta
# created by oesteban on Wed Mar 11 02:19:10 2026

type      = 0 # LINEAR_VOX_TO_VOX
nxforms   = 1
mean      = 128.0000 93.0000 137.0000
sigma     = 10000.0000
1 4 4
9.980986714363098e-01 4.103728756308556e-02 -4.598900675773621e-02 1.846986055374146e+00 
-4.099379479885101e-02 9.991576671600342e-01 1.888855244033039e-03 5.307281875610352e+01 
4.602777957916260e-02 0.000000000000000e+00 9.989401698112488e-01 -5.755896568298340e+00 
0.000000000000000e+00 0.000000000000000e+00 0.000000000000000e+00 1.000000000000000e+00 
src volume info
valid = 1  # volume info valid
filename = /out/sourcedata/freesurfer/sub-v2s12x28878_ses-1/mri/norm.mgz
volume = 256 256 256
voxelsize = 1.000000000000000e+00 1.000000000000000e+00 1.000000000000000e+00
xras   = -1.000000000000000e+00 0.000000000000000e+00 0.000000000000000e+00
yras   = 0.000000000000000e+00 0.000000000000000e+00 -1.000000000000000e+00
zras   = 0.000000000000000e+00 1.000000000000000e+00 0.000000000000000e+00
cras   = 2.023200988769531e+00 8.703002929687500e+00 -1.110198974609375e+01
dst volume info
valid = 1  # volume info valid
filename = /out/sourcedata/freesurfer/sub-v2s12x28878_ses-1/mri/norm.mgz
volume = 256 256 256
voxelsize = 1.000000000000000e+00 1.000000000000000e+00 1.000000000000000e+00
xras   = -1.000000000000000e+00 0.000000000000000e+00 0.000000000000000e+00
yras   = 0.000000000000000e+00 0.000000000000000e+00 -1.000000000000000e+00
zras   = 0.000000000000000e+00 1.000000000000000e+00 0.000000000000000e+00
cras   = 2.023200988769531e+00 8.703002929687500e+00 -1.110198974609375e+01
