#Insight Transform File V1.0
#Transform 0
Transform: AffineTransform_float_3_3
Parameters: 1 0 0 0 1 -0.001212 0 0.001212 1 0 0.0157409 -0.136738
FixedParameters: 0 0 0

#Transform 1
Transform: AffineTransform_float_3_3
Parameters: 1 -0.000100671 0.000381824 9.93283e-05 0.999999 0.00175804 -0.000382175 -0.00175796 0.999999 -0.0143139 0.0343451 -0.0585223
FixedParameters: 0 0 0

#Transform 2
Transform: AffineTransform_float_3_3
Parameters: 1 -6.97767e-07 0.000669 3.02232e-07 1 0.001043 -0.000669001 -0.001043 0.999999 -0.020045 0.00954689 -0.0809704
FixedParameters: 0 0 0

#Transform 3
Transform: AffineTransform_float_3_3
Parameters: 1 -2.5564e-08 7.7e-05 -2.5564e-08 1 0.000332 -7.7e-05 -0.000332 1 -0.0107922 0.0117889 -0.06267
FixedParameters: 0 0 0

#Transform 4
Transform: AffineTransform_float_3_3
Parameters: 1 1.6864e-08 0.000248 1.6864e-08 1 -6.8e-05 -0.000248 6.8e-05 1 -0.00314968 0.0408777 -0.0598901
FixedParameters: 0 0 0

#Transform 5
Transform: AffineTransform_float_3_3
Parameters: 1 1.6864e-08 0.000248 1.6864e-08 1 -6.8e-05 -0.000248 6.8e-05 1 -0.00314496 0.0449034 -0.0408448
FixedParameters: 0 0 0

#Transform 6
Transform: AffineTransform_float_3_3
Parameters: 1 1.1016e-08 -3.6e-05 1.1016e-08 1 0.000306 3.6e-05 -0.000306 1 -0.0198183 0.0300492 -0.0455796
FixedParameters: 0 0 0

#Transform 7
Transform: AffineTransform_float_3_3
Parameters: 0.999999 -0.00115226 0.000693563 0.00115174 1 0.000379799 -0.000694437 -0.0003792 0.999999 0.0124895 0.0438042 -0.0793718
FixedParameters: 0 0 0

#Transform 8
Transform: AffineTransform_float_3_3
Parameters: 1 -0.000993164 0.000247346 0.000992838 1 0.000658246 -0.000247653 -0.000657754 1 0.0120224 0.0334841 -0.0435363
FixedParameters: 0 0 0

#Transform 9
Transform: AffineTransform_float_3_3
Parameters: 1 -0.000561094 0.000247786 0.000560905 1 0.000382139 -0.000247214 -0.000381861 1 0.00733476 0.0207221 -0.0387163
FixedParameters: 0 0 0

#Transform 10
Transform: AffineTransform_float_3_3
Parameters: 1 -0.000462163 0.000247696 0.000461837 0.999999 0.000658114 -0.000247304 -0.000657885 1 0.015138 0.0110964 -0.00179135
FixedParameters: 0 0 0

#Transform 11
Transform: AffineTransform_float_3_3
Parameters: 1 -0.000562882 -0.000335198 0.000563118 1 0.000351811 0.000334802 -0.000352188 1 0.013607 0.0155076 0.0522865
FixedParameters: 0 0 0

#Transform 12
Transform: AffineTransform_float_3_3
Parameters: 1 -0.00056292 -0.000265169 0.000563079 1 0.000300851 0.000264831 -0.000300149 1 0.002728 0.012965 0.00989439
FixedParameters: 0 0 0

#Transform 13
Transform: AffineTransform_float_3_3
Parameters: 1 -0.00056299 2.91925e-05 0.00056301 1 -0.000341984 -2.88074e-05 0.000342016 1 0.00142029 0.024497 0.0224688
FixedParameters: 0 0 0

#Transform 14
Transform: AffineTransform_float_3_3
Parameters: 1 -0.000562634 0.000248828 0.000563364 0.999999 -0.00147086 -0.000247171 0.00147114 0.999999 0.0181173 0.0392739 -0.000765147
FixedParameters: 0 0 0

#Transform 15
Transform: AffineTransform_float_3_3
Parameters: 1 3.706e-05 -9.49766e-05 -3.69399e-05 1 0.000632003 9.50233e-05 -0.000631996 1 -0.00121479 0.00922848 0.0103021
FixedParameters: 0 0 0

#Transform 16
Transform: AffineTransform_float_3_3
Parameters: 1 -0.000129109 -0.000240941 0.000128891 1 -0.000453031 0.000241058 0.000452969 1 0.00152107 0.0169081 0.0222043
FixedParameters: 0 0 0

#Transform 17
Transform: AffineTransform_float_3_3
Parameters: 1 -0.000343161 -0.00036885 0.000342838 1 -0.000438126 0.00036915 0.000437873 1 0.00415671 0.0227511 0.0361229
FixedParameters: 0 0 0

#Transform 18
Transform: AffineTransform_float_3_3
Parameters: 1 -0.000346029 -0.000192947 0.000345971 1 -0.000152067 0.000193053 0.000151933 1 0.0184721 0.0211385 0.0472036
FixedParameters: 0 0 0

#Transform 19
Transform: AffineTransform_float_3_3
Parameters: 1 -0.000345972 -0.00019305 0.000346028 1 0.000144933 0.00019295 -0.000145067 1 0.00282201 0.0172211 0.0547432
FixedParameters: 0 0 0

#Transform 20
Transform: AffineTransform_float_3_3
Parameters: 1 -0.000222006 -0.000192993 0.000221994 1 -3.20428e-05 0.000193007 3.19572e-05 1 0.00141356 0.00745382 0.00293285
FixedParameters: 0 0 0

#Transform 21
Transform: AffineTransform_float_3_3
Parameters: 1 -0.000345949 -0.000193092 0.000346051 1 0.000265933 0.000192908 -0.000266067 1 0.00628572 0.0156405 0.0279765
FixedParameters: 0 0 0

#Transform 22
Transform: AffineTransform_float_3_3
Parameters: 1 -0.00034595 -0.00019309 0.00034605 1 0.000260933 0.00019291 -0.000261067 1 0.00627544 0.0400301 0.0374962
FixedParameters: 0 0 0

#Transform 23
Transform: AffineTransform_float_3_3
Parameters: 1 -0.000346019 4.68581e-05 0.000345981 1 0.000410016 -4.71418e-05 -0.000409984 1 0.00319204 0.0380545 0.0553438
FixedParameters: 0 0 0

#Transform 24
Transform: AffineTransform_float_3_3
Parameters: 1 -0.000492064 0.000360913 0.000492936 1 0.000177178 -0.000361087 -0.000176822 1 0.0207133 0.0417835 0.0647102
FixedParameters: 0 0 0

#Transform 25
Transform: AffineTransform_float_3_3
Parameters: 0.999999 -0.000627009 0.000428987 0.000626991 1 2.1269e-05 -0.000429013 -2.0731e-05 1 0.00842154 0.0443139 0.036767
FixedParameters: 0 0 0

#Transform 26
Transform: AffineTransform_float_3_3
Parameters: 1 -0.000346024 0.00042898 0.000345975 1 5.71484e-05 -0.00042902 -5.68515e-05 1 -0.00183171 0.0244438 0.0245032
FixedParameters: 0 0 0

#Transform 27
Transform: AffineTransform_float_3_3
Parameters: 1 -0.000345978 0.000429017 0.000346021 1 -4.98516e-05 -0.000428983 5.01484e-05 1 -0.00183554 0.0348475 0.0239654
FixedParameters: 0 0 0

#Transform 28
Transform: AffineTransform_float_3_3
Parameters: 1 -7.83344e-05 0.000616957 7.86655e-05 1 0.000542048 -0.000617042 -0.000541952 0.999999 0.0118062 0.0410532 0.0258832
FixedParameters: 0 0 0

#Transform 29
Transform: AffineTransform_float_3_3
Parameters: 1 9.37219e-05 0.000930028 -9.42781e-05 1 0.000298912 -0.000929972 -0.000299087 0.999999 0.007051 0.0501786 0.053829
FixedParameters: 0 0 0

#Transform 30
Transform: AffineTransform_float_3_3
Parameters: 0.999999 0.000137407 0.000930088 -0.000137593 1 0.000637872 -0.000929912 -0.000637128 1 0.00668241 0.0232261 0.0453483
FixedParameters: 0 0 0

#Transform 31
Transform: AffineTransform_float_3_3
Parameters: 0.999999 4.05545e-05 0.00093002 -4.14454e-05 1 0.000478962 -0.00092998 -0.000479038 1 -0.00200754 0.0355318 0.0367348
FixedParameters: 0 0 0

#Transform 32
Transform: AffineTransform_float_3_3
Parameters: 0.999999 3.72876e-05 0.000930029 -3.87123e-05 0.999999 0.000765964 -0.00092997 -0.000766035 1 -0.0010613 0.0318561 0.0432427
FixedParameters: 0 0 0

#Transform 33
Transform: AffineTransform_float_3_3
Parameters: 1 0.000132 3.60011e-05 -0.000132 1 7.99525e-06 -3.59989e-05 -8.00475e-06 1 0.00931672 0.0413325 0.0431681
FixedParameters: 0 0 0

#Transform 34
Transform: AffineTransform_float_3_3
Parameters: 1 0.000219982 -0.00038101 -0.000220018 1 -4.79162e-05 0.000380989 4.80838e-05 1 0.0116436 0.0416437 0.0821639
FixedParameters: 0 0 0

#Transform 35
Transform: AffineTransform_float_3_3
Parameters: 1 4.01981e-06 -0.000381 -3.98019e-06 1 5.20015e-05 0.000381 -5.19985e-05 1 0.00591794 0.0475357 0.0826665
FixedParameters: 0 0 0

#Transform 36
Transform: AffineTransform_float_3_3
Parameters: 1 -0.000185045 -0.000380978 0.000184955 1 -0.00011707 0.000381022 0.000116929 1 0.00683968 0.0442823 0.0995822
FixedParameters: 0 0 0

#Transform 37
Transform: AffineTransform_float_3_3
Parameters: 1 -0.000175872 -0.00028108 0.000175128 1 0.000455951 0.00028092 -0.000456049 1 0.00550679 0.0629369 0.115333
FixedParameters: 0 0 0

#Transform 38
Transform: AffineTransform_float_3_3
Parameters: 1 -0.00041008 -0.000211845 0.00040992 1 -0.000378087 0.000212155 0.000377913 1 0.0179661 0.0447528 0.00696424
FixedParameters: 0 0 0

#Transform 39
Transform: AffineTransform_float_3_3
Parameters: 1 -0.000410014 -0.000163965 0.000409986 1 -8.60672e-05 0.000164035 8.59327e-05 1 0.023027 0.0196456 -0.0334997
FixedParameters: 0 0 0

#Transform 40
Transform: AffineTransform_float_3_3
Parameters: 1 -0.000409998 9.4009e-05 0.000410002 1 -2.19615e-05 -9.3991e-05 2.20385e-05 1 0.0196126 0.0474989 -0.0324468
FixedParameters: 0 0 0

#Transform 41
Transform: AffineTransform_float_3_3
Parameters: 1 -0.00040997 9.41287e-05 0.000410029 1 -0.000313961 -9.38712e-05 0.000314038 1 0.0196226 0.0221215 -0.0366561
FixedParameters: 0 0 0

#Transform 42
Transform: AffineTransform_float_3_3
Parameters: 1 -0.000410047 -9.27909e-05 0.000409952 1 -0.000510038 9.32091e-05 0.000509962 1 0.0220458 0.0486016 -0.0366989
FixedParameters: 0 0 0

#Transform 43
Transform: AffineTransform_float_3_3
Parameters: 1 -0.000410057 -0.000180871 0.000409943 1 -0.000314074 0.000181129 0.000313926 1 0.0231877 0.0512939 -0.0525027
FixedParameters: 0 0 0

#Transform 44
Transform: AffineTransform_float_3_3
Parameters: 1 -0.000410054 -9.3765e-05 0.000409946 1 -0.000573038 9.42349e-05 0.000572961 1 0.0109165 0.034626 -0.0477426
FixedParameters: 0 0 0

#Transform 45
Transform: AffineTransform_float_3_3
Parameters: 1 -0.00041006 -8.87244e-05 0.00040994 0.999999 -0.000672036 8.92755e-05 0.000671963 1 0.0220518 0.0311173 -0.0634712
FixedParameters: 0 0 0

#Transform 46
Transform: AffineTransform_float_3_3
Parameters: 1 -0.000410143 -0.000199705 0.000409856 0.999999 -0.000718081 0.000200294 0.000717917 0.999999 0.0234963 0.0363528 -0.0681352
FixedParameters: 0 0 0

#Transform 47
Transform: AffineTransform_float_3_3
Parameters: 1 -0.000409932 9.42943e-05 0.000410068 0.999999 -0.000717961 -9.47056e-05 0.000718038 0.999999 0.019614 0.0363594 -0.0656946
FixedParameters: 0 0 0

#Transform 48
Transform: AffineTransform_float_3_3
Parameters: 1 -0.000514054 -0.000109744 0.000513945 0.999999 -0.000497056 0.000110255 0.000496943 1 0.0227606 0.0306015 -0.053626
FixedParameters: 0 0 0

#Transform 49
Transform: AffineTransform_float_3_3
Parameters: 1 -0.000410242 -0.000435772 0.000409757 1 -0.000556178 0.000436228 0.000555821 1 0.0265437 0.0544317 -0.0526274
FixedParameters: 0 0 0

#Transform 50
Transform: AffineTransform_float_3_3
Parameters: 1 -0.000278253 -0.000360805 0.000277747 0.999999 -0.0007001 0.000361194 0.000699899 0.999999 0.0249488 0.0450321 -0.0587805
FixedParameters: 0 0 0

#Transform 51
Transform: AffineTransform_float_3_3
Parameters: 1 -0.00041006 -0.000360932 0.00040994 1 -0.000165148 0.000361068 0.000165852 1 0.0255628 0.0367684 -0.0511928
FixedParameters: 0 0 0

#Transform 52
Transform: AffineTransform_float_3_3
Parameters: 1 -0.000319309 -0.000360727 0.000318691 0.999999 -0.000856114 0.000361273 0.000855884 0.999999 0.0148821 0.0423605 -0.0587501
FixedParameters: 0 0 0

#Transform 53
Transform: AffineTransform_float_3_3
Parameters: 1 -0.000410372 -0.00044866 0.000409628 0.999999 -0.000829183 0.000448339 0.000828815 0.999999 0.0175855 0.0402334 -0.0618886
FixedParameters: 0 0 0

#Transform 54
Transform: AffineTransform_float_3_3
Parameters: 1 -0.000410205 -0.000360767 0.000409795 1 -0.000568148 0.000361233 0.000567852 1 0.017631 0.0546273 -0.0636954
FixedParameters: 0 0 0

#Transform 55
Transform: AffineTransform_float_3_3
Parameters: 1 -0.000410137 -0.000360844 0.000409862 1 -0.000381148 0.000361156 0.000380852 1 0.0193318 0.0374855 -0.0521255
FixedParameters: 0 0 0

#Transform 56
Transform: AffineTransform_float_3_3
Parameters: 1 -0.000427182 -0.000360784 0.000427817 1 -0.000505154 0.000361216 0.000504846 1 0.00960636 0.0371702 -0.0527323
FixedParameters: 0 0 0

#Transform 57
Transform: AffineTransform_float_3_3
Parameters: 1 -0.000385153 -0.000360836 0.000385846 1 -0.000425139 0.000361164 0.000424861 1 0.0123997 0.0527014 -0.0717077
FixedParameters: 0 0 0

#Transform 58
Transform: AffineTransform_float_3_3
Parameters: 1 -0.000442649 -0.00036143 0.000442352 1 0.000971841 0.000361571 -0.000971161 1 0.0256547 0.0388626 -0.0463242
FixedParameters: 0 0 0

#Transform 59
Transform: AffineTransform_float_3_3
Parameters: 1 4.98746e-05 -0.000265024 -5.01258e-05 1 -0.000472987 0.000265976 0.000473013 1 0.0222495 0.0515279 -0.0529428
FixedParameters: 0 0 0

#Transform 60
Transform: AffineTransform_float_3_3
Parameters: 1 -9.20246e-05 -0.000336993 9.19754e-05 1 -7.3031e-05 0.000337007 7.2969e-05 1 0.00858214 0.0469346 -0.0508677
FixedParameters: 0 0 0

#Transform 61
Transform: AffineTransform_float_3_3
Parameters: 1 4.99312e-05 -0.000243014 -5.0069e-05 1 -0.000283988 0.000242986 0.000283012 1 0.0219711 0.0490248 -0.0523765
FixedParameters: 0 0 0

#Transform 62
Transform: AffineTransform_float_3_3
Parameters: 1 -0.000439128 -0.000231757 0.000438871 1 -0.000553102 0.000232243 0.000552898 1 0.0317003 0.054641 -0.0369684
FixedParameters: 0 0 0

#Transform 63
Transform: AffineTransform_float_3_3
Parameters: 1 -0.000382995 0.000160013 0.000383005 1 -3.29387e-05 -0.000159987 3.30613e-05 1 0.0272922 0.0476915 -0.0362575
FixedParameters: 0 0 0

#Transform 64
Transform: AffineTransform_float_3_3
Parameters: 1 -0.000383248 0.000329712 0.000382752 0.999999 0.000752126 -0.000330288 -0.000751873 0.999999 0.0191771 0.0375784 0.0054442
FixedParameters: 0 0 0

#Transform 65
Transform: AffineTransform_float_3_3
Parameters: 1 -0.000143317 -0.000476905 0.000143683 1 -0.000665068 0.000477095 0.000664931 0.999999 0.0235127 0.0283474 -0.0236618
FixedParameters: 0 0 0

#Transform 66
Transform: AffineTransform_float_3_3
Parameters: 1 -0.000333324 -0.000596819 0.000332676 1 -0.000542198 0.00059718 0.000542801 0.999999 0.0259359 0.0246889 -0.0433134
FixedParameters: 0 0 0

#Transform 67
Transform: AffineTransform_float_3_3
Parameters: 0.999999 -0.000387147 -0.000623908 0.000386853 1 -0.000236241 0.000623091 0.000235759 1 0.0265482 0.018903 -0.0513325
FixedParameters: 0 0 0

#Transform 68
Transform: AffineTransform_float_3_3
Parameters: 0.999999 -0.000414174 -0.00060488 0.000414826 1 -0.000288251 0.000605119 0.000287749 1 0.0263705 0.0169017 -0.0420858
FixedParameters: 0 0 0

#Transform 69
Transform: AffineTransform_float_3_3
Parameters: 0.999999 -0.000609105 -0.000492871 0.000608895 1 -0.0002123 0.000493129 0.0002127 1 0.0258471 0.0486006 -0.0422195
FixedParameters: 0 0 0

#Transform 70
Transform: AffineTransform_float_3_3
Parameters: 1 -0.000456104 -0.000198761 0.000455896 1 -0.00052309 0.000199238 0.000522909 1 0.0213343 0.0519763 -0.0447765
FixedParameters: 0 0 0

#Transform 71
Transform: AffineTransform_float_3_3
Parameters: 1 -0.000456146 -0.000362816 0.000455853 1 -0.000404165 0.000363184 0.000403834 1 0.0234423 0.0503829 -0.0436168
FixedParameters: 0 0 0

#Transform 72
Transform: AffineTransform_float_3_3
Parameters: 1 -0.000456008 -0.000198982 0.000455992 1 -4.00907e-05 0.000199018 3.99092e-05 1 0.0213334 0.0456435 -0.0257565
FixedParameters: 0 0 0

#Transform 73
Transform: AffineTransform_float_3_3
Parameters: 1 -0.000456036 -0.000326949 0.000455963 1 -0.000112149 0.000327051 0.000111851 1 0.0229548 0.0465862 -0.0261984
FixedParameters: 0 0 0

#Transform 74
Transform: AffineTransform_float_3_3
Parameters: 1 -0.000456144 -0.000424845 0.000455855 1 -0.000340194 0.000425155 0.000339806 1 0.0354853 0.0495588 -0.0446536
FixedParameters: 0 0 0

#Transform 75
Transform: AffineTransform_float_3_3
Parameters: 1 -0.000456081 -0.000198814 0.000455919 1 -0.000408091 0.000199186 0.000407909 1 0.0379566 0.0473761 -0.0458477
FixedParameters: 0 0 0

#Transform 76
Transform: AffineTransform_float_3_3
Parameters: 0.999999 -0.000595212 -0.000566777 0.000594787 1 -0.000374337 0.000567222 0.000373662 1 0.0433872 0.0506288 -0.0441776
FixedParameters: 0 0 0

#Transform 77
Transform: AffineTransform_float_3_3
Parameters: 0.999999 -0.000456261 -0.000695828 0.000455739 1 -0.000375317 0.00069517 0.000374683 0.999999 0.0443616 0.0500221 -0.0514054
FixedParameters: 0 0 0

#Transform 78
Transform: AffineTransform_float_3_3
Parameters: 1 -0.000456032 -0.000198926 0.000455967 1 -0.000163091 0.000199074 0.000162909 1 0.0379619 0.0353724 -0.0447842
FixedParameters: 0 0 0

#Transform 79
Transform: AffineTransform_float_3_3
Parameters: 1 -0.000456165 -0.000453834 0.000455835 1 -0.000363207 0.000454165 0.000362793 1 0.0412414 0.0498853 -0.0446147
FixedParameters: 0 0 0

#Transform 80
Transform: AffineTransform_float_3_3
Parameters: 1 -0.00045622 -0.000453779 0.00045578 1 -0.000484207 0.000454221 0.000484793 1 0.041264 0.0515053 -0.045256
FixedParameters: 0 0 0

#Transform 81
Transform: AffineTransform_float_3_3
Parameters: 1 -0.000456045 -0.000198896 0.000455955 1 -0.000227091 0.000199103 0.000226909 1 0.0379528 0.0481017 -0.02829
FixedParameters: 0 0 0

#Transform 82
Transform: AffineTransform_float_3_3
Parameters: 1 -0.000456069 -0.000198842 0.000455931 1 -0.000347091 0.000199158 0.000346909 1 0.0476022 0.0496732 -0.0288333
FixedParameters: 0 0 0

#Transform 83
Transform: AffineTransform_float_3_3
Parameters: 1 -0.000456113 -0.000384866 0.000455887 1 -0.000294175 0.000385134 0.000293824 1 0.0403356 0.0624903 -0.0277627
FixedParameters: 0 0 0

#Transform 84
Transform: AffineTransform_float_3_3
Parameters: 1 -0.000456045 -0.000198896 0.000455955 1 -0.000227091 0.000199103 0.000226909 1 0.0379408 0.0744027 -0.028284
FixedParameters: 0 0 0

#Transform 85
Transform: AffineTransform_float_3_3
Parameters: 1 -0.000456101 -0.000445896 0.000455899 1 -0.000227203 0.000446103 0.000226797 1 0.0460681 0.0656722 -0.0448861
FixedParameters: 0 0 0

#Transform 86
Transform: AffineTransform_float_3_3
Parameters: 0.999999 -0.000743088 -0.000388831 0.000742911 0.999999 -0.000227289 0.000389168 0.000226711 1 0.0417588 0.0756976 -0.05381
FixedParameters: 0 0 0

#Transform 87
Transform: AffineTransform_float_3_3
Parameters: 1 -0.000657084 -0.000198723 0.000656916 0.999999 -0.00042113 0.000199277 0.000421869 1 0.0388948 0.0650661 -0.0462197
FixedParameters: 0 0 0

#Transform 88
Transform: AffineTransform_float_3_3
Parameters: 1 -0.000456064 -0.000283896 0.000455935 1 -0.000227129 0.000284103 0.00022687 1 0.0390152 0.0744 -0.0449354
FixedParameters: 0 0 0

#Transform 89
Transform: AffineTransform_float_3_3
Parameters: 0.999999 -0.000456124 -0.000547896 0.000455875 1 -0.00022725 0.000548103 0.00022675 1 0.0424603 0.0744004 -0.0223208
FixedParameters: 0 0 0

#Transform 90
Transform: AffineTransform_float_3_3
Parameters: 0.999999 -0.000710238 -0.000484649 0.000709761 0.999999 -0.000493344 0.00048435 0.000492656 1 0.0427958 0.063715 -0.0370779
FixedParameters: 0 0 0

#Transform 91
Transform: AffineTransform_float_3_3
Parameters: 1 -0.000456059 -0.000198864 0.00045594 1 -0.000299091 0.000199136 0.000298909 1 0.0501335 0.0753641 -0.0339065
FixedParameters: 0 0 0

#Transform 92
Transform: AffineTransform_float_3_3
Parameters: 0.999999 -0.000684072 -0.000198752 0.000683928 0.999999 -0.000362136 0.000199248 0.000362864 1 0.057891 0.061309 -0.0480602
FixedParameters: 0 0 0

#Transform 93
Transform: AffineTransform_float_3_3
Parameters: 0.999999 -0.000624434 -0.000459411 0.000623566 1 -0.000944288 0.000459589 0.000943714 1 0.0610273 0.063401 -0.107071
FixedParameters: 0 0 0

#Transform 94
Transform: AffineTransform_float_3_3
Parameters: 1 -0.000656003 -0.000198988 0.000655996 1 -1.81305e-05 0.000199012 1.78694e-05 1 0.0578144 0.0725485 -0.0221339
FixedParameters: 0 0 0

#Transform 95
Transform: AffineTransform_float_3_3
Parameters: 0.999999 -0.000716919 -0.000464124 0.00071708 0.999999 0.000172667 0.000463876 -0.000173333 1 0.0615409 0.0670187 0.00787229
FixedParameters: 0 0 0

#Transform 96
Transform: AffineTransform_float_3_3
Parameters: 0.999999 -0.000727006 -0.000198977 0.000726993 0.999999 -3.11447e-05 0.000199022 3.08553e-05 1 0.0581567 0.0574983 0.0139521
FixedParameters: 0 0 0

#Transform 97
Transform: AffineTransform_float_3_3
Parameters: 0.999999 -0.000456253 -0.000578801 0.000455747 1 -0.000436264 0.000579199 0.000436736 0.999999 0.0617799 0.0678915 -0.0210206
FixedParameters: 0 0 0

#Transform 98
Transform: AffineTransform_float_3_3
Parameters: 1 -0.000456105 -0.000423888 0.000455895 1 -0.000246193 0.000424112 0.000246807 1 0.0464426 0.0746474 -0.0154513
FixedParameters: 0 0 0

#Transform 99
Transform: AffineTransform_float_3_3
Parameters: 1 -0.000456178 -0.000467826 0.000455822 1 -0.000380213 0.000468173 0.000379786 1 0.0497672 0.0620173 -0.0308644
FixedParameters: 0 0 0

#Transform 100
Transform: AffineTransform_float_3_3
Parameters: 1 -0.000456051 -0.000198882 0.000455948 1 -0.000259091 0.000199118 0.000258909 1 0.0476182 0.0642223 -0.0423814
FixedParameters: 0 0 0

#Transform 101
Transform: AffineTransform_float_3_3
Parameters: 0.999999 -0.000673158 -0.000577814 0.00067284 0.999999 -0.000275389 0.000578185 0.000274611 1 0.0389954 0.0659577 -0.0408652
FixedParameters: 0 0 0

#Transform 102
Transform: AffineTransform_float_3_3
Parameters: 1 -0.000456045 -0.000198897 0.000455955 1 -0.000226091 0.000199103 0.000225909 1 0.0459343 0.0531316 -0.0422375
FixedParameters: 0 0 0

#Transform 103
Transform: AffineTransform_float_3_3
Parameters: 1 -0.000456039 -0.000198911 0.000455961 1 -0.000196091 0.000199089 0.000195909 1 0.0662294 0.0739615 -0.0306026
FixedParameters: 0 0 0

#Transform 104
Transform: AffineTransform_float_3_3
Parameters: 1 -0.000456078 -0.000425916 0.000455922 1 -0.000183194 0.000425083 0.000182806 1 0.0488172 0.0637858 -0.0411165
FixedParameters: 0 0 0

#Transform 105
Transform: AffineTransform_float_3_3
Parameters: 0.999999 -0.000456017 -0.000565986 0.000455982 1 -3.12581e-05 0.000566014 3.07419e-05 1 0.0506901 0.0577228 -0.0227704
FixedParameters: 0 0 0

#Transform 106
Transform: AffineTransform_float_3_3
Parameters: 0.999999 -0.000851774 -0.000199964 0.000852226 0.999999 0.00113183 0.000199035 -0.00113217 1 0.0476512 0.0606408 0.0350442
FixedParameters: 0 0 0

#Transform 107
Transform: AffineTransform_float_3_3
Parameters: 1 -0.000555963 -0.000199103 0.000555037 1 0.000185889 0.000198897 -0.000186111 1 0.0463992 0.0594396 0.0305133
FixedParameters: 0 0 0

#Transform 108
Transform: AffineTransform_float_3_3
Parameters: 0.999999 -0.000485624 -0.000524347 0.000485375 0.999999 0.000715745 0.000523652 -0.000716254 0.999999 0.046094 0.0625884 0.00622908
FixedParameters: 0 0 0

#Transform 109
Transform: AffineTransform_float_3_3
Parameters: 0.999999 -0.000541935 -0.000752046 0.000542064 1 8.55923e-05 0.000751953 -8.64075e-05 0.999999 0.0534012 0.0607732 0.0181284
FixedParameters: 0 0 0

#Transform 110
Transform: AffineTransform_float_3_3
Parameters: 0.999999 -0.000541708 -0.000622254 0.000542291 0.999999 0.000468662 0.000621745 -0.000469337 0.999999 0.0707239 0.0724008 0.0555159
FixedParameters: 0 0 0

#Transform 111
Transform: AffineTransform_float_3_3
Parameters: 0.999999 -0.000541685 -0.000758224 0.000542314 1 0.000414589 0.000757774 -0.00041541 0.999999 0.067409 0.0838901 0.0494107
FixedParameters: 0 0 0

#Transform 112
Transform: AffineTransform_float_3_3
Parameters: 1 -0.0010035 -0.000560905 0.00100351 0.999999 0.000900438 0.000560096 -0.000901563 1 0.0721848 0.0793879 0.0475154
FixedParameters: 0 0 0

#Transform 113
Transform: AffineTransform_float_3_3
Parameters: 0.999999 -0.00107729 -0.000697104 0.00107871 0.999999 0.00102425 0.000695896 -0.00102475 0.999999 0.0677027 0.0731932 0.065933
FixedParameters: 0 0 0

#Transform 114
Transform: AffineTransform_float_3_3
Parameters: 0.999998 -0.0010506 -0.00119012 0.0010534 0.999998 0.00201775 0.00118788 -0.00201925 0.999998 0.0655721 0.0933335 0.072409
FixedParameters: 0 0 0

#Transform 115
Transform: AffineTransform_float_3_3
Parameters: 0.999999 -0.000541518 -0.00118322 0.000541482 1 0.00040736 0.00118278 -0.000407641 0.999999 0.0238967 0.0899719 0.0645425
FixedParameters: 0 0 0

#Transform 116
Transform: AffineTransform_float_3_3
Parameters: 0.999999 -0.000146782 -0.000949033 0.000147218 1 0.00022986 0.000948965 -0.000230139 0.999999 0.0190452 0.0539623 0.0764182
FixedParameters: 0 0 0

#Transform 117
Transform: AffineTransform_float_3_3
Parameters: 1 -0.000119807 -0.00104102 0.000119193 1 0.000184876 0.00104098 -0.000185125 1 0.020181 0.0851385 0.0300617
FixedParameters: 0 0 0

#Transform 118
Transform: AffineTransform_float_3_3
Parameters: 0.999999 -0.000116036 -0.00140708 0.000116964 1 0.000684836 0.00140692 -0.000685164 0.999999 0.0177657 0.089179 0.0465355
FixedParameters: 0 0 0

#Transform 119
Transform: AffineTransform_float_3_3
Parameters: 1 -0.000137292 -0.00118908 0.000137707 1 0.000594837 0.00118892 -0.000595164 0.999999 0.0220998 0.0935169 0.0706649
FixedParameters: 0 0 0

#Transform 120
Transform: AffineTransform_float_3_3
Parameters: 0.999999 -0.000136719 -0.00123214 0.000138281 1 0.00103983 0.00123186 -0.00104017 0.999998 0.022669 0.101224 0.100538
FixedParameters: 0 0 0

#Transform 121
Transform: AffineTransform_float_3_3
Parameters: 1 -0.000136193 -0.00118721 0.000137806 0.999999 0.00152184 0.00118679 -0.00152216 0.999998 0.022123 0.0763075 0.0585409
FixedParameters: 0 0 0

#Transform 122
Transform: AffineTransform_float_3_3
Parameters: 1 -0.000137538 -0.000483132 0.000137462 0.999999 0.000956934 0.000482869 -0.000957066 1 0.0129824 0.0640721 0.0194037
FixedParameters: 0 0 0

#Transform 123
Transform: AffineTransform_float_3_3
Parameters: 0.999999 -1.00477e-05 -0.000789012 1.09523e-05 1 0.00120699 0.000788987 -0.00120701 0.999999 0.0267704 0.0630302 0.0546507
FixedParameters: 0 0 0

#Transform 124
Transform: AffineTransform_float_3_3
Parameters: 0.999999 -0.000137573 -0.00100406 0.000137427 1 0.000424862 0.00100394 -0.000425138 1 0.0370425 0.049292 0.0293255
FixedParameters: 0 0 0

#Transform 125
Transform: AffineTransform_float_3_3
Parameters: 1 0.000168955 -0.00100584 -0.000167046 1 0.000948169 0.00100616 -0.000948831 0.999999 0.0311225 0.0540311 0.0526109
FixedParameters: 0 0 0

#Transform 126
Transform: AffineTransform_float_3_3
Parameters: 0.999999 4.1129e-05 -0.000911949 -3.98709e-05 0.999999 0.00123804 0.00091205 -0.00123796 0.999999 0.0350012 0.0756793 0.0741849
FixedParameters: 0 0 0

#Transform 127
Transform: AffineTransform_float_3_3
Parameters: 0.999999 -0.000136973 -0.000789179 0.000138027 0.999999 0.00130189 0.000788821 -0.00130211 0.999999 0.034252 0.0818813 0.0799163
FixedParameters: 0 0 0

#Transform 128
Transform: AffineTransform_float_3_3
Parameters: 1 -0.00013708 -0.000941135 0.00013792 0.999999 0.00097787 0.000940866 -0.000978129 0.999999 0.0363025 0.0904012 0.0987518
FixedParameters: 0 0 0

#Transform 129
Transform: AffineTransform_float_3_3
Parameters: 0.999999 -0.000136984 -0.000789177 0.000138016 0.999999 0.00128789 0.000788823 -0.00128711 0.999999 0.0413893 0.082285 0.134077
FixedParameters: 0 0 0

#Transform 130
Transform: AffineTransform_float_3_3
Parameters: 0.999999 -0.000136668 -0.000984185 0.000137331 0.999999 0.00135287 0.000983814 -0.00135313 0.999998 0.0344995 0.0717053 0.152603
FixedParameters: 0 0 0

#Transform 131
Transform: AffineTransform_float_3_3
Parameters: 0.999999 -0.000136628 -0.000789239 0.000137371 0.999998 0.00173789 0.000788762 -0.00173811 0.999998 0.0315202 0.0668219 0.153313
FixedParameters: 0 0 0

#Transform 132
Transform: AffineTransform_float_3_3
Parameters: 1 -0.000136002 -0.00114224 0.000137997 0.999999 0.00174884 0.00114176 -0.00174916 0.999998 0.0387906 0.0666528 0.166733
FixedParameters: 0 0 0

#Transform 133
Transform: AffineTransform_float_3_3
Parameters: 0.999999 -3.40306e-05 -0.00124806 3.59693e-05 0.999999 0.00157796 0.00124795 -0.00157804 0.999998 0.0395889 0.0865567 0.200141
FixedParameters: 0 0 0

#Transform 134
Transform: AffineTransform_float_3_3
Parameters: 1 -0.00013637 -0.00107021 0.000137629 0.999999 0.00152285 0.00106979 -0.00152315 0.999999 0.0378985 0.0800597 0.193052
FixedParameters: 0 0 0

#Transform 135
Transform: AffineTransform_float_3_3
Parameters: 1 -0.000136327 -0.0011502 0.000137673 0.999999 0.00145484 0.0011498 -0.00145516 0.999999 0.0389036 0.0647389 0.14397
FixedParameters: 0 0 0

#Transform 136
Transform: AffineTransform_float_3_3
Parameters: 0.999999 -5.33218e-05 -0.00124407 5.46781e-05 0.999999 0.00134893 0.00124393 -0.00134907 0.999999 0.0302923 0.0657367 0.133286
FixedParameters: 0 0 0

#Transform 137
Transform: AffineTransform_float_3_3
Parameters: 0.999999 -0.00058206 -0.000782954 0.000581939 1 -7.74556e-05 0.000783044 7.65442e-05 0.999999 0.0646889 0.0737382 0.0666489
FixedParameters: 0 0 0

#Transform 138
Transform: AffineTransform_float_3_3
Parameters: 0.999999 -0.000232447 -0.00143175 0.000237551 0.999995 0.00318066 0.00143025 -0.00318134 0.999994 0.0416523 0.0815638 0.176232
FixedParameters: 0 0 0

#Transform 139
Transform: AffineTransform_float_3_3
Parameters: 0.999999 4.36503e-05 -0.00143089 -4.03533e-05 0.999996 0.00255006 0.00143011 -0.00255094 0.999995 0.0318669 0.100071 0.173247
FixedParameters: 0 0 0

#Transform 140
Transform: AffineTransform_float_3_3
Parameters: 0.999999 -0.000358883 -0.00143178 0.000362115 0.999997 0.00217748 0.00143021 -0.00217751 0.999996 0.0305489 0.0942093 0.134433
FixedParameters: 0 0 0

#Transform 141
Transform: AffineTransform_float_3_3
Parameters: 0.999999 4.16777e-05 -0.000902924 -4.03221e-05 0.999999 0.00185804 0.000903076 -0.00185796 0.999998 0.0376352 0.0850682 0.153167
FixedParameters: 0 0 0

#Transform 142
Transform: AffineTransform_float_3_3
Parameters: 1 -0.000367209 -0.00090373 0.000368792 0.999998 0.00198267 0.000903271 -0.00198333 0.999997 0.0396124 0.0873725 0.170837
FixedParameters: 0 0 0

#Transform 143
Transform: AffineTransform_float_3_3
Parameters: 0.999999 -0.000386721 -0.00134865 0.000389279 0.999998 0.00168948 0.00134834 -0.00169052 0.999997 0.0454228 0.0864606 0.196877
FixedParameters: 0 0 0

#Transform 144
Transform: AffineTransform_float_3_3
Parameters: 0.999999 -0.000386721 -0.00134865 0.000389279 0.999998 0.00168948 0.00134834 -0.00169052 0.999997 0.0453761 0.113179 0.223785
FixedParameters: 0 0 0

#Transform 145
Transform: AffineTransform_float_3_3
Parameters: 0.999999 -0.000664003 -0.00134898 0.000665996 0.999998 0.0014801 0.00134802 -0.0014809 0.999998 0.0516436 0.117092 0.239839
FixedParameters: 0 0 0

#Transform 146
Transform: AffineTransform_float_3_3
Parameters: 0.999999 -0.00038625 -0.00134879 0.000388749 0.999998 0.00203848 0.00134821 -0.00203952 0.999997 0.0453327 0.108579 0.25509
FixedParameters: 0 0 0

#Transform 147
Transform: AffineTransform_float_3_3
Parameters: 1 -0.000437625 -0.00110494 0.000439376 0.999997 0.00215052 0.00110406 -0.00215048 0.999997 0.0521937 0.0967866 0.249589
FixedParameters: 0 0 0

#Transform 148
Transform: AffineTransform_float_3_3
Parameters: 0.999999 -0.000385008 -0.0017269 0.000388991 0.999998 0.00231233 0.00172511 -0.00231267 0.999996 0.0674271 0.0555807 0.200179
FixedParameters: 0 0 0

#Transform 149
Transform: AffineTransform_float_3_3
Parameters: 0.999999 -0.000386356 -0.00144871 0.000388645 0.999999 0.00182544 0.00144829 -0.00182556 0.999998 0.0466936 0.0847483 0.164003
FixedParameters: 0 0 0

#Transform 150
Transform: AffineTransform_float_3_3
Parameters: 0.999998 -4.05373e-05 -0.00164506 4.34624e-05 0.999999 0.00149693 0.00164494 -0.00149707 0.999998 0.0225133 0.102998 0.187224
FixedParameters: 0 0 0

#Transform 151
Transform: AffineTransform_float_3_3
Parameters: 0.999997 0.000121408 -0.00236983 -0.000118594 0.999999 0.00143729 0.00237017 -0.00143772 0.999996 0.031305 0.0934178 0.173004
FixedParameters: 0 0 0

#Transform 152
Transform: AffineTransform_float_3_3
Parameters: 0.999999 -0.000287983 -0.00143141 0.000290017 0.999999 0.00140859 0.00143159 -0.00140941 0.999998 0.0423753 0.112431 0.143964
FixedParameters: 0 0 0

#Transform 153
Transform: AffineTransform_float_3_3
Parameters: 0.999999 -0.000288268 -0.00135437 0.000289733 0.999999 0.00127861 0.00135463 -0.00127939 0.999999 0.041453 0.0832927 0.132469
FixedParameters: 0 0 0

#Transform 154
Transform: AffineTransform_float_3_3
Parameters: 0.999999 -0.000288113 -0.00147537 0.000289887 0.999999 0.00127857 0.00147563 -0.00127943 0.999998 0.0529905 0.0878354 0.123339
FixedParameters: 0 0 0

#Transform 155
Transform: AffineTransform_float_3_3
Parameters: 0.999999 -0.000286009 -0.00147578 0.000289991 0.999997 0.00270458 0.00147522 -0.00270543 0.999996 0.0429232 0.117985 0.168457
FixedParameters: 0 0 0

#Transform 156
Transform: AffineTransform_float_3_3
Parameters: 0.999998 -0.000285669 -0.00189966 0.000290333 0.999998 0.00228045 0.00189934 -0.00228055 0.999995 0.0575739 0.10948 0.171317
FixedParameters: 0 0 0

#Transform 157
Transform: AffineTransform_float_3_3
Parameters: 0.999998 -0.000287333 -0.00189941 0.000289669 0.999999 0.00140445 0.0018996 -0.00140455 0.999997 0.0485049 0.0897555 0.167443
FixedParameters: 0 0 0

#Transform 158
Transform: AffineTransform_float_3_3
Parameters: 0.999998 -0.000287198 -0.00189943 0.000289802 0.999999 0.00147445 0.00189958 -0.00147555 0.999997 0.0484864 0.101954 0.177448
FixedParameters: 0 0 0

#Transform 159
Transform: AffineTransform_float_3_3
Parameters: 0.999998 -0.000287223 -0.00189942 0.000289777 0.999999 0.00146145 0.00189958 -0.00146255 0.999997 0.0486414 0.088906 0.100451
FixedParameters: 0 0 0

#Transform 160
Transform: AffineTransform_float_3_3
Parameters: 0.999997 -0.000387378 -0.00267653 0.000390622 0.999999 0.00135296 0.00267548 -0.00135404 0.999996 0.0485458 0.0777575 0.117959
FixedParameters: 0 0 0

#Transform 161
Transform: AffineTransform_float_3_3
Parameters: 0.999997 -0.000287392 -0.00237032 0.00028961 1 0.00110032 0.00237068 -0.00110068 0.999996 0.0360992 0.055981 0.0974646
FixedParameters: 0 0 0

#Transform 162
Transform: AffineTransform_float_3_3
Parameters: 0.999997 -0.000375009 -0.00263057 0.000378991 0.999999 0.00151701 0.00262943 -0.00151799 0.999996 0.0516215 0.076737 0.100331
FixedParameters: 0 0 0

#Transform 163
Transform: AffineTransform_float_3_3
Parameters: 0.999996 -0.000287591 -0.00299823 0.00029041 0.999999 0.000803133 0.00299877 -0.000803866 0.999995 0.0442199 0.0857516 0.117137
FixedParameters: 0 0 0

#Transform 164
Transform: AffineTransform_float_3_3
Parameters: 0.999997 -0.00049731 -0.00260613 0.000498689 1 0.000263701 0.00260587 -0.000265297 0.999996 0.0521571 0.0782893 0.0987713
FixedParameters: 0 0 0

#Transform 165
Transform: AffineTransform_float_3_3
Parameters: 0.999997 -0.000721085 -0.00232229 0.000721915 0.999999 0.000393325 0.00232172 -0.000394675 0.999997 0.0374077 0.0575648 0.0843269
FixedParameters: 0 0 0

#Transform 166
Transform: AffineTransform_float_3_3
Parameters: 0.999996 -0.000224677 -0.00263811 0.000226321 1 0.000500405 0.00263789 -0.000501595 0.999997 0.0584452 0.0710917 0.0922503
FixedParameters: 0 0 0

#Transform 167
Transform: AffineTransform_float_3_3
Parameters: 0.999998 -0.000721476 -0.00222117 0.000721525 0.999999 0.000235398 0.00222083 -0.000236603 0.999997 0.0554227 0.0789827 0.0631794
FixedParameters: 0 0 0

#Transform 168
Transform: AffineTransform_float_3_3
Parameters: 0.999996 -0.000716008 -0.00272958 0.000721991 0.999998 0.00219504 0.00272742 -0.00219696 0.999994 0.0462133 0.0694701 0.127283
FixedParameters: 0 0 0

#Transform 169
Transform: AffineTransform_float_3_3
Parameters: 0.999997 -0.000724437 -0.00232486 0.000723561 0.999999 -0.000189683 0.00232514 0.000187316 0.999998 0.0608553 0.0718676 0.0903162
FixedParameters: 0 0 0

#Transform 170
Transform: AffineTransform_float_3_3
Parameters: 0.999996 -0.000806138 -0.00248828 0.00080686 0.999999 0.000344993 0.00248772 -0.000347006 0.999997 0.0463494 0.084369 0.105626
FixedParameters: 0 0 0

#Transform 171
Transform: AffineTransform_float_3_3
Parameters: 0.999997 -0.000925504 -0.00222079 0.000924495 0.999999 -0.000228054 0.00222121 0.000225945 0.999997 0.0453033 0.074364 0.106222
FixedParameters: 0 0 0

#Transform 172
Transform: AffineTransform_float_3_3
Parameters: 0.999998 -0.000407289 -0.00222077 0.000406711 0.999999 -0.000580905 0.00222124 0.000580097 0.999998 0.0429294 0.0715432 0.130489
FixedParameters: 0 0 0

#Transform 173
Transform: AffineTransform_float_3_3
Parameters: 0.999997 -0.000924726 -0.00222111 0.000925273 0.999999 0.000121945 0.00222089 -0.000124054 0.999997 0.045188 0.0932397 0.150266
FixedParameters: 0 0 0

#Transform 174
Transform: AffineTransform_float_3_3
Parameters: 0.999996 -0.00092622 -0.00240553 0.00092478 1 -0.000508226 0.00240647 0.000505773 0.999997 0.0548196 0.105135 0.133257
FixedParameters: 0 0 0

#Transform 175
Transform: AffineTransform_float_3_3
Parameters: 0.999997 -0.000923995 -0.00216843 0.000925007 1 0.000462995 0.00216857 -0.000465005 0.999997 0.0610053 0.098691 0.151633
FixedParameters: 0 0 0

#Transform 176
Transform: AffineTransform_float_3_3
Parameters: 0.999997 -0.00092389 -0.00222146 0.000925111 1 0.000498947 0.00222154 -0.000501054 0.999998 0.0661716 0.0982353 0.149726
FixedParameters: 0 0 0

#Transform 177
Transform: AffineTransform_float_3_3
Parameters: 0.999997 -0.000925377 -0.00222084 0.000924624 0.999999 -0.000170054 0.00222116 0.000168945 0.999997 0.0503801 0.0949522 0.127898
FixedParameters: 0 0 0

#Transform 178
Transform: AffineTransform_float_3_3
Parameters: 0.999997 -0.000923938 -0.00197849 0.000925061 1 0.000535171 0.0019785 -0.000537829 0.999998 0.0572261 0.0923283 0.159003
FixedParameters: 0 0 0

#Transform 179
Transform: AffineTransform_float_3_3
Parameters: 0.999998 -0.000775858 -0.00193265 0.00077514 0.999999 -0.000445499 0.00193334 0.000443501 0.999998 0.0547606 0.0998075 0.150749
FixedParameters: 0 0 0
