# transform file /out/sourcedata/freesurfer/sub-v2s12x28883_ses-1/mri/transforms/cc_up.lta
# created by oesteban on Wed Mar 11 02:37:16 2026

type      = 0 # LINEAR_VOX_TO_VOX
nxforms   = 1
mean      = 127.0000 121.0000 125.0000
sigma     = 10000.0000
1 4 4
9.988747239112854e-01 4.668311029672623e-02 -8.359287865459919e-03 -4.839535713195801e+00 
-4.668147116899490e-02 9.989097714424133e-01 3.906634228769690e-04 2.809244155883789e+01 
8.368411101400852e-03 0.000000000000000e+00 9.999650120735168e-01 4.924283027648926e+00 
0.000000000000000e+00 0.000000000000000e+00 0.000000000000000e+00 1.000000000000000e+00 
src volume info
valid = 1  # volume info valid
filename = /out/sourcedata/freesurfer/sub-v2s12x28883_ses-1/mri/norm.mgz
volume = 256 256 256
voxelsize = 1.000000000000000e+00 1.000000000000000e+00 1.000000000000000e+00
xras   = -1.000000000000000e+00 0.000000000000000e+00 0.000000000000000e+00
yras   = 0.000000000000000e+00 0.000000000000000e+00 -1.000000000000000e+00
zras   = 0.000000000000000e+00 1.000000000000000e+00 0.000000000000000e+00
cras   = 5.000000000000000e-01 1.554000854492188e+00 6.475997924804688e+00
dst volume info
valid = 1  # volume info valid
filename = /out/sourcedata/freesurfer/sub-v2s12x28883_ses-1/mri/norm.mgz
volume = 256 256 256
voxelsize = 1.000000000000000e+00 1.000000000000000e+00 1.000000000000000e+00
xras   = -1.000000000000000e+00 0.000000000000000e+00 0.000000000000000e+00
yras   = 0.000000000000000e+00 0.000000000000000e+00 -1.000000000000000e+00
zras   = 0.000000000000000e+00 1.000000000000000e+00 0.000000000000000e+00
cras   = 5.000000000000000e-01 1.554000854492188e+00 6.475997924804688e+00
