# transform file /out/sourcedata/freesurfer/sub-v2s12x28877_ses-1/mri/transforms/cc_up.lta
# created by oesteban on Wed Mar 11 01:24:35 2026

type      = 0 # LINEAR_VOX_TO_VOX
nxforms   = 1
mean      = 126.0000 132.0000 134.0000
sigma     = 10000.0000
1 4 4
9.954998493194580e-01 4.470534622669220e-02 -8.355627208948135e-02 5.978469848632812e+00 
-4.454870149493217e-02 9.990003108978271e-01 3.739150473847985e-03 1.329563426971436e+01 
8.363988995552063e-02 0.000000000000000e+00 9.964960813522339e-01 -1.317789459228516e+01 
0.000000000000000e+00 0.000000000000000e+00 0.000000000000000e+00 1.000000000000000e+00 
src volume info
valid = 1  # volume info valid
filename = /out/sourcedata/freesurfer/sub-v2s12x28877_ses-1/mri/norm.mgz
volume = 256 256 256
voxelsize = 1.000000000000000e+00 1.000000000000000e+00 1.000000000000000e+00
xras   = -1.000000000000000e+00 0.000000000000000e+00 0.000000000000000e+00
yras   = 0.000000000000000e+00 0.000000000000000e+00 -1.000000000000000e+00
zras   = 0.000000000000000e+00 1.000000000000000e+00 0.000000000000000e+00
cras   = -2.956008911132812e-01 -9.169921875000000e-01 3.149299621582031e+01
dst volume info
valid = 1  # volume info valid
filename = /out/sourcedata/freesurfer/sub-v2s12x28877_ses-1/mri/norm.mgz
volume = 256 256 256
voxelsize = 1.000000000000000e+00 1.000000000000000e+00 1.000000000000000e+00
xras   = -1.000000000000000e+00 0.000000000000000e+00 0.000000000000000e+00
yras   = 0.000000000000000e+00 0.000000000000000e+00 -1.000000000000000e+00
zras   = 0.000000000000000e+00 1.000000000000000e+00 0.000000000000000e+00
cras   = -2.956008911132812e-01 -9.169921875000000e-01 3.149299621582031e+01
