# transform file /out/sourcedata/freesurfer/sub-v2s12x28869_ses-1/mri/transforms/cc_up.lta
# created by oesteban on Wed Mar 11 00:03:20 2026

type      = 0 # LINEAR_VOX_TO_VOX
nxforms   = 1
mean      = 128.0000 98.0000 137.0000
sigma     = 10000.0000
1 4 4
9.860092401504517e-01 -4.967433214187622e-02 1.591171026229858e-01 -1.381779289245605e+01 
4.903988912701607e-02 9.987654685974121e-01 7.913805544376373e-03 3.889496612548828e+01 
-1.593137681484222e-01 0.000000000000000e+00 9.872280359268188e-01 1.365120887756348e+01 
0.000000000000000e+00 0.000000000000000e+00 0.000000000000000e+00 1.000000000000000e+00 
src volume info
valid = 1  # volume info valid
filename = /out/sourcedata/freesurfer/sub-v2s12x28869_ses-1/mri/norm.mgz
volume = 256 256 256
voxelsize = 1.000000000000000e+00 1.000000000000000e+00 1.000000000000000e+00
xras   = -1.000000000000000e+00 0.000000000000000e+00 0.000000000000000e+00
yras   = 0.000000000000000e+00 0.000000000000000e+00 -1.000000000000000e+00
zras   = 0.000000000000000e+00 1.000000000000000e+00 0.000000000000000e+00
cras   = -4.812797546386719e+00 -2.625000000000000e+00 1.281005859375000e+00
dst volume info
valid = 1  # volume info valid
filename = /out/sourcedata/freesurfer/sub-v2s12x28869_ses-1/mri/norm.mgz
volume = 256 256 256
voxelsize = 1.000000000000000e+00 1.000000000000000e+00 1.000000000000000e+00
xras   = -1.000000000000000e+00 0.000000000000000e+00 0.000000000000000e+00
yras   = 0.000000000000000e+00 0.000000000000000e+00 -1.000000000000000e+00
zras   = 0.000000000000000e+00 1.000000000000000e+00 0.000000000000000e+00
cras   = -4.812797546386719e+00 -2.625000000000000e+00 1.281005859375000e+00
