#Insight Transform File V1.0
#Transform 0
Transform: AffineTransform_float_3_3
Parameters: 1 -0.000267194 -0.000408873 0.000266806 1 -0.000474109 0.000409126 0.000473891 1 0.0532134 -0.00884154 -0.0810145
FixedParameters: 0 0 0

#Transform 1
Transform: AffineTransform_float_3_3
Parameters: 0.999999 -0.000157763 0.000860043 0.000157237 1 -0.000275865 -0.000859956 0.000276136 0.999999 0.00471887 0.0125694 -0.0205482
FixedParameters: 0 0 0

#Transform 2
Transform: AffineTransform_float_3_3
Parameters: 1 -0.000326271 0.000534445 0.000326728 0.999999 -0.00136383 -0.000533555 0.00136417 0.999999 0.0630482 0.0628676 0.238107
FixedParameters: 0 0 0

#Transform 3
Transform: AffineTransform_float_3_3
Parameters: 1 -0.000414999 -0.000116004 0.000415001 1 8.95186e-06 0.000115996 -9.04814e-06 1 0.0813655 -0.0430743 0.114014
FixedParameters: 0 0 0

#Transform 4
Transform: AffineTransform_float_3_3
Parameters: 0.999999 -0.000707923 0.000203267 0.000707077 0.999999 -0.000377856 -0.000203733 0.000378144 1 0.0756959 0.0428952 0.318272
FixedParameters: 0 0 0

#Transform 5
Transform: AffineTransform_float_3_3
Parameters: 1 -0.000451306 -0.000390646 0.000451693 0.999999 -0.000785176 0.000391354 0.000784823 0.999999 0.0774239 0.00800212 -0.0169621
FixedParameters: 0 0 0

#Transform 6
Transform: AffineTransform_float_3_3
Parameters: 0.999996 0.00150944 -0.00210688 -0.00151856 0.999988 -0.00454382 0.00210012 0.00454719 0.999988 0.0821194 0.0922711 -0.418256
FixedParameters: 0 0 0

#Transform 7
Transform: AffineTransform_float_3_3
Parameters: 0.999999 0.00049216 -0.000795141 -0.000493841 0.999997 -0.00231461 0.000794858 0.00231539 0.999997 0.0492688 0.118495 -0.117184
FixedParameters: 0 0 0

#Transform 8
Transform: AffineTransform_float_3_3
Parameters: 0.999998 0.000403335 -0.00168916 -0.000403663 1 -0.000392319 0.00168884 0.000393682 0.999999 0.128879 -0.024533 0.0620794
FixedParameters: 0 0 0

#Transform 9
Transform: AffineTransform_float_3_3
Parameters: 0.999998 -1.56493e-05 -0.00165598 1.43506e-05 0.999999 -0.000996025 0.00165601 0.000995975 0.999998 0.16388 0.0184108 0.268816
FixedParameters: 0 0 0

#Transform 10
Transform: AffineTransform_float_3_3
Parameters: 0.999999 -1.69851e-05 -0.00137497 1.40148e-05 0.999997 -0.00217102 0.00137503 0.00217098 0.999996 0.150801 0.109025 0.289599
FixedParameters: 0 0 0

#Transform 11
Transform: AffineTransform_float_3_3
Parameters: 0.999999 -0.000770456 -0.0013753 0.000771543 0.999999 0.000394939 0.00137469 -0.000396059 0.999999 0.173107 -0.0956575 0.0527303
FixedParameters: 0 0 0

#Transform 12
Transform: AffineTransform_float_3_3
Parameters: 0.999999 -0.00135295 -4.16154e-05 0.00135305 0.999999 0.00119395 4.03845e-05 -0.00119406 1 0.0917729 -0.0647027 0.0589321
FixedParameters: 0 0 0

#Transform 13
Transform: AffineTransform_float_3_3
Parameters: 1 -0.000146998 -4.00075e-05 0.000147002 1 5.09941e-05 3.99925e-05 -5.10059e-05 1 0.0565105 -0.0325511 -0.041044
FixedParameters: 0 0 0

#Transform 14
Transform: AffineTransform_float_3_3
Parameters: 1 -9.57867e-05 -0.000968825 9.3213e-05 0.999999 -0.00184409 0.000969174 0.00184391 0.999998 0.107572 0.0311089 0.00459382
FixedParameters: 0 0 0

#Transform 15
Transform: AffineTransform_float_3_3
Parameters: 1 0.000269909 -5.54422e-05 -0.000270091 0.999998 -0.00163798 5.55576e-05 0.00163801 0.999998 0.0626512 0.0790305 0.217102
FixedParameters: 0 0 0

#Transform 16
Transform: AffineTransform_float_3_3
Parameters: 1 0.000352208 0.000329778 -0.000351792 0.999999 -0.000631116 -0.000329222 0.000630884 0.999999 0.0381737 -0.046348 0.105001
FixedParameters: 0 0 0

#Transform 17
Transform: AffineTransform_float_3_3
Parameters: 1 0.000239998 -2.30252e-05 -0.000240002 1 -0.000104994 2.29748e-05 0.000105006 1 0.0665113 0.0266782 0.340167
FixedParameters: 0 0 0

#Transform 18
Transform: AffineTransform_float_3_3
Parameters: 1 0.000352869 -0.000589078 -0.000353131 1 -0.000221792 0.000588921 0.000222208 1 0.100738 -0.00917376 0.33659
FixedParameters: 0 0 0

#Transform 19
Transform: AffineTransform_float_3_3
Parameters: 0.999999 0.000355518 0.0012793 -0.000353483 0.999998 -0.00196745 -0.0012797 0.00196755 0.999997 -0.085116 -0.0293294 -0.0639971
FixedParameters: 0 0 0

#Transform 20
Transform: AffineTransform_float_3_3
Parameters: 1 -6.20098e-05 3.69835e-05 6.19902e-05 1 0.000266002 -3.70165e-05 -0.000265998 1 -0.000135525 -0.00140299 -0.0031215
FixedParameters: 0 0 0

#Transform 21
Transform: AffineTransform_float_3_3
Parameters: 1 0.000352991 -5.00635e-05 -0.000353009 1 -0.000179982 4.99365e-05 0.000180018 1 0.00788673 0.0308609 0.0862265
FixedParameters: 0 0 0

#Transform 22
Transform: AffineTransform_float_3_3
Parameters: 0.999999 0.000352629 0.000701186 -0.000353371 1 0.000529752 -0.000700813 -0.000529247 0.999999 -0.0405342 -0.0700505 0.00856881
FixedParameters: 0 0 0

#Transform 23
Transform: AffineTransform_float_3_3
Parameters: 0.999999 0.000826376 -0.000439293 -0.000826624 1 0.000855363 0.000439707 -0.000855637 0.999999 0.0388154 -0.0962141 0.0112687
FixedParameters: 0 0 0

#Transform 24
Transform: AffineTransform_float_3_3
Parameters: 1 0.000661017 -5.17805e-05 -0.000660982 0.999999 0.000332034 5.22194e-05 -0.000331965 1 0.0224887 -0.00115718 0.260702
FixedParameters: 0 0 0

#Transform 25
Transform: AffineTransform_float_3_3
Parameters: 1 0.000826211 -0.000893805 -0.00082579 0.999999 0.000235738 0.000893194 -0.000235262 0.999999 0.00127994 -0.0794009 -0.291341
FixedParameters: 0 0 0

#Transform 26
Transform: AffineTransform_float_3_3
Parameters: 0.999999 0.000225814 0.00143372 -0.000224187 0.999999 -0.00126432 -0.00143428 0.00126468 0.999998 0.00802673 -0.00495905 -0.0547321
FixedParameters: 0 0 0

#Transform 27
Transform: AffineTransform_float_3_3
Parameters: 0.999998 0.000303777 0.00225249 -0.000300223 0.999998 -0.00167668 -0.00225351 0.00167632 0.999996 -0.0448162 0.0803796 0.0164503
FixedParameters: 0 0 0

#Transform 28
Transform: AffineTransform_float_3_3
Parameters: 1 0.00106957 -0.000530889 -0.00107143 0.999996 -0.00269843 0.000528111 0.00269857 0.999996 0.0215462 0.0744131 -0.0390277
FixedParameters: 0 0 0

#Transform 29
Transform: AffineTransform_float_3_3
Parameters: 1 0.000416247 0.000898044 -0.000411753 0.999989 -0.00472437 -0.000899955 0.00472362 0.999988 -0.0216522 0.159762 0.000225569
FixedParameters: 0 0 0

#Transform 30
Transform: AffineTransform_float_3_3
Parameters: 0.999999 0.000868527 -0.000422045 -0.000869473 0.999994 -0.00350264 0.000418956 0.00350337 0.999994 0.0370115 0.145988 0.00556097
FixedParameters: 0 0 0

#Transform 31
Transform: AffineTransform_float_3_3
Parameters: 0.999999 0.000867505 -0.00128768 -0.000869495 0.999997 -0.00193788 0.00128632 0.00193912 0.999998 0.0772014 -0.00323061 0.0130701
FixedParameters: 0 0 0

#Transform 32
Transform: AffineTransform_float_3_3
Parameters: 1 0.000595325 -0.000274468 -0.000596673 0.999997 -0.00246484 0.00027253 0.00246516 0.999997 0.0318375 0.0869437 -0.00357508
FixedParameters: 0 0 0

#Transform 33
Transform: AffineTransform_float_3_3
Parameters: 1 0.000869047 -0.000653269 -0.000869952 0.999998 -0.00145943 0.00065173 0.00146057 0.999998 0.0671364 0.0696144 0.134902
FixedParameters: 0 0 0

#Transform 34
Transform: AffineTransform_float_3_3
Parameters: 0.999999 0.00115739 -0.0014353 -0.00115961 0.999998 -0.00112334 0.0014337 0.00112466 0.999999 0.0908838 -0.0326613 -0.0234875
FixedParameters: 0 0 0

#Transform 35
Transform: AffineTransform_float_3_3
Parameters: 0.999999 0.000868873 -0.000520883 -0.000870127 0.999998 -0.00216655 0.000519115 0.00216745 0.999997 0.0532605 0.0949596 0.199973
FixedParameters: 0 0 0

#Transform 36
Transform: AffineTransform_float_3_3
Parameters: 0.999999 0.000869967 -1.85921e-05 -0.000870031 0.999998 -0.00182999 1.64079e-05 0.00183002 0.999999 0.0216085 0.0398123 0.23461
FixedParameters: 0 0 0

#Transform 37
Transform: AffineTransform_float_3_3
Parameters: 0.999999 0.00086997 -1.84763e-05 -0.000870029 0.999998 -0.00169698 1.65236e-05 0.00169701 0.999998 0.0327926 0.00309419 0.0583105
FixedParameters: 0 0 0

#Transform 38
Transform: AffineTransform_float_3_3
Parameters: 0.999999 0.00087074 0.000527779 -0.000870259 0.999998 -0.00140246 -0.000528221 0.00140254 0.999999 -0.007266 0.0557855 0.0608495
FixedParameters: 0 0 0

#Transform 39
Transform: AffineTransform_float_3_3
Parameters: 0.999999 0.00127521 -0.00124384 -0.00127679 0.999998 -0.00143741 0.00124217 0.00143959 0.999998 0.0808556 -0.0145544 -0.0925998
FixedParameters: 0 0 0

#Transform 40
Transform: AffineTransform_float_3_3
Parameters: 0.999999 0.000700768 -0.00114037 -0.000703231 0.999998 -0.0019582 0.00113862 0.0019588 0.999997 0.0900076 0.0976765 0.146279
FixedParameters: 0 0 0

#Transform 41
Transform: AffineTransform_float_3_3
Parameters: 1 -0.000222393 0.000619579 0.000223608 0.999996 -0.00259486 -0.000619422 0.00259514 0.999997 0.00342527 0.0636868 -0.199131
FixedParameters: 0 0 0

#Transform 42
Transform: AffineTransform_float_3_3
Parameters: 0.999999 0.000234577 -0.000684183 -0.000238423 0.999988 -0.00500784 0.000682814 0.00500816 0.999987 0.0718633 0.180261 -0.248826
FixedParameters: 0 0 0

#Transform 43
Transform: AffineTransform_float_3_3
Parameters: 0.999999 0.000888856 -0.000259941 -0.000889143 0.99999 -0.00443077 0.000256063 0.00443123 0.99999 0.00325521 0.154201 -0.209182
FixedParameters: 0 0 0

#Transform 44
Transform: AffineTransform_float_3_3
Parameters: 0.999999 0.000886434 -0.00127149 -0.000889566 0.999995 -0.00280587 0.00126951 0.00280713 0.999996 0.0502095 0.0438582 -0.113956
FixedParameters: 0 0 0

#Transform 45
Transform: AffineTransform_float_3_3
Parameters: 0.999998 0.000885919 -0.00131077 -0.000889082 0.999994 -0.00311684 0.00130824 0.00311716 0.999995 0.0829564 0.14589 0.23914
FixedParameters: 0 0 0

#Transform 46
Transform: AffineTransform_float_3_3
Parameters: 0.999999 0.0014213 -0.000578187 -0.0014227 0.999994 -0.00294418 0.000573813 0.00294482 0.999995 0.0091158 0.0560989 -0.0273875
FixedParameters: 0 0 0

#Transform 47
Transform: AffineTransform_float_3_3
Parameters: 0.999999 0.000887425 -0.00113801 -0.000889575 0.999997 -0.00226399 0.00113599 0.00226501 0.999997 0.073595 0.0623246 -0.0241224
FixedParameters: 0 0 0

#Transform 48
Transform: AffineTransform_float_3_3
Parameters: 0.999998 0.000886272 -0.00147025 -0.000889727 0.999997 -0.0025367 0.00146775 0.0025383 0.999995 0.10347 0.134455 0.265779
FixedParameters: 0 0 0

#Transform 49
Transform: AffineTransform_float_3_3
Parameters: 0.999998 0.000636924 -0.00181032 -0.000635077 0.999999 0.00106315 0.00181068 -0.00106185 0.999998 0.106225 -0.0912853 0.00978159
FixedParameters: 0 0 0

#Transform 50
Transform: AffineTransform_float_3_3
Parameters: 0.999999 0.000895724 -0.00102512 -0.000897276 0.999999 -0.00124508 0.00102388 0.00124592 0.999998 0.0822538 0.0340092 0.122855
FixedParameters: 0 0 0

#Transform 51
Transform: AffineTransform_float_3_3
Parameters: 0.999999 0.000569061 -0.000496079 -0.000569939 0.999998 -0.00189472 0.000494921 0.00189528 0.999998 0.0453088 0.0637385 0.137703
FixedParameters: 0 0 0

#Transform 52
Transform: AffineTransform_float_3_3
Parameters: 0.999999 0.000827439 -0.000345347 -0.00082756 0.999999 -0.00162771 0.000343653 0.00162828 0.999998 -0.0271558 -0.0633444 -0.233036
FixedParameters: 0 0 0

#Transform 53
Transform: AffineTransform_float_3_3
Parameters: 1 0.00102088 -0.000347312 -0.00102112 0.999994 -0.00324265 0.000343691 0.00324235 0.999994 -0.023919 0.107439 -0.252653
FixedParameters: 0 0 0

#Transform 54
Transform: AffineTransform_float_3_3
Parameters: 0.999999 0.0010197 -0.000741178 -0.0010213 0.999994 -0.00311224 0.000738824 0.00311375 0.999995 0.00572114 0.121525 -0.0865572
FixedParameters: 0 0 0

#Transform 55
Transform: AffineTransform_float_3_3
Parameters: 0.999999 0.0010177 -0.00142708 -0.0010213 0.999995 -0.00301455 0.00142393 0.00301545 0.999995 0.0674552 0.0667188 -0.237586
FixedParameters: 0 0 0

#Transform 56
Transform: AffineTransform_float_3_3
Parameters: 0.999998 0.0010171 -0.00127991 -0.0010219 0.999992 -0.0038357 0.00127609 0.0038373 0.999992 0.0791958 0.177055 -0.0370437
FixedParameters: 0 0 0

#Transform 57
Transform: AffineTransform_float_3_3
Parameters: 0.999998 0.0010183 -0.00127896 -0.00102171 0.999996 -0.0028997 0.00127604 0.0029003 0.999995 0.0419844 0.0528865 -0.309437
FixedParameters: 0 0 0

#Transform 58
Transform: AffineTransform_float_3_3
Parameters: 0.999996 0.00156616 -0.00201433 -0.00157283 0.999993 -0.00339584 0.00200867 0.00339916 0.999992 0.0517742 0.147625 -0.161151
FixedParameters: 0 0 0

#Transform 59
Transform: AffineTransform_float_3_3
Parameters: 0.999998 0.00176489 -0.00150583 -0.00176911 0.999994 -0.00273434 0.00150117 0.00273766 0.999995 0.00844085 0.0428183 -0.412099
FixedParameters: 0 0 0

#Transform 60
Transform: AffineTransform_float_3_3
Parameters: 0.999997 0.00156534 -0.00199105 -0.00157266 0.999992 -0.00385388 0.00198495 0.00385712 0.99999 0.0569773 0.147691 -0.157789
FixedParameters: 0 0 0

#Transform 61
Transform: AffineTransform_float_3_3
Parameters: 0.999998 0.00206742 0.00031853 -0.00206358 0.999944 -0.0103937 -0.000339464 0.0103923 0.999946 -0.0536956 0.365562 0.0619201
FixedParameters: 0 0 0

#Transform 62
Transform: AffineTransform_float_3_3
Parameters: 0.999996 0.00113085 0.00238677 -0.00110914 0.999957 -0.00913768 -0.00239723 0.00913432 0.999956 -0.130335 0.363175 0.00647612
FixedParameters: 0 0 0

#Transform 63
Transform: AffineTransform_float_3_3
Parameters: 0.999997 0.000348725 0.00268588 -0.000332281 0.99998 -0.00622491 -0.00268712 0.00622408 0.999977 -0.171285 0.219708 -0.0070055
FixedParameters: 0 0 0

#Transform 64
Transform: AffineTransform_float_3_3
Parameters: 1 9.98152e-05 0.000435814 -9.91864e-05 0.999998 -0.00187004 -0.000435186 0.00186996 0.999998 -0.0358157 0.0442077 -0.0164705
FixedParameters: 0 0 0

#Transform 65
Transform: AffineTransform_float_3_3
Parameters: 0.999999 0.000663976 0.000656005 -0.000662023 0.999996 -0.00300844 -0.000657994 0.00300757 0.999996 -0.0358447 0.153968 0.0322025
FixedParameters: 0 0 0

#Transform 66
Transform: AffineTransform_float_3_3
Parameters: 0.999999 0.000452439 0.00114264 -0.00044956 0.999996 -0.00300852 -0.00114436 0.00300749 0.999995 -0.0639062 0.151867 0.0723838
FixedParameters: 0 0 0

#Transform 67
Transform: AffineTransform_float_3_3
Parameters: 0.999998 0.000447749 -0.0018443 -0.000449251 0.999999 -0.000678172 0.0018437 0.000678827 0.999998 0.123065 -0.033715 0.0787985
FixedParameters: 0 0 0

#Transform 68
Transform: AffineTransform_float_3_3
Parameters: 0.999993 0.000452263 -0.00385562 -0.000448739 0.999999 0.000846736 0.00385538 -0.000845263 0.999992 0.20174 -0.0430771 0.246208
FixedParameters: 0 0 0

#Transform 69
Transform: AffineTransform_float_3_3
Parameters: 0.99999 -0.00010164 -0.00430523 0.00011036 0.999997 0.00217355 0.00430577 -0.00217446 0.999989 0.21242 -0.0404776 0.260647
FixedParameters: 0 0 0

#Transform 70
Transform: AffineTransform_float_3_3
Parameters: 0.999988 -0.000121846 -0.00500129 0.000133151 0.999998 0.00222936 0.00500072 -0.00223064 0.999985 0.268779 -0.0723164 0.287789
FixedParameters: 0 0 0

#Transform 71
Transform: AffineTransform_float_3_3
Parameters: 0.999992 0.000300047 -0.00393554 -0.000293952 0.999999 0.00153717 0.00393646 -0.00153583 0.999991 0.204517 -0.0231565 0.215833
FixedParameters: 0 0 0

#Transform 72
Transform: AffineTransform_float_3_3
Parameters: 0.999997 -6.09053e-05 -0.0026902 6.90938e-05 0.999996 0.00300883 0.0026898 -0.00300918 0.999992 0.117231 -0.132955 0.099992
FixedParameters: 0 0 0

#Transform 73
Transform: AffineTransform_float_3_3
Parameters: 0.999994 0.000240855 -0.0032615 -0.000234147 0.999998 0.00210177 0.0032615 -0.00210122 0.999992 0.153858 -0.0208169 0.22728
FixedParameters: 0 0 0

#Transform 74
Transform: AffineTransform_float_3_3
Parameters: 0.999989 -5.44713e-05 -0.00456719 6.95267e-05 0.999995 0.00318071 0.0045668 -0.00318128 0.999984 0.217847 -0.111914 0.0607099
FixedParameters: 0 0 0

#Transform 75
Transform: AffineTransform_float_3_3
Parameters: 0.999991 -6.02456e-05 -0.00429113 6.97529e-05 0.999998 0.00203972 0.00429086 -0.00204028 0.999988 0.238488 -0.0420654 0.0904398
FixedParameters: 0 0 0

#Transform 76
Transform: AffineTransform_float_3_3
Parameters: 0.999995 -6.69779e-05 -0.00320404 6.90245e-05 1 0.000631782 0.00320396 -0.000631217 0.999994 0.171685 0.036979 0.161659
FixedParameters: 0 0 0

#Transform 77
Transform: AffineTransform_float_3_3
Parameters: 0.999993 0.000227706 -0.00360583 -0.00022529 0.999999 0.000751817 0.00360617 -0.000750184 0.999993 0.183887 -0.0322469 0.062392
FixedParameters: 0 0 0

#Transform 78
Transform: AffineTransform_float_3_3
Parameters: 0.999996 0.000201015 -0.00262023 -0.000203987 1 -0.00113947 0.00262077 0.00113953 0.999996 0.112258 0.0367947 -0.0222114
FixedParameters: 0 0 0

#Transform 79
Transform: AffineTransform_float_3_3
Parameters: 0.999999 0.000415531 -0.00127948 -0.00041747 1 -0.00114847 0.00127952 0.00114853 0.999998 0.0364565 0.113007 0.0055483
FixedParameters: 0 0 0

#Transform 80
Transform: AffineTransform_float_3_3
Parameters: 0.999999 0.000417731 -0.00127376 -0.00041727 0.999999 0.000573532 0.00127424 -0.000573468 0.999999 0.0188936 0.0261391 0.000373221
FixedParameters: 0 0 0

#Transform 81
Transform: AffineTransform_float_3_3
Parameters: 0.999998 0.0004215 -0.00167487 -0.0004175 0.999997 0.0026857 0.00167613 -0.0026853 0.999995 -0.0259669 -0.163726 -0.429794
FixedParameters: 0 0 0

#Transform 82
Transform: AffineTransform_float_3_3
Parameters: 0.999999 0.000419834 -0.00172932 -0.000417165 0.999998 0.00163872 0.00173069 -0.00163828 0.999997 0.0114939 -0.0331621 -0.181406
FixedParameters: 0 0 0

#Transform 83
Transform: AffineTransform_float_3_3
Parameters: 0.999999 0.000418767 -0.000673906 -0.000417233 0.999997 0.00261928 0.000675095 -0.00261972 0.999997 -0.0377583 -0.0468766 -0.099712
FixedParameters: 0 0 0

#Transform 84
Transform: AffineTransform_float_3_3
Parameters: 1 0.000416707 0.000286427 -0.000417294 1 0.00102488 -0.000286572 -0.00102512 1 -0.207942 -0.0724803 -0.615002
FixedParameters: 0 0 0

#Transform 85
Transform: AffineTransform_float_3_3
Parameters: 0.999998 0.000737871 -0.00182224 -0.000736131 0.999999 0.00102634 0.00182276 -0.00102566 0.999998 -0.0465857 -0.0481162 -0.524778
FixedParameters: 0 0 0

#Transform 86
Transform: AffineTransform_float_3_3
Parameters: 0.999997 0.000417649 -0.00208487 -0.000417348 1 0.000312871 0.00208513 -0.00031113 0.999998 -0.0109532 0.0453828 -0.261706
FixedParameters: 0 0 0

#Transform 87
Transform: AffineTransform_float_3_3
Parameters: 0.999996 0.00065081 -0.00267159 -0.000645192 0.999998 0.00217473 0.00267241 -0.00217327 0.999994 -0.00388568 -0.101014 -0.18699
FixedParameters: 0 0 0

#Transform 88
Transform: AffineTransform_float_3_3
Parameters: 0.999999 0.000319181 -0.00133224 -0.000316821 0.999997 0.00238643 0.00133276 -0.00238658 0.999997 0.00568184 -0.0630585 -0.169828
FixedParameters: 0 0 0

#Transform 89
Transform: AffineTransform_float_3_3
Parameters: 0.999999 0.000150468 -0.00141553 -0.000146535 0.999995 0.00315521 0.00141547 -0.00315579 0.999994 -0.0166596 -0.0645263 -0.16552
FixedParameters: 0 0 0

#Transform 90
Transform: AffineTransform_float_3_3
Parameters: 0.999999 0.00056047 -0.000784532 -0.000557527 0.99999 0.00441744 0.00078747 -0.00441656 0.99999 -0.0302219 -0.175474 -0.10827
FixedParameters: 0 0 0

#Transform 91
Transform: AffineTransform_float_3_3
Parameters: 1 0.000275538 0.000117093 -0.000275462 0.999992 0.00396497 -0.000115909 -0.00396503 0.999992 -0.0468233 -0.0810332 0.0846653
FixedParameters: 0 0 0

#Transform 92
Transform: AffineTransform_float_3_3
Parameters: 1 0.000515589 0.00011781 -0.000515411 0.999993 0.00350994 -0.000116192 -0.00351006 0.999994 -0.0631048 -0.105738 0.0609061
FixedParameters: 0 0 0

#Transform 93
Transform: AffineTransform_float_3_3
Parameters: 0.999997 0.000525012 -0.00216303 -0.000520986 0.999998 0.00185513 0.00216497 -0.00185387 0.999996 0.0575289 -0.0834414 -0.036981
FixedParameters: 0 0 0

#Transform 94
Transform: AffineTransform_float_3_3
Parameters: 0.999995 0.000701353 -0.0032392 -0.000692648 0.999997 0.00257926 0.0032408 -0.00257674 0.999991 0.124271 -0.0357251 0.0444982
FixedParameters: 0 0 0

#Transform 95
Transform: AffineTransform_float_3_3
Parameters: 0.999995 0.000864244 -0.00323908 -0.000857758 0.999997 0.00223679 0.00324093 -0.00223421 0.999993 0.138188 -0.0345965 0.0664805
FixedParameters: 0 0 0

#Transform 96
Transform: AffineTransform_float_3_3
Parameters: 0.999996 0.000738604 -0.0029884 -0.000728396 0.999993 0.00354819 0.0029906 -0.00354581 0.999989 0.118499 -0.135017 0.0867919
FixedParameters: 0 0 0

#Transform 97
Transform: AffineTransform_float_3_3
Parameters: 0.999996 0.000621085 -0.00267314 -0.000612917 0.999995 0.00302365 0.00267487 -0.00302235 0.999992 0.0848563 -0.143602 0.0280995
FixedParameters: 0 0 0

#Transform 98
Transform: AffineTransform_float_3_3
Parameters: 0.999997 0.000733078 -0.00234442 -0.000727922 0.999998 0.00216571 0.00234658 -0.00216429 0.999995 0.0780191 -0.0197499 0.0732883
FixedParameters: 0 0 0

#Transform 99
Transform: AffineTransform_float_3_3
Parameters: 0.999996 0.000735445 -0.00298818 -0.000728554 0.999996 0.00249219 0.00298983 -0.00248981 0.999993 0.107834 -0.0332891 0.0852255
FixedParameters: 0 0 0

#Transform 100
Transform: AffineTransform_float_3_3
Parameters: 0.999995 0.000252242 -0.00307879 -0.000237763 0.999987 0.00494975 0.00307922 -0.00494925 0.999983 0.131978 -0.207886 0.0999743
FixedParameters: 0 0 0

#Transform 101
Transform: AffineTransform_float_3_3
Parameters: 0.999985 0.00127937 -0.00529045 -0.00125163 0.999986 0.0051747 0.00529654 -0.0051673 0.999972 0.187868 -0.154812 0.152392
FixedParameters: 0 0 0

#Transform 102
Transform: AffineTransform_float_3_3
Parameters: 0.999992 0.000733533 -0.00397663 -0.00071447 0.999989 0.00465988 0.00397937 -0.00465712 0.999981 0.149008 -0.122081 0.224199
FixedParameters: 0 0 0

#Transform 103
Transform: AffineTransform_float_3_3
Parameters: 0.999994 0.000181556 -0.00349832 -0.000167442 0.999993 0.00387461 0.00349968 -0.00387439 0.999987 0.140304 -0.171435 -0.0220518
FixedParameters: 0 0 0

#Transform 104
Transform: AffineTransform_float_3_3
Parameters: 0.999989 0.000574267 -0.00470028 -0.000559736 0.999995 0.00303567 0.00470172 -0.00303334 0.999985 0.231106 -0.0296582 0.152068
FixedParameters: 0 0 0

#Transform 105
Transform: AffineTransform_float_3_3
Parameters: 0.999989 0.000597826 -0.00468314 -0.000575175 0.999988 0.00487375 0.00468586 -0.00487125 0.999977 0.191435 -0.192023 0.00930754
FixedParameters: 0 0 0

#Transform 106
Transform: AffineTransform_float_3_3
Parameters: 0.999988 0.000465345 -0.0048651 -0.00044566 0.999991 0.00418122 0.00486691 -0.00417979 0.99998 0.218793 -0.175862 -0.0961369
FixedParameters: 0 0 0

#Transform 107
Transform: AffineTransform_float_3_3
Parameters: 0.999988 0.000508212 -0.00486613 -0.000489792 0.999993 0.00374243 0.00486787 -0.00374057 0.999981 0.233243 -0.0614885 0.0681451
FixedParameters: 0 0 0

#Transform 108
Transform: AffineTransform_float_3_3
Parameters: 0.999983 0.000320223 -0.00579856 -0.000292776 0.999989 0.00469478 0.00580044 -0.00469322 0.999972 0.276367 -0.130571 0.122802
FixedParameters: 0 0 0

#Transform 109
Transform: AffineTransform_float_3_3
Parameters: 0.999983 0.000604424 -0.00567734 -0.000568576 0.999981 0.00623833 0.00568166 -0.00623567 0.999965 0.249696 -0.22785 -0.0228399
FixedParameters: 0 0 0

#Transform 110
Transform: AffineTransform_float_3_3
Parameters: 0.999987 0.000442782 -0.00521588 -0.000417216 0.999987 0.00494324 0.00521813 -0.00494076 0.999974 0.253046 -0.0960973 0.219165
FixedParameters: 0 0 0

#Transform 111
Transform: AffineTransform_float_3_3
Parameters: 0.999989 2.23238e-05 -0.00457194 -6.7573e-07 0.999989 0.00466405 0.00457205 -0.00466395 0.999978 0.228513 -0.100347 0.247082
FixedParameters: 0 0 0

#Transform 112
Transform: AffineTransform_float_3_3
Parameters: 0.99999 0.000606923 -0.0045694 -0.000587077 0.999991 0.00435973 0.0045726 -0.00435727 0.99998 0.175889 -0.155535 -0.117417
FixedParameters: 0 0 0

#Transform 113
Transform: AffineTransform_float_3_3
Parameters: 0.999987 0.000618007 -0.00505407 -0.000601993 0.999995 0.00316808 0.00505593 -0.00316492 0.999982 0.228704 -0.062723 0.0593453
FixedParameters: 0 0 0

#Transform 114
Transform: AffineTransform_float_3_3
Parameters: 0.999995 7.97056e-05 -0.00338571 -6.52958e-05 0.999992 0.00404724 0.00338629 -0.00404775 0.999986 0.180013 -0.144977 0.17108
FixedParameters: 0 0 0

#Transform 115
Transform: AffineTransform_float_3_3
Parameters: 0.99999 0.000177171 -0.0046092 -0.000154832 0.999989 0.00480977 0.0046098 -0.00480924 0.999978 0.229977 -0.131084 0.140997
FixedParameters: 0 0 0

#Transform 116
Transform: AffineTransform_float_3_3
Parameters: 0.999993 -0.000185946 -0.00379109 0.000207051 0.999984 0.00555325 0.00378991 -0.00555474 0.999978 0.179004 -0.168856 0.114251
FixedParameters: 0 0 0

#Transform 117
Transform: AffineTransform_float_3_3
Parameters: 0.999988 0.00027299 -0.00493714 -0.000257009 0.999994 0.00323931 0.00493785 -0.00323769 0.999982 0.232241 -0.139674 0.0558997
FixedParameters: 0 0 0

#Transform 118
Transform: AffineTransform_float_3_3
Parameters: 0.999992 0.000213142 -0.00415635 -0.000199857 0.999995 0.00316186 0.00415766 -0.00316114 0.999987 0.191378 -0.0411771 0.0958865
FixedParameters: 0 0 0

#Transform 119
Transform: AffineTransform_float_3_3
Parameters: 0.999986 -0.000181869 -0.00525193 0.000206131 0.999988 0.00478498 0.00525107 -0.00478602 0.999975 0.226447 -0.195987 -0.117369
FixedParameters: 0 0 0

#Transform 120
Transform: AffineTransform_float_3_3
Parameters: 0.99999 0.000179679 -0.00443532 -0.000162315 0.999992 0.00398676 0.00443668 -0.00398524 0.999982 0.181456 -0.0657771 0.0851174
FixedParameters: 0 0 0

#Transform 121
Transform: AffineTransform_float_3_3
Parameters: 0.999994 -0.000261557 -0.00359831 0.000278447 0.999988 0.00484803 0.00359769 -0.00484897 0.999982 0.166097 -0.107836 0.107776
FixedParameters: 0 0 0

#Transform 122
Transform: AffineTransform_float_3_3
Parameters: 0.999986 -0.000171111 -0.00518011 0.000201888 0.999982 0.00596303 0.00517888 -0.00596397 0.999969 0.258263 -0.204895 -0.000207898
FixedParameters: 0 0 0

#Transform 123
Transform: AffineTransform_float_3_3
Parameters: 0.999994 -0.000169282 -0.00343392 0.00018772 0.999986 0.00516038 0.00343308 -0.00516061 0.999981 0.137442 -0.0968221 0.0610098
FixedParameters: 0 0 0

#Transform 124
Transform: AffineTransform_float_3_3
Parameters: 0.999991 -2.93153e-05 -0.00436422 5.26882e-05 0.999986 0.00542682 0.00436478 -0.00542718 0.999975 0.194297 -0.197037 -0.0756923
FixedParameters: 0 0 0

#Transform 125
Transform: AffineTransform_float_3_3
Parameters: 0.999982 -0.000578238 -0.00601283 0.000596759 0.999995 0.00311847 0.00601117 -0.00312253 0.999977 0.320092 -0.0325884 0.0814177
FixedParameters: 0 0 0

#Transform 126
Transform: AffineTransform_float_3_3
Parameters: 0.999984 -0.00135642 -0.00550839 0.00139358 0.999975 0.00682443 0.00549961 -0.00683156 0.999961 0.247692 -0.260511 -0.150235
FixedParameters: 0 0 0

#Transform 127
Transform: AffineTransform_float_3_3
Parameters: 0.999982 -0.000800917 -0.00596239 0.000868079 0.999937 0.011257 0.0059526 -0.011262 0.999919 0.313477 -0.432334 -0.0602249
FixedParameters: 0 0 0

#Transform 128
Transform: AffineTransform_float_3_3
Parameters: 0.999977 -0.000625291 -0.00672972 0.000683715 0.999961 0.0087256 0.00672429 -0.0087294 0.99994 0.359222 -0.246687 0.0169739
FixedParameters: 0 0 0

#Transform 129
Transform: AffineTransform_float_3_3
Parameters: 0.999985 -0.000901208 -0.00553486 0.000954794 0.999954 0.00954287 0.00552614 -0.00954813 0.999939 0.245231 -0.355417 -0.12652
FixedParameters: 0 0 0

#Transform 130
Transform: AffineTransform_float_3_3
Parameters: 0.999982 -0.000703581 -0.0059628 0.000759419 0.999957 0.00929664 0.0059562 -0.00930136 0.999939 0.296616 -0.273295 -0.036789
FixedParameters: 0 0 0

#Transform 131
Transform: AffineTransform_float_3_3
Parameters: 0.999977 -0.000696686 -0.00683686 0.000761317 0.999956 0.00940902 0.00683014 -0.00941399 0.999933 0.326937 -0.258206 -0.0669507
FixedParameters: 0 0 0

#Transform 132
Transform: AffineTransform_float_3_3
Parameters: 0.999986 -0.000508723 -0.00538578 0.000557279 0.999959 0.00896613 0.00538122 -0.00896887 0.999946 0.226418 -0.276274 -0.13394
FixedParameters: 0 0 0

#Transform 133
Transform: AffineTransform_float_3_3
Parameters: 0.999983 -0.000933843 -0.00585674 0.000993163 0.999949 0.0101064 0.00584726 -0.0101116 0.999932 0.26951 -0.385498 -0.249245
FixedParameters: 0 0 0

#Transform 134
Transform: AffineTransform_float_3_3
Parameters: 0.999976 -0.000867672 -0.00679535 0.000937333 0.999946 0.0103529 0.00678666 -0.0103591 0.999924 0.334958 -0.286299 -0.00638691
FixedParameters: 0 0 0

#Transform 135
Transform: AffineTransform_float_3_3
Parameters: 0.999977 -0.000914759 -0.00682308 0.000987245 0.999944 0.0105925 0.00681292 -0.0105985 0.99992 0.328732 -0.328342 0.0424432
FixedParameters: 0 0 0

#Transform 136
Transform: AffineTransform_float_3_3
Parameters: 0.999982 -0.000913617 -0.0060241 0.000984378 0.999931 0.0116903 0.00601291 -0.0116967 0.999914 0.294686 -0.367792 0.0542267
FixedParameters: 0 0 0

#Transform 137
Transform: AffineTransform_float_3_3
Parameters: 0.999979 -0.00105536 -0.0062956 0.00112765 0.999932 0.0115461 0.00628339 -0.0115529 0.999913 0.316781 -0.309245 -0.00847196
FixedParameters: 0 0 0

#Transform 138
Transform: AffineTransform_float_3_3
Parameters: 0.999977 -0.000904881 -0.00661556 0.000979128 0.999936 0.0112098 0.00660544 -0.0112152 0.999916 0.341086 -0.309073 0.0400844
FixedParameters: 0 0 0

#Transform 139
Transform: AffineTransform_float_3_3
Parameters: 0.99998 -0.000442974 -0.00633712 0.000511036 0.999942 0.010737 0.00633288 -0.01074 0.999923 0.295876 -0.377857 0.00291632
FixedParameters: 0 0 0

#Transform 140
Transform: AffineTransform_float_3_3
Parameters: 0.999982 -0.000220152 -0.0059658 0.000285853 0.999939 0.0110395 0.00596321 -0.0110405 0.999922 0.307908 -0.429564 -0.125477
FixedParameters: 0 0 0

#Transform 141
Transform: AffineTransform_float_3_3
Parameters: 0.999995 4.49003e-05 -0.00335775 -1.81054e-05 0.999968 0.00801111 0.00335725 -0.0080109 0.999963 0.131545 -0.216023 0.0579877
FixedParameters: 0 0 0

#Transform 142
Transform: AffineTransform_float_3_3
Parameters: 0.999992 -0.000433054 -0.0041164 0.000472942 0.999953 0.00970814 0.00411161 -0.00970987 0.999945 0.232862 -0.24597 0.201408
FixedParameters: 0 0 0

#Transform 143
Transform: AffineTransform_float_3_3
Parameters: 0.999989 -0.00033704 -0.00462683 0.000385964 0.999944 0.0105853 0.00462318 -0.0105867 0.999934 0.225468 -0.383905 0.0200373
FixedParameters: 0 0 0

#Transform 144
Transform: AffineTransform_float_3_3
Parameters: 0.999986 -0.000118658 -0.0051852 0.000163345 0.999964 0.00855127 0.00518479 -0.00855273 0.99995 0.260373 -0.198514 0.206734
FixedParameters: 0 0 0

#Transform 145
Transform: AffineTransform_float_3_3
Parameters: 0.999986 -0.000621595 -0.00513821 0.000670405 0.999953 0.00961967 0.00513178 -0.00962231 0.99994 0.247218 -0.312741 0.0566406
FixedParameters: 0 0 0

#Transform 146
Transform: AffineTransform_float_3_3
Parameters: 0.999992 -0.000690296 -0.00391328 0.000724704 0.999961 0.00887424 0.00390672 -0.00887677 0.999953 0.155645 -0.290152 -0.237448
FixedParameters: 0 0 0

#Transform 147
Transform: AffineTransform_float_3_3
Parameters: 0.999991 -0.000532744 -0.00432497 0.000563255 0.999973 0.00722863 0.00432104 -0.00723137 0.999965 0.187271 -0.128615 -0.107284
FixedParameters: 0 0 0

#Transform 148
Transform: AffineTransform_float_3_3
Parameters: 0.999993 -0.000543464 -0.00373166 0.000581529 0.999949 0.0100649 0.00372534 -0.0100671 0.999943 0.153884 -0.313754 0.00806249
FixedParameters: 0 0 0

#Transform 149
Transform: AffineTransform_float_3_3
Parameters: 0.999997 -0.000555837 -0.00235184 0.000580164 0.999947 0.0102857 0.00234616 -0.0102873 0.999945 0.139772 -0.247678 0.262101
FixedParameters: 0 0 0

#Transform 150
Transform: AffineTransform_float_3_3
Parameters: 0.999998 -0.00071379 -0.00222392 0.00073521 0.999954 0.00955039 0.00221708 -0.00955261 0.999952 0.132295 -0.212584 0.204139
FixedParameters: 0 0 0

#Transform 151
Transform: AffineTransform_float_3_3
Parameters: 0.999997 -0.000742511 -0.00231334 0.000767486 0.999939 0.0110373 0.00230467 -0.0110387 0.999937 0.119415 -0.351426 0.201062
FixedParameters: 0 0 0

#Transform 152
Transform: AffineTransform_float_3_3
Parameters: 0.999991 -0.000742604 -0.0041704 0.0007834 0.999952 0.00969282 0.0041636 -0.00969618 0.999945 0.185612 -0.262829 0.0854824
FixedParameters: 0 0 0

#Transform 153
Transform: AffineTransform_float_3_3
Parameters: 0.999993 -0.000825359 -0.00359382 0.000867633 0.999933 0.011601 0.00358318 -0.011604 0.999926 0.194195 -0.254018 0.30632
FixedParameters: 0 0 0

#Transform 154
Transform: AffineTransform_float_3_3
Parameters: 0.999995 -0.000829281 -0.0032573 0.000864726 0.99994 0.0109793 0.0032487 -0.0109828 0.999935 0.188906 -0.331719 0.196455
FixedParameters: 0 0 0

#Transform 155
Transform: AffineTransform_float_3_3
Parameters: 1 -0.000848221 -0.000842901 0.000855771 0.999956 0.00927228 0.000834101 -0.00927271 0.999956 0.0670477 -0.204844 0.280211
FixedParameters: 0 0 0

#Transform 156
Transform: AffineTransform_float_3_3
Parameters: 0.99997 -0.00743884 -0.0021677 0.00744816 0.999963 0.00425098 0.0021353 -0.00426701 0.999988 0.495178 -0.0685875 0.00255357
FixedParameters: 0 0 0

#Transform 157
Transform: AffineTransform_float_3_3
Parameters: 0.999948 -0.00998346 -0.00203493 0.00998053 0.999949 -0.00121937 0.00204708 0.00119962 0.999997 0.51744 0.0927742 -0.145839
FixedParameters: 0 0 0

#Transform 158
Transform: AffineTransform_float_3_3
Parameters: 0.999991 -0.00372629 -0.00200987 0.00373771 0.999976 0.00585554 0.00198813 -0.00586346 0.999981 0.191866 -0.21151 -0.318187
FixedParameters: 0 0 0

#Transform 159
Transform: AffineTransform_float_3_3
Parameters: 0.999987 -0.00319273 -0.00395119 0.00321927 0.999971 0.00691437 0.00392882 -0.00692663 0.999969 0.374524 -0.258508 -0.0648098
FixedParameters: 0 0 0

#Transform 160
Transform: AffineTransform_float_3_3
Parameters: 0.999984 -0.00563637 -0.0011988 0.00564264 0.999973 0.00474931 0.0011722 -0.00475568 0.999988 0.269216 -0.119122 -0.00153982
FixedParameters: 0 0 0

#Transform 161
Transform: AffineTransform_float_3_3
Parameters: 0.999948 -0.0100998 0.00178152 0.0101033 0.999948 -0.0018241 -0.00176348 0.00184191 0.999996 0.321449 0.108538 -0.128724
FixedParameters: 0 0 0

#Transform 162
Transform: AffineTransform_float_3_3
Parameters: 0.999983 -0.00543393 -0.00179115 0.00544608 0.999958 0.00737537 0.00175186 -0.00738464 0.999971 0.274922 -0.249605 0.201331
FixedParameters: 0 0 0

#Transform 163
Transform: AffineTransform_float_3_3
Parameters: 0.999983 -0.00424358 -0.0038641 0.00426842 0.999969 0.00659461 0.0038359 -0.00661139 0.999971 0.366468 -0.16699 0.206782
FixedParameters: 0 0 0

#Transform 164
Transform: AffineTransform_float_3_3
Parameters: 0.999989 -0.00339782 -0.00315596 0.00341918 0.999971 0.00673028 0.00313304 -0.00674072 0.999973 0.2888 -0.136492 0.407119
FixedParameters: 0 0 0

#Transform 165
Transform: AffineTransform_float_3_3
Parameters: 0.999991 -0.00286194 -0.00335315 0.00289005 0.99996 0.00839239 0.00332885 -0.00840261 0.999959 0.310729 -0.313575 0.213694
FixedParameters: 0 0 0

#Transform 166
Transform: AffineTransform_float_3_3
Parameters: 0.999991 -0.00269418 -0.00304059 0.00272482 0.999945 0.0101788 0.00301241 -0.0101872 0.999943 0.290475 -0.338056 0.203952
FixedParameters: 0 0 0

#Transform 167
Transform: AffineTransform_float_3_3
Parameters: 0.999994 -0.00264409 -0.00230817 0.0026649 0.999955 0.0091019 0.00228383 -0.00910809 0.999956 0.239588 -0.198717 0.310122
FixedParameters: 0 0 0

#Transform 168
Transform: AffineTransform_float_3_3
Parameters: 0.999995 -0.00265296 -0.00206827 0.00267403 0.999944 0.0102355 0.00204073 -0.0102415 0.999946 0.171784 -0.28623 0.246211
FixedParameters: 0 0 0

#Transform 169
Transform: AffineTransform_float_3_3
Parameters: 0.999998 -0.0020946 -0.000301196 0.0020964 0.999964 0.00820439 0.00028381 -0.00820462 0.999967 0.0260563 -0.259616 -0.0602688
FixedParameters: 0 0 0

#Transform 170
Transform: AffineTransform_float_3_3
Parameters: 0.999997 -0.00139777 0.00189419 0.00138323 0.999969 0.00777564 -0.00190581 -0.00777236 0.999968 -0.080075 -0.175385 0.153909
FixedParameters: 0 0 0

#Transform 171
Transform: AffineTransform_float_3_3
Parameters: 0.999998 -0.00170294 0.00118281 0.00169306 0.999963 0.00835602 -0.00119619 -0.00835398 0.999965 -0.0452704 -0.231643 0.142943
FixedParameters: 0 0 0

#Transform 172
Transform: AffineTransform_float_3_3
Parameters: 0.999999 -0.00128626 -0.000342471 0.00128874 0.999966 0.00813157 0.000331532 -0.00813143 0.999967 0.0229697 -0.244789 -0.0334386
FixedParameters: 0 0 0

#Transform 173
Transform: AffineTransform_float_3_3
Parameters: 0.999998 -0.00147746 0.00087081 0.00147154 0.99998 0.00623229 -0.000880187 -0.00623071 0.99998 -0.0323666 -0.115227 0.0952028
FixedParameters: 0 0 0

#Transform 174
Transform: AffineTransform_float_3_3
Parameters: 0.999997 -0.00215119 -0.000352614 0.00215481 0.999964 0.00818226 0.000334379 -0.00818274 0.999966 0.0707278 -0.259325 0.0696791
FixedParameters: 0 0 0

#Transform 175
Transform: AffineTransform_float_3_3
Parameters: 0.999997 -0.00237188 -0.000774974 0.00237812 0.999966 0.00798818 0.000756025 -0.00798982 0.999968 0.145334 -0.15546 0.305514
FixedParameters: 0 0 0

#Transform 176
Transform: AffineTransform_float_3_3
Parameters: 0.999998 -0.00146222 -0.000767121 0.00146779 0.99997 0.00758988 0.00075688 -0.00759112 0.999971 0.0668259 -0.196998 0.121164
FixedParameters: 0 0 0

#Transform 177
Transform: AffineTransform_float_3_3
Parameters: 0.999997 -0.00173533 -0.00132212 0.00174567 0.999965 0.00811171 0.00130788 -0.00811329 0.999966 0.0909206 -0.270589 -0.0412869
FixedParameters: 0 0 0

#Transform 178
Transform: AffineTransform_float_3_3
Parameters: 0.999998 -0.00161398 -0.000418806 0.00161702 0.999972 0.00730733 0.000407195 -0.00730767 0.999973 0.0343126 -0.133291 0.0918854
FixedParameters: 0 0 0

#Transform 179
Transform: AffineTransform_float_3_3
Parameters: 0.999999 -0.00144385 0.000112541 0.00144215 0.999972 0.00724617 -0.000122453 -0.00724583 0.999973 -0.00312267 -0.168999 0.059396
FixedParameters: 0 0 0
