#Insight Transform File V1.0
#Transform 0
Transform: AffineTransform_float_3_3
Parameters: 0.999999 3.73081e-06 0.001745 -2.69174e-07 0.999997 -0.002138 -0.00174501 0.002138 0.999996 -0.0824589 0.00667813 -0.260885
FixedParameters: 0 0 0

#Transform 1
Transform: AffineTransform_float_3_3
Parameters: 0.999998 0.000337793 0.00163442 -0.000335206 0.999998 -0.00170955 -0.00163457 0.00170845 0.999997 -0.0700338 0.0161518 -0.221629
FixedParameters: 0 0 0

#Transform 2
Transform: AffineTransform_float_3_3
Parameters: 0.999998 0.000704308 0.00179771 -0.000701691 0.999998 -0.00184026 -0.00179929 0.00183874 0.999996 -0.0750698 0.0246526 -0.260478
FixedParameters: 0 0 0

#Transform 3
Transform: AffineTransform_float_3_3
Parameters: 0.999999 0.000108079 0.00146771 -0.000103923 0.999996 -0.00277916 -0.00146729 0.00277884 0.999995 -0.0608066 -0.0125687 -0.280143
FixedParameters: 0 0 0

#Transform 4
Transform: AffineTransform_float_3_3
Parameters: 0.999998 0.000569398 0.00160415 -0.000566602 0.999998 -0.00149491 -0.00160485 0.00149409 0.999997 -0.0584241 -0.00762274 -0.246209
FixedParameters: 0 0 0

#Transform 5
Transform: AffineTransform_float_3_3
Parameters: 0.999999 2.02575e-06 0.001399 2.5756e-08 0.999999 -0.001448 -0.001399 0.001448 0.999998 -0.0606173 0.0074235 -0.212815
FixedParameters: 0 0 0

#Transform 6
Transform: AffineTransform_float_3_3
Parameters: 0.999999 0.000263175 0.00151662 -0.000260826 0.999999 -0.0014334 -0.00151737 0.0014336 0.999998 -0.0598974 0.012738 -0.212389
FixedParameters: 0 0 0

#Transform 7
Transform: AffineTransform_float_3_3
Parameters: 1 6.28685e-05 0.00104895 -6.11314e-05 0.999999 -0.000828064 -0.00104905 0.000827934 0.999999 -0.0545702 0.0249821 -0.117329
FixedParameters: 0 0 0

#Transform 8
Transform: AffineTransform_float_3_3
Parameters: 0.999999 -0.000163578 0.00147127 0.000166421 0.999998 -0.00164576 -0.00147073 0.00164624 0.999997 -0.0630934 -0.0109022 -0.190606
FixedParameters: 0 0 0

#Transform 9
Transform: AffineTransform_float_3_3
Parameters: 0.999998 1.81471e-06 0.001671 -1.8529e-07 1 -0.001086 -0.001671 0.001086 0.999998 -0.0644962 0.00306296 -0.174822
FixedParameters: 0 0 0

#Transform 10
Transform: AffineTransform_float_3_3
Parameters: 1 0.000352387 0.00115958 -0.000350614 0.999999 -0.00119641 -0.00115942 0.00119559 0.999998 -0.0535764 0.00605102 -0.164785
FixedParameters: 0 0 0

#Transform 11
Transform: AffineTransform_float_3_3
Parameters: 1 1.21197e-06 0.001065 2.11971e-07 1 -0.001138 -0.001065 0.001138 0.999999 -0.0758857 0.0239925 -0.156358
FixedParameters: 0 0 0

#Transform 12
Transform: AffineTransform_float_3_3
Parameters: 1 2.04044e-06 0.00116 4.0444e-08 0.999999 -0.001759 -0.00116 0.001759 0.999998 -0.0725485 0.0332842 -0.134624
FixedParameters: 0 0 0

#Transform 13
Transform: AffineTransform_float_3_3
Parameters: 0.999999 1.21523e-06 0.000856999 2.15227e-07 0.999999 -0.001418 -0.000857 0.001418 0.999998 -0.0522184 0.0237972 -0.123931
FixedParameters: 0 0 0

#Transform 14
Transform: AffineTransform_float_3_3
Parameters: 1 6.11556e-07 0.000492 -3.88443e-07 0.999999 -0.001243 -0.000492001 0.001243 0.999999 -0.046755 0.0226449 -0.113841
FixedParameters: 0 0 0

#Transform 15
Transform: AffineTransform_float_3_3
Parameters: 0.999999 5.3526e-07 0.000811 -4.64739e-07 1 -0.000660001 -0.000811001 0.00066 1 -0.0514283 0.0358232 -0.0580767
FixedParameters: 0 0 0

#Transform 16
Transform: AffineTransform_float_3_3
Parameters: 1 1.2296e-06 0.00116 2.29601e-07 1 -0.00106 -0.00116 0.00106 0.999999 -0.0567321 0.0418121 -0.0576276
FixedParameters: 0 0 0

#Transform 17
Transform: AffineTransform_float_3_3
Parameters: 1 -2.62143e-07 -0.000189 -2.62143e-07 0.999999 -0.001387 0.000189 0.001387 0.999999 0.009153 0.0056649 -0.0554831
FixedParameters: 0 0 0

#Transform 18
Transform: AffineTransform_float_3_3
Parameters: 1 5.67e-08 -0.000189 5.67e-08 1 0.0003 0.000189 -0.0003 1 0.00912195 0.0344898 0.0506246
FixedParameters: 0 0 0

#Transform 19
Transform: AffineTransform_float_3_3
Parameters: 1 -1.83708e-07 -0.000189 -1.83708e-07 0.999999 -0.000971999 0.000189 0.000971999 0.999999 0.0158897 -0.00264212 0.0626896
FixedParameters: 0 0 0

#Transform 20
Transform: AffineTransform_float_3_3
Parameters: 1 8.04e-10 -6.7e-05 8.04e-10 1 1.2e-05 6.7e-05 -1.2e-05 1 0.00735485 -0.00685103 0.00536239
FixedParameters: 0 0 0

#Transform 21
Transform: AffineTransform_float_3_3
Parameters: 1 -0.000384007 -7.09635e-05 0.000383993 1 -9.50272e-05 7.10365e-05 9.49727e-05 1 0.00380698 -0.00681583 -0.00645244
FixedParameters: 0 0 0

#Transform 22
Transform: AffineTransform_float_3_3
Parameters: 1 4.26195e-07 -0.000385 4.26195e-07 1 0.001107 0.000385 -0.001107 1 0.0162031 0.0308814 0.103143
FixedParameters: 0 0 0

#Transform 23
Transform: AffineTransform_float_3_3
Parameters: 1 -0.000423159 -0.000380823 0.000422841 1 -0.000417161 0.000381176 0.000416839 1 0.00386695 -0.0107274 -0.0373412
FixedParameters: 0 0 0

#Transform 24
Transform: AffineTransform_float_3_3
Parameters: 1 -0.000422965 -0.000123119 0.000423034 1 0.000280948 0.000122881 -0.000281052 1 0.00431114 -0.0271352 -0.0126082
FixedParameters: 0 0 0

#Transform 25
Transform: AffineTransform_float_3_3
Parameters: 1 -0.000422956 0.000899021 0.000423045 1 -4.96197e-05 -0.000898979 4.93802e-05 0.999999 -0.0242661 -0.014592 -0.0303291
FixedParameters: 0 0 0

#Transform 26
Transform: AffineTransform_float_3_3
Parameters: 1 -0.000294278 0.00112693 0.000293722 1 0.000247331 -0.00112707 -0.000246669 1 -0.0133764 -0.00559996 -0.0526462
FixedParameters: 0 0 0

#Transform 27
Transform: AffineTransform_float_3_3
Parameters: 0.999998 0.000306516 0.00196992 -0.000306485 1 -0.000261604 -0.00197008 0.000261397 0.999998 0.0218176 0.00100341 -0.0242382
FixedParameters: 0 0 0

#Transform 28
Transform: AffineTransform_float_3_3
Parameters: 1 0.000173226 0.000621937 -0.000172774 1 -0.000363107 -0.000622062 0.000362892 0.999999 0.0517351 0.0118094 0.0741484
FixedParameters: 0 0 0

#Transform 29
Transform: AffineTransform_float_3_3
Parameters: 1 0.000173006 -1.08993e-05 -0.000172994 1 0.000582002 1.11007e-05 -0.000581998 1 0.0504765 0.00637234 0.0626089
FixedParameters: 0 0 0

#Transform 30
Transform: AffineTransform_float_3_3
Parameters: 1 0.000172822 0.000336092 -0.000173178 1 0.000530942 -0.000335908 -0.000531058 1 0.034304 -0.00159107 0.0279139
FixedParameters: 0 0 0

#Transform 31
Transform: AffineTransform_float_3_3
Parameters: 1 0.000418778 0.000418222 -0.000419222 1 0.000530825 -0.000417777 -0.000531175 1 0.0104741 -0.000680455 -0.0310503
FixedParameters: 0 0 0

#Transform 32
Transform: AffineTransform_float_3_3
Parameters: 1 0.000172653 0.000331181 -0.000173347 1 0.00104894 -0.000330818 -0.00104906 1 0.0272758 0.00502347 -0.00714192
FixedParameters: 0 0 0

#Transform 33
Transform: AffineTransform_float_3_3
Parameters: 1 0.000495962 -0.000144131 -0.000496038 1 -0.000264928 0.000143869 0.000265071 1 0.0275644 0.0287437 0.0695947
FixedParameters: 0 0 0

#Transform 34
Transform: AffineTransform_float_3_3
Parameters: 1 0.000172803 0.000439077 -0.000173197 1 0.000447924 -0.000438922 -0.000448076 1 0.0144219 0.0458744 0.0330701
FixedParameters: 0 0 0

#Transform 35
Transform: AffineTransform_float_3_3
Parameters: 1 0.000173032 -4.98874e-05 -0.000172967 1 0.000651008 5.01126e-05 -0.000650991 1 0.0329869 0.00129691 0.0146533
FixedParameters: 0 0 0

#Transform 36
Transform: AffineTransform_float_3_3
Parameters: 1 0.000230043 -4.98017e-05 -0.000229957 0.999999 0.000862011 5.01982e-05 -0.000861988 0.999999 0.0334537 -0.00170444 0.0272263
FixedParameters: 0 0 0

#Transform 37
Transform: AffineTransform_float_3_3
Parameters: 1 0.000656038 -4.95073e-05 -0.000655963 1 0.000751033 4.94926e-05 -0.000750968 0.999999 0.0374751 0.0249986 0.0409486
FixedParameters: 0 0 0

#Transform 38
Transform: AffineTransform_float_3_3
Parameters: 1 0.000322946 4.04321e-05 -0.000322053 0.999999 0.00133799 -3.95691e-05 -0.00133801 0.999999 0.0330763 0.0158533 0.0937451
FixedParameters: 0 0 0

#Transform 39
Transform: AffineTransform_float_3_3
Parameters: 1 0.000173043 -4.98493e-05 -0.000172956 0.999999 0.000871008 5.01506e-05 -0.000870991 0.999999 0.0195276 -0.00289316 0.0259115
FixedParameters: 0 0 0

#Transform 40
Transform: AffineTransform_float_3_3
Parameters: 0.999999 0.00116881 0.000542263 -0.00116819 0.999998 -0.00148663 -0.000543737 0.00148637 0.999998 -0.00909311 0.0146599 -0.212542
FixedParameters: 0 0 0

#Transform 41
Transform: AffineTransform_float_3_3
Parameters: 0.999999 0.000506476 0.000503522 -0.000505524 1 -0.000945256 -0.000503478 0.000944746 1 0.0158766 0.0133363 -0.0740571
FixedParameters: 0 0 0

#Transform 42
Transform: AffineTransform_float_3_3
Parameters: 1 8.49722e-05 -0.000556004 -8.50278e-05 1 -4.99527e-05 0.000555996 5.00472e-05 1 0.039879 -0.00188293 -0.0582294
FixedParameters: 0 0 0

#Transform 43
Transform: AffineTransform_float_3_3
Parameters: 1 5.04453e-05 -0.00103303 -5.05547e-05 1 -0.000536948 0.00103297 0.000537052 1 0.00822455 -0.0199739 -0.104342
FixedParameters: 0 0 0

#Transform 44
Transform: AffineTransform_float_3_3
Parameters: 0.999999 -0.000212507 -0.000679842 0.000211492 0.999999 -0.000746144 0.000680158 0.000745856 1 0.016878 -0.0549474 -0.11921
FixedParameters: 0 0 0

#Transform 45
Transform: AffineTransform_float_3_3
Parameters: 1 1.99018e-05 -0.000680033 -2.10982e-05 0.999998 -0.00161499 0.000679967 0.00161501 0.999999 0.0190676 -0.0263868 -0.121719
FixedParameters: 0 0 0

#Transform 46
Transform: AffineTransform_float_3_3
Parameters: 1 -0.000445066 -0.000339914 0.000444934 1 -0.000194151 0.000340086 0.000193849 1 0.00958918 -0.0271763 -0.112684
FixedParameters: 0 0 0

#Transform 47
Transform: AffineTransform_float_3_3
Parameters: 1 -0.000444921 -0.000403087 0.000445079 1 0.000195821 0.000402913 -0.000195179 1 0.0105279 -0.0329997 -0.116516
FixedParameters: 0 0 0

#Transform 48
Transform: AffineTransform_float_3_3
Parameters: 0.999999 -0.000328867 -0.000680064 0.000329133 1 0.000195776 0.000679935 -0.000195224 0.999999 0.0325673 -0.0324786 -0.117607
FixedParameters: 0 0 0

#Transform 49
Transform: AffineTransform_float_3_3
Parameters: 1 -0.000444928 -0.000366087 0.000445072 1 0.000195837 0.000365913 -0.000195163 1 0.0267027 -0.0329974 -0.146743
FixedParameters: 0 0 0

#Transform 50
Transform: AffineTransform_float_3_3
Parameters: 1 -0.000444913 -0.000225171 0.000445086 1 0.0003849 0.000224829 -0.0003851 1 0.024583 -0.0358788 -0.12382
FixedParameters: 0 0 0

#Transform 51
Transform: AffineTransform_float_3_3
Parameters: 1 -7.40936e-05 -0.000224969 7.39064e-05 1 -0.000416017 0.000225031 0.000415983 1 0.0280263 -0.0223176 -0.204999
FixedParameters: 0 0 0

#Transform 52
Transform: AffineTransform_float_3_3
Parameters: 1 6.79064e-05 -0.000225028 -6.80936e-05 1 -0.000415985 0.000224972 0.000416015 1 0.0217039 -0.000624181 -0.234061
FixedParameters: 0 0 0

#Transform 53
Transform: AffineTransform_float_3_3
Parameters: 0.999999 -9.17496e-06 -0.000735025 1.08257e-05 0.999997 0.00248399 0.000734975 -0.00248301 0.999996 0.0615383 0.0574855 0.155977
FixedParameters: 0 0 0

#Transform 54
Transform: AffineTransform_float_3_3
Parameters: 1 -1.58994e-05 -0.000421004 1.61006e-05 1 0.000238993 0.000420996 -0.000239007 1 0.0261879 -0.00244371 -0.104071
FixedParameters: 0 0 0

#Transform 55
Transform: AffineTransform_float_3_3
Parameters: 1 -0.000319107 -0.000420919 0.000318894 1 -0.000253134 0.000420081 0.000253866 1 0.0284267 -0.0166223 -0.0764228
FixedParameters: 0 0 0

#Transform 56
Transform: AffineTransform_float_3_3
Parameters: 1 -0.000181839 -0.000411071 0.000182161 1 0.000391925 0.000410929 -0.000392075 1 0.024785 -0.00895253 -0.0871895
FixedParameters: 0 0 0

#Transform 57
Transform: AffineTransform_float_3_3
Parameters: 1 5.53105e-05 -0.000455962 -5.46894e-05 1 0.000681025 0.000456037 -0.000680974 0.999999 0.041554 0.0187257 -0.0535464
FixedParameters: 0 0 0

#Transform 58
Transform: AffineTransform_float_3_3
Parameters: 1 -0.000244109 -0.000455941 0.00024389 1 -0.000240111 0.000456058 0.000239889 1 0.0173149 -0.0361359 -0.230129
FixedParameters: 0 0 0

#Transform 59
Transform: AffineTransform_float_3_3
Parameters: 1 -0.000387149 -0.000202715 0.000386851 0.999999 -0.000736078 0.000202285 0.000735921 0.999999 0.0197759 -0.00834389 -0.167891
FixedParameters: 0 0 0

#Transform 60
Transform: AffineTransform_float_3_3
Parameters: 1 -0.000537738 -0.000417338 0.000538261 0.999999 0.000627775 0.000416662 -0.000628224 0.999999 0.0230926 0.013059 -0.106883
FixedParameters: 0 0 0

#Transform 61
Transform: AffineTransform_float_3_3
Parameters: 1 -0.000482808 -0.000462201 0.000483192 1 0.000415777 0.000461799 -0.000415223 1 0.030261 0.00519411 -0.151786
FixedParameters: 0 0 0

#Transform 62
Transform: AffineTransform_float_3_3
Parameters: 1 -0.000482969 -0.000443033 0.00048303 1 6.8786e-05 0.000442966 -6.92139e-05 1 0.0299566 -0.013012 -0.148562
FixedParameters: 0 0 0

#Transform 63
Transform: AffineTransform_float_3_3
Parameters: 1 -0.000264793 -0.000329166 0.000265207 1 0.000627912 0.000329833 -0.000628087 0.999999 0.030297 -0.02904 -0.153294
FixedParameters: 0 0 0

#Transform 64
Transform: AffineTransform_float_3_3
Parameters: 1 -0.000483 6.96676e-07 0.000482999 0.999999 0.000628 -1.30332e-06 -0.000627999 1 0.0455512 -0.0213668 -0.0626746
FixedParameters: 0 0 0

#Transform 65
Transform: AffineTransform_float_3_3
Parameters: 1 -0.000482754 -0.000329361 0.000483246 0.999999 0.00074684 0.000329639 -0.000747159 0.999999 0.0505733 -0.0316039 -0.0651657
FixedParameters: 0 0 0

#Transform 66
Transform: AffineTransform_float_3_3
Parameters: 1 -0.000482793 -0.000329303 0.000483207 0.999999 0.000627841 0.000329696 -0.000628159 0.999999 0.0505954 -0.0380997 -0.104599
FixedParameters: 0 0 0

#Transform 67
Transform: AffineTransform_float_3_3
Parameters: 1 -0.000252793 -0.000329159 0.000252207 1 0.000627917 0.000329842 -0.000628083 0.999999 0.0420042 -0.0371226 -0.104618
FixedParameters: 0 0 0

#Transform 68
Transform: AffineTransform_float_3_3
Parameters: 1 3.82066e-05 -0.000328976 -3.77934e-05 1 0.000628012 0.000329024 -0.000627987 0.999999 0.0420857 -0.0128432 -0.0896217
FixedParameters: 0 0 0

#Transform 69
Transform: AffineTransform_float_3_3
Parameters: 1 -0.000294737 -0.000329235 0.000295263 0.999999 0.000797902 0.000329764 -0.000798097 0.999999 0.0522904 -0.0377603 -0.085711
FixedParameters: 0 0 0

#Transform 70
Transform: AffineTransform_float_3_3
Parameters: 1 -0.000207912 -0.000155117 0.000208087 1 0.000563968 0.000154883 -0.000564032 1 0.0504317 -0.0485603 -0.103276
FixedParameters: 0 0 0

#Transform 71
Transform: AffineTransform_float_3_3
Parameters: 1 -4.86811e-05 0.00114701 4.93188e-05 1 -0.000277944 -0.00114699 0.000278056 1 0.00128711 0.0182567 -0.142485
FixedParameters: 0 0 0

#Transform 72
Transform: AffineTransform_float_3_3
Parameters: 1 -0.000483615 0.00107472 0.000483386 0.999999 0.00057152 -0.00107528 -0.00057148 1 -0.00118711 0.0302924 -0.162082
FixedParameters: 0 0 0

#Transform 73
Transform: AffineTransform_float_3_3
Parameters: 1 0.000213888 0.000113212 -0.000214112 0.999999 0.000988975 -0.000112788 -0.000989023 0.999999 0.048999 -0.00637286 -0.133941
FixedParameters: 0 0 0

#Transform 74
Transform: AffineTransform_float_3_3
Parameters: 1 2.82748e-05 -0.000239968 -2.87252e-05 1 0.00114501 0.000240033 -0.00114499 1 0.0328833 -0.00608847 -0.120883
FixedParameters: 0 0 0

#Transform 75
Transform: AffineTransform_float_3_3
Parameters: 1 -0.000105833 -0.000240074 0.000106167 1 0.000695974 0.000239926 -0.000696025 0.999999 0.0360441 -0.0192806 -0.118045
FixedParameters: 0 0 0

#Transform 76
Transform: AffineTransform_float_3_3
Parameters: 1 -0.0004829 -0.000120401 0.000483099 0.999999 0.000830941 0.000119599 -0.000831057 0.999999 0.0460786 -0.022818 -0.133445
FixedParameters: 0 0 0

#Transform 77
Transform: AffineTransform_float_3_3
Parameters: 1 -0.000276863 -0.000240158 0.000277137 1 0.000570933 0.000239842 -0.000571066 1 0.0498001 -0.0333303 -0.131422
FixedParameters: 0 0 0

#Transform 78
Transform: AffineTransform_float_3_3
Parameters: 1 -0.000482903 -0.000113411 0.000483097 0.999999 0.000851945 0.000113588 -0.000852054 0.999999 0.0391972 -0.0232024 -0.133564
FixedParameters: 0 0 0

#Transform 79
Transform: AffineTransform_float_3_3
Parameters: 1 -0.000482743 -0.000312396 0.000483256 0.999999 0.000820848 0.000311603 -0.00082115 0.999999 0.0489892 -0.0227698 -0.150903
FixedParameters: 0 0 0

#Transform 80
Transform: AffineTransform_float_3_3
Parameters: 1 -0.000482728 -0.000303433 0.000483272 1 0.000896854 0.000302566 -0.000897146 0.999999 0.0488735 -0.0238161 -0.151557
FixedParameters: 0 0 0

#Transform 81
Transform: AffineTransform_float_3_3
Parameters: 1 -0.000482785 -0.000240433 0.000483215 1 0.000896884 0.000239566 -0.000897116 0.999999 0.0479154 -0.0238054 -0.1513
FixedParameters: 0 0 0

#Transform 82
Transform: AffineTransform_float_3_3
Parameters: 1 -0.000178203 -0.000239849 0.000177797 0.999999 -0.000847042 0.000240151 0.000846957 0.999999 0.032479 -0.033726 -0.234827
FixedParameters: 0 0 0

#Transform 83
Transform: AffineTransform_float_3_3
Parameters: 1 -0.00048241 -0.000385739 0.00048359 0.999998 0.00153081 0.00038526 -0.00153019 0.999999 0.0500846 -0.0190342 -0.0391156
FixedParameters: 0 0 0

#Transform 84
Transform: AffineTransform_float_3_3
Parameters: 1 -0.00110297 -0.000247158 0.00110304 1 0.000142728 0.000246843 -0.000142272 1 0.042171 -0.0379757 -0.100746
FixedParameters: 0 0 0

#Transform 85
Transform: AffineTransform_float_3_3
Parameters: 0.999999 -0.00068666 -0.00024894 0.00068734 0.999999 0.00136883 0.000248059 -0.00136917 0.999999 0.046193 -0.0364833 -0.0825295
FixedParameters: 0 0 0

#Transform 86
Transform: AffineTransform_float_3_3
Parameters: 1 -0.000347808 -0.00012155 0.000348192 0.999998 0.00158196 0.000121449 -0.00158204 0.999998 0.0473199 -0.0296326 -0.0701865
FixedParameters: 0 0 0

#Transform 87
Transform: AffineTransform_float_3_3
Parameters: 1 -0.000342055 3.44589e-05 0.000342946 0.999998 0.00158201 -3.45426e-05 -0.00158199 0.999998 0.0558863 0.00494153 0.00919399
FixedParameters: 0 0 0

#Transform 88
Transform: AffineTransform_float_3_3
Parameters: 0.999999 -0.000295058 0.000668534 0.000293941 0.999998 0.0015822 -0.000669466 -0.0015818 0.999999 0.0684406 0.0408508 0.116167
FixedParameters: 0 0 0

#Transform 89
Transform: AffineTransform_float_3_3
Parameters: 1 -0.000366142 0.000595299 0.000364858 0.999998 0.00191822 -0.000595701 -0.00191778 0.999998 0.0353492 -0.0264254 -0.135354
FixedParameters: 0 0 0

#Transform 90
Transform: AffineTransform_float_3_3
Parameters: 0.999999 0.000430245 -0.00181383 -0.000421755 0.999987 0.00509378 0.00181617 -0.00509323 0.999986 0.052517 -0.0720662 0.0113013
FixedParameters: 0 0 0

#Transform 91
Transform: AffineTransform_float_3_3
Parameters: 1 0.000452067 -0.000396787 -0.000450932 0.999997 0.00268618 0.000398213 -0.00268582 0.999997 0.0316096 -0.0604969 -0.120567
FixedParameters: 0 0 0

#Transform 92
Transform: AffineTransform_float_3_3
Parameters: 0.999999 -0.000615489 -0.000685359 0.000617509 0.999998 0.00220558 0.000683639 -0.00220642 0.999998 0.0341381 -0.0755498 -0.446109
FixedParameters: 0 0 0

#Transform 93
Transform: AffineTransform_float_3_3
Parameters: 0.999999 -0.000810392 0.00023666 0.000810607 0.999999 0.00165319 -0.00023834 -0.00165281 0.999998 0.0278184 -0.0650556 -0.472384
FixedParameters: 0 0 0

#Transform 94
Transform: AffineTransform_float_3_3
Parameters: 1 -0.000847817 0.000615878 0.000847184 0.999999 0.00132452 -0.000617123 -0.00132448 0.999999 -0.0098049 -0.124648 -0.487419
FixedParameters: 0 0 0

#Transform 95
Transform: AffineTransform_float_3_3
Parameters: 0.999999 -0.000518173 0.000568024 0.000515826 0.999992 0.00382029 -0.000569974 -0.0038197 0.999992 0.0668983 -0.151384 -0.348576
FixedParameters: 0 0 0

#Transform 96
Transform: AffineTransform_float_3_3
Parameters: 1 -0.000111044 0.00120037 0.000103958 0.999983 0.00586713 -0.00120063 -0.00586687 0.999982 0.0493131 -0.113291 -0.140618
FixedParameters: 0 0 0

#Transform 97
Transform: AffineTransform_float_3_3
Parameters: 0.999999 -0.000340494 0.00120114 0.000341505 1 -0.00042059 -0.00120086 0.000421409 0.999999 0.0419285 -0.049831 -0.181564
FixedParameters: 0 0 0

#Transform 98
Transform: AffineTransform_float_3_3
Parameters: 0.999999 -0.00111468 -0.000857956 0.00111932 0.99998 0.00622505 0.000851048 -0.00622596 0.999981 0.0463122 -0.0509663 -0.135732
FixedParameters: 0 0 0

#Transform 99
Transform: AffineTransform_float_3_3
Parameters: 1 -0.000256445 -0.000103388 0.000256559 0.999986 0.00540698 0.000102614 -0.00540703 0.999986 0.0248693 -0.00108418 -0.121193
FixedParameters: 0 0 0

#Transform 100
Transform: AffineTransform_float_3_3
Parameters: 1 -0.000387507 -0.000238444 0.000389491 0.99998 0.00629491 0.000235553 -0.00629509 0.99998 0.0582233 -0.0216875 0.0370679
FixedParameters: 0 0 0

#Transform 101
Transform: AffineTransform_float_3_3
Parameters: 1 -0.000389516 0.000122371 0.000389482 0.999991 0.00418605 -0.000124631 -0.00418595 0.999991 0.0298493 -0.00937799 -0.0969894
FixedParameters: 0 0 0

#Transform 102
Transform: AffineTransform_float_3_3
Parameters: 1 -0.000389655 0.000166475 0.000389347 0.999992 0.00391807 -0.000167527 -0.00391794 0.999993 0.0432958 0.018604 -0.101116
FixedParameters: 0 0 0

#Transform 103
Transform: AffineTransform_float_3_3
Parameters: 0.999999 -0.00039129 0.000644615 0.000389712 0.999993 0.00354925 -0.000645387 -0.00354875 0.999993 0.0385233 -0.0201729 -0.154856
FixedParameters: 0 0 0

#Transform 104
Transform: AffineTransform_float_3_3
Parameters: 1 -0.0003904 0.000437755 0.000389599 0.999995 0.00319317 -0.000439246 -0.00319283 0.999995 0.0416244 -0.0156508 -0.120362
FixedParameters: 0 0 0

#Transform 105
Transform: AffineTransform_float_3_3
Parameters: 1 -0.000389983 0.000251482 0.000389019 0.999993 0.0038981 -0.000252518 -0.0038979 0.999993 0.0445481 -0.0167946 -0.0280764
FixedParameters: 0 0 0

#Transform 106
Transform: AffineTransform_float_3_3
Parameters: 1 -0.000302835 -5.19696e-05 0.000303165 0.999995 0.00320098 5.10298e-05 -0.00320101 0.999995 0.049846 -0.00171973 -0.155041
FixedParameters: 0 0 0

#Transform 107
Transform: AffineTransform_float_3_3
Parameters: 1 -0.000390944 0.000305528 0.000389052 0.99998 0.00633912 -0.000308472 -0.00633888 0.99998 0.070819 0.0621926 0.154601
FixedParameters: 0 0 0

#Transform 108
Transform: AffineTransform_float_3_3
Parameters: 1 -0.000390013 0.000356896 0.000388987 0.999996 0.00283314 -0.000358103 -0.00283286 0.999996 0.0464067 -0.0129471 -0.0871172
FixedParameters: 0 0 0

#Transform 109
Transform: AffineTransform_float_3_3
Parameters: 0.999999 -0.000320565 0.000793772 0.000319435 0.999999 0.000711254 -0.000794228 -0.000711746 1 0.0425364 -0.0308678 -0.120553
FixedParameters: 0 0 0

#Transform 110
Transform: AffineTransform_float_3_3
Parameters: 0.999999 -0.000123936 0.000793854 0.000123064 1 0.0011791 -0.000794145 -0.0011789 0.999999 0.039533 -0.0371155 -0.0824661
FixedParameters: 0 0 0

#Transform 111
Transform: AffineTransform_float_3_3
Parameters: 0.999999 -0.000624597 0.000422118 0.000624403 0.999999 0.00141326 -0.000422882 -0.00141274 0.999999 0.033741 -0.0198044 -0.115845
FixedParameters: 0 0 0

#Transform 112
Transform: AffineTransform_float_3_3
Parameters: 0.999999 -0.000359432 0.000721794 0.000357567 0.999995 0.00336726 -0.000723208 -0.00336674 0.999994 0.0504028 0.0197429 -0.0424329
FixedParameters: 0 0 0

#Transform 113
Transform: AffineTransform_float_3_3
Parameters: 0.999999 -0.000334021 0.000649022 0.000335979 0.999996 -0.00305178 -0.000647978 0.00305122 0.999995 -0.0233287 0.00630853 -0.789105
FixedParameters: 0 0 0

#Transform 114
Transform: AffineTransform_float_3_3
Parameters: 1 -0.000423692 0.000951138 0.000423308 1 -0.000323598 -0.000950864 0.000324403 1 0.0659099 -0.0696443 -0.518969
FixedParameters: 0 0 0

#Transform 115
Transform: AffineTransform_float_3_3
Parameters: 1 -0.000129398 0.000527659 0.000127603 0.999996 0.00264907 -0.00052734 -0.00264893 0.999997 0.107801 -0.0254475 0.00909925
FixedParameters: 0 0 0

#Transform 116
Transform: AffineTransform_float_3_3
Parameters: 1 -0.000129896 0.000622607 0.000127102 0.999996 0.00304508 -0.00062339 -0.00304492 0.999995 0.11244 0.0104445 0.0460758
FixedParameters: 0 0 0

#Transform 117
Transform: AffineTransform_float_3_3
Parameters: 1 -0.000129066 0.000341599 0.000127933 0.999995 0.00311904 -0.000342401 -0.00311896 0.999995 0.109233 -0.00849615 -0.00156174
FixedParameters: 0 0 0

#Transform 118
Transform: AffineTransform_float_3_3
Parameters: 1 -0.000561941 0.000264007 0.00056106 0.999994 0.00354915 -0.000265993 -0.00354885 0.999993 0.0982483 0.00936221 0.000477666
FixedParameters: 0 0 0

#Transform 119
Transform: AffineTransform_float_3_3
Parameters: 0.999999 -0.000738971 0.000373121 0.000737029 0.999986 0.00525628 -0.000376879 -0.00525572 0.999986 0.122139 0.0416663 0.0950581
FixedParameters: 0 0 0

#Transform 120
Transform: AffineTransform_float_3_3
Parameters: 1 -1.47155e-05 0.00103294 1.02842e-05 0.999989 0.00456501 -0.00103306 -0.00456499 0.999989 0.118923 0.0329697 0.208711
FixedParameters: 0 0 0

#Transform 121
Transform: AffineTransform_float_3_3
Parameters: 1 -0.000154751 0.000610309 0.000152246 0.99999 0.00450509 -0.000611692 -0.0045049 0.999989 0.123942 0.0644581 0.188832
FixedParameters: 0 0 0

#Transform 122
Transform: AffineTransform_float_3_3
Parameters: 0.999999 -0.000111596 0.000782495 0.000108406 0.99999 0.00459409 -0.000782506 -0.00459392 0.999989 0.121868 0.0601714 0.178556
FixedParameters: 0 0 0

#Transform 123
Transform: AffineTransform_float_3_3
Parameters: 0.999999 -0.000506736 0.000710349 0.000502265 0.999986 0.00525036 -0.000712646 -0.00524964 0.999986 0.119222 0.0567143 0.183465
FixedParameters: 0 0 0

#Transform 124
Transform: AffineTransform_float_3_3
Parameters: 0.999999 -7.56879e-05 0.000826584 7.13153e-05 0.999984 0.00567006 -0.000826417 -0.00566994 0.999983 0.121668 0.0980768 0.370424
FixedParameters: 0 0 0

#Transform 125
Transform: AffineTransform_float_3_3
Parameters: 1 -0.000260293 0.000343023 0.000259707 0.999993 0.00376409 -0.00034398 -0.00376391 0.999993 0.127155 0.0820543 0.31297
FixedParameters: 0 0 0

#Transform 126
Transform: AffineTransform_float_3_3
Parameters: 1 -0.000430327 0.000342339 0.000428671 0.999993 0.00386615 -0.00034466 -0.00386586 0.999993 0.125501 0.0480401 0.240318
FixedParameters: 0 0 0

#Transform 127
Transform: AffineTransform_float_3_3
Parameters: 0.999999 -0.000241943 0.000746052 0.000239057 0.999992 0.00394318 -0.000746948 -0.00394282 0.999992 0.121162 0.0457407 0.259835
FixedParameters: 0 0 0

#Transform 128
Transform: AffineTransform_float_3_3
Parameters: 1 -0.000241251 0.000455815 0.000238748 0.999988 0.00493211 -0.000457183 -0.00493189 0.999987 0.125536 0.0395817 0.301032
FixedParameters: 0 0 0

#Transform 129
Transform: AffineTransform_float_3_3
Parameters: 0.999999 -0.00065453 0.00103854 0.000649467 0.999985 0.00531668 -0.00104247 -0.00531532 0.999986 0.103595 0.00623593 0.112941
FixedParameters: 0 0 0

#Transform 130
Transform: AffineTransform_float_3_3
Parameters: 0.999999 -0.000124849 0.00124633 0.000118153 0.999985 0.00549415 -0.00124667 -0.00549385 0.999984 0.104418 -0.0171036 0.202564
FixedParameters: 0 0 0

#Transform 131
Transform: AffineTransform_float_3_3
Parameters: 1 5.22075e-05 0.000687218 -5.57915e-05 0.999991 0.00406396 -0.000686779 -0.00406404 0.999992 0.125251 0.0215058 0.218612
FixedParameters: 0 0 0

#Transform 132
Transform: AffineTransform_float_3_3
Parameters: 0.999999 -0.000650705 0.000468642 0.000649297 0.999993 0.00362931 -0.000470359 -0.0036287 0.999994 0.122113 0.0251805 0.225854
FixedParameters: 0 0 0

#Transform 133
Transform: AffineTransform_float_3_3
Parameters: 1 -0.000649798 0.000165904 0.000649201 0.999989 0.00476711 -0.000169097 -0.00476689 0.999988 0.124616 -0.0155048 0.197142
FixedParameters: 0 0 0

#Transform 134
Transform: AffineTransform_float_3_3
Parameters: 0.999999 -0.000651106 0.000413703 0.000648892 0.999987 0.00507127 -0.000417296 -0.00507173 0.999987 0.134753 -0.0205426 0.201911
FixedParameters: 0 0 0

#Transform 135
Transform: AffineTransform_float_3_3
Parameters: 0.999999 -0.000935923 -2.08243e-05 0.000936078 0.999991 0.00408598 1.71753e-05 -0.00408602 0.999991 0.154035 0.00969991 0.133591
FixedParameters: 0 0 0

#Transform 136
Transform: AffineTransform_float_3_3
Parameters: 1 -7.81677e-05 0.000264658 7.68353e-05 0.999991 0.00440902 -0.000264341 -0.00440898 0.99999 0.134657 0.0106423 0.220031
FixedParameters: 0 0 0

#Transform 137
Transform: AffineTransform_float_3_3
Parameters: 1 -0.000104862 -0.000615368 0.000107138 0.999994 0.00347693 0.000614631 -0.00347606 0.999994 0.152984 0.0741139 0.398793
FixedParameters: 0 0 0

#Transform 138
Transform: AffineTransform_float_3_3
Parameters: 1 -7.7045e-05 -0.000277267 7.79541e-05 0.999994 0.00344598 0.000276733 -0.00344602 0.999994 0.136096 0.0460295 0.223239
FixedParameters: 0 0 0

#Transform 139
Transform: AffineTransform_float_3_3
Parameters: 1 -0.000648244 -0.000211332 0.000648754 0.999994 0.00359486 0.000208669 -0.00359514 0.999993 0.143022 0.0422122 0.23043
FixedParameters: 0 0 0

#Transform 140
Transform: AffineTransform_float_3_3
Parameters: 1 -0.000162939 0.000225324 0.000162058 0.999992 0.00416004 -0.000226676 -0.00415997 0.999992 0.140066 0.0644531 0.289424
FixedParameters: 0 0 0

#Transform 141
Transform: AffineTransform_float_3_3
Parameters: 1 -0.000300324 -0.00044314 0.000302679 0.999993 0.00378686 0.000442857 -0.00378713 0.999992 0.150957 0.0389694 0.255137
FixedParameters: 0 0 0

#Transform 142
Transform: AffineTransform_float_3_3
Parameters: 1 -7.73845e-06 0.000351966 6.26137e-06 0.999988 0.004939 -0.000352035 -0.004939 0.999987 0.146178 0.000891121 0.220144
FixedParameters: 0 0 0

#Transform 143
Transform: AffineTransform_float_3_3
Parameters: 1 -0.00030121 -0.000191251 0.00030179 0.999992 0.00414695 0.00018975 -0.00414706 0.999992 0.145996 0.0478742 0.231017
FixedParameters: 0 0 0

#Transform 144
Transform: AffineTransform_float_3_3
Parameters: 1 -0.000301265 -0.000191164 0.000302735 0.999993 0.00385894 0.000189833 -0.00385806 0.999992 0.150206 0.0392251 0.217661
FixedParameters: 0 0 0

#Transform 145
Transform: AffineTransform_float_3_3
Parameters: 1 -0.000300732 -0.000290319 0.000302267 0.999991 0.00437692 0.00028868 -0.00437709 0.999991 0.159033 0.0380316 0.192041
FixedParameters: 0 0 0

#Transform 146
Transform: AffineTransform_float_3_3
Parameters: 0.999999 -0.000777125 -0.000193546 0.000777872 0.99999 0.00456085 0.000189454 -0.00456115 0.99999 0.141564 0.0354263 0.19664
FixedParameters: 0 0 0

#Transform 147
Transform: AffineTransform_float_3_3
Parameters: 1 -0.000364229 -0.000191473 0.000364769 0.999992 0.00404093 0.000189527 -0.00404107 0.999992 0.164014 0.0380051 0.215872
FixedParameters: 0 0 0

#Transform 148
Transform: AffineTransform_float_3_3
Parameters: 1 -0.000556074 -0.000270909 0.000556926 0.999994 0.00343085 0.000269091 -0.00343015 0.999994 0.163545 0.000258215 0.213402
FixedParameters: 0 0 0

#Transform 149
Transform: AffineTransform_float_3_3
Parameters: 1 -0.000234505 0.000287781 0.000233494 0.999987 0.00521707 -0.000289222 -0.00521694 0.999987 0.158143 0.0327291 0.256821
FixedParameters: 0 0 0

#Transform 150
Transform: AffineTransform_float_3_3
Parameters: 1 -0.000239152 0.000479427 0.000237849 0.999997 0.00240211 -0.000479573 -0.00240189 0.999997 0.155135 0.0163996 0.252346
FixedParameters: 0 0 0

#Transform 151
Transform: AffineTransform_float_3_3
Parameters: 1 -0.000214661 0.000479705 0.00021434 0.999999 0.0013771 -0.000479295 -0.0013769 0.999999 0.152557 0.0382953 0.257341
FixedParameters: 0 0 0

#Transform 152
Transform: AffineTransform_float_3_3
Parameters: 1 -0.000640288 7.24964e-05 0.000640713 0.999992 0.00391105 -7.45064e-05 -0.00391096 0.999993 0.147529 0.0299611 0.263522
FixedParameters: 0 0 0

#Transform 153
Transform: AffineTransform_float_3_3
Parameters: 1 -0.000640288 7.24964e-05 0.000640713 0.999992 0.00391105 -7.45064e-05 -0.00391096 0.999993 0.15756 0.029903 0.247019
FixedParameters: 0 0 0

#Transform 154
Transform: AffineTransform_float_3_3
Parameters: 0.999999 -0.00063741 -0.000689402 0.000640591 0.999992 0.00376156 0.000687594 -0.00376244 0.999992 0.147328 0.0395994 0.230563
FixedParameters: 0 0 0

#Transform 155
Transform: AffineTransform_float_3_3
Parameters: 0.999999 -0.000636828 -0.000768639 0.000640173 0.999992 0.00413351 0.00076636 -0.00413349 0.999991 0.127528 0.0519785 0.241452
FixedParameters: 0 0 0

#Transform 156
Transform: AffineTransform_float_3_3
Parameters: 1 -0.000122263 -0.000181498 0.000123735 0.999991 0.00406498 0.000180498 -0.00406502 0.999991 0.15011 0.0545027 0.231413
FixedParameters: 0 0 0

#Transform 157
Transform: AffineTransform_float_3_3
Parameters: 1 -0.000638938 -0.000270521 0.000640063 0.999992 0.00394183 0.000268479 -0.00394217 0.999992 0.142485 0.0559107 0.222299
FixedParameters: 0 0 0

#Transform 158
Transform: AffineTransform_float_3_3
Parameters: 1 2.78524e-05 -0.000207887 -2.71472e-05 0.999991 0.004099 0.000208113 -0.00409899 0.999991 0.146324 0.0538675 0.247392
FixedParameters: 0 0 0

#Transform 159
Transform: AffineTransform_float_3_3
Parameters: 1 -5.50939e-05 -0.000228221 5.59052e-05 0.999992 0.00397199 0.00022778 -0.00397201 0.999992 0.14726 0.0603114 0.267294
FixedParameters: 0 0 0

#Transform 160
Transform: AffineTransform_float_3_3
Parameters: 1 8.31315e-05 -3.36773e-05 -8.38673e-05 0.999993 0.00388501 3.43261e-05 -0.003885 0.999993 0.144931 0.0621466 0.255667
FixedParameters: 0 0 0

#Transform 161
Transform: AffineTransform_float_3_3
Parameters: 1 -0.000340776 -0.000297409 0.000342223 0.999992 0.0041269 0.00029559 -0.0041271 0.999992 0.140655 0.0566693 0.240852
FixedParameters: 0 0 0

#Transform 162
Transform: AffineTransform_float_3_3
Parameters: 1 -0.000116056 -0.000228482 0.000116942 0.999992 0.00413398 0.000227519 -0.00413403 0.999992 0.150769 0.0575856 0.265819
FixedParameters: 0 0 0

#Transform 163
Transform: AffineTransform_float_3_3
Parameters: 0.999999 -0.000256806 -0.000698183 0.000260198 0.99999 0.00457882 0.000697816 -0.00457918 0.99999 0.15662 0.060449 0.267256
FixedParameters: 0 0 0

#Transform 164
Transform: AffineTransform_float_3_3
Parameters: 1 -0.000174931 -0.000272689 0.00017607 0.999993 0.00392595 0.000272311 -0.00392605 0.999993 0.150977 0.0606463 0.29362
FixedParameters: 0 0 0

#Transform 165
Transform: AffineTransform_float_3_3
Parameters: 1 7.05018e-05 -0.000110682 -7.04968e-05 0.99999 0.00452701 0.00011132 -0.00452699 0.999989 0.150768 0.0513356 0.288707
FixedParameters: 0 0 0

#Transform 166
Transform: AffineTransform_float_3_3
Parameters: 1 0.000136793 -0.000188427 -0.000136209 0.999991 0.00420103 0.000188574 -0.00420098 0.999991 0.152525 0.0511156 0.276425
FixedParameters: 0 0 0

#Transform 167
Transform: AffineTransform_float_3_3
Parameters: 1 0.000445434 -0.000232271 -0.000444568 0.999981 0.00613611 0.000234733 -0.0061369 0.999981 0.131516 0.0688171 0.408279
FixedParameters: 0 0 0

#Transform 168
Transform: AffineTransform_float_3_3
Parameters: 1 4.82129e-05 -3.47062e-05 -4.77915e-05 0.999982 0.00610701 3.42925e-05 -0.006107 0.999982 0.140222 0.0355965 0.425999
FixedParameters: 0 0 0

#Transform 169
Transform: AffineTransform_float_3_3
Parameters: 1 0.000452779 -0.00109842 -0.000444226 0.999968 0.00797849 0.00110158 -0.0079785 0.999967 0.188651 0.123922 0.712178
FixedParameters: 0 0 0

#Transform 170
Transform: AffineTransform_float_3_3
Parameters: 0.999999 0.000442248 0.000578343 -0.00044375 0.999996 0.00303175 -0.000576657 -0.00303226 0.999995 0.0852784 0.16259 0.279008
FixedParameters: 0 0 0

#Transform 171
Transform: AffineTransform_float_3_3
Parameters: 1 8.57419e-06 0.000577041 -1.04256e-05 0.999991 0.004204 -0.000576961 -0.00420401 0.999991 0.151405 0.0491493 0.332525
FixedParameters: 0 0 0

#Transform 172
Transform: AffineTransform_float_3_3
Parameters: 1 -0.000544854 0.000318853 0.000543145 0.999983 0.00578518 -0.000322147 -0.00578483 0.999983 0.139023 0.0524717 0.386272
FixedParameters: 0 0 0

#Transform 173
Transform: AffineTransform_float_3_3
Parameters: 1 4.95678e-05 0.000117184 -4.94315e-05 0.999993 0.003691 -0.000116818 -0.00369101 0.999993 0.156889 0.0726511 0.3723
FixedParameters: 0 0 0

#Transform 174
Transform: AffineTransform_float_3_3
Parameters: 1 -0.000381773 -5.65512e-05 0.000382224 0.999991 0.00406198 5.44478e-05 -0.00406202 0.999991 0.143321 0.0621957 0.372964
FixedParameters: 0 0 0

#Transform 175
Transform: AffineTransform_float_3_3
Parameters: 0.999999 -0.000540963 -0.000472343 0.000543035 0.99999 0.00432374 0.000469656 -0.00432325 0.99999 0.137981 0.0607385 0.340865
FixedParameters: 0 0 0

#Transform 176
Transform: AffineTransform_float_3_3
Parameters: 1 -4.22544e-05 0.000481808 3.97447e-05 0.999989 0.00467802 -0.000482191 -0.00467798 0.999989 0.138369 0.0483371 0.321136
FixedParameters: 0 0 0

#Transform 177
Transform: AffineTransform_float_3_3
Parameters: 1 0.000299838 -0.000212824 -0.000299161 0.999992 0.00392807 0.000214177 -0.00392794 0.999993 0.170704 0.0684445 0.325006
FixedParameters: 0 0 0

#Transform 178
Transform: AffineTransform_float_3_3
Parameters: 1 -5.51966e-05 -0.00112204 5.58033e-05 0.999999 0.000715938 0.00112196 -0.000716062 0.999999 0.168309 0.0786196 0.119178
FixedParameters: 0 0 0

#Transform 179
Transform: AffineTransform_float_3_3
Parameters: 1 -0.000283411 -0.000569793 0.000285589 0.999996 0.00278984 0.000569205 -0.00279016 0.999996 0.161751 0.0723154 0.403511
FixedParameters: 0 0 0
