# transform file /out/sourcedata/freesurfer/sub-v2s12x28904_ses-1/mri/transforms/cc_up.lta
# created by oesteban on Wed Mar 11 04:34:01 2026

type      = 0 # LINEAR_VOX_TO_VOX
nxforms   = 1
mean      = 130.0000 101.0000 148.0000
sigma     = 10000.0000
1 4 4
9.941879510879517e-01 1.061171740293503e-01 -1.815178431570530e-02 -6.727437973022461e+00 
-1.060994938015938e-01 9.943535923957825e-01 1.937153981998563e-03 5.689541244506836e+01 
1.825485751032829e-02 0.000000000000000e+00 9.998334050178528e-01 -1.633185577392578e+01 
0.000000000000000e+00 0.000000000000000e+00 0.000000000000000e+00 1.000000000000000e+00 
src volume info
valid = 1  # volume info valid
filename = /out/sourcedata/freesurfer/sub-v2s12x28904_ses-1/mri/norm.mgz
volume = 256 256 256
voxelsize = 1.000000000000000e+00 1.000000000000000e+00 1.000000000000000e+00
xras   = -1.000000000000000e+00 0.000000000000000e+00 0.000000000000000e+00
yras   = 0.000000000000000e+00 0.000000000000000e+00 -1.000000000000000e+00
zras   = 0.000000000000000e+00 1.000000000000000e+00 0.000000000000000e+00
cras   = 4.484100341796875e+00 4.016006469726562e+00 -3.015991210937500e+00
dst volume info
valid = 1  # volume info valid
filename = /out/sourcedata/freesurfer/sub-v2s12x28904_ses-1/mri/norm.mgz
volume = 256 256 256
voxelsize = 1.000000000000000e+00 1.000000000000000e+00 1.000000000000000e+00
xras   = -1.000000000000000e+00 0.000000000000000e+00 0.000000000000000e+00
yras   = 0.000000000000000e+00 0.000000000000000e+00 -1.000000000000000e+00
zras   = 0.000000000000000e+00 1.000000000000000e+00 0.000000000000000e+00
cras   = 4.484100341796875e+00 4.016006469726562e+00 -3.015991210937500e+00
