# transform file /out/sourcedata/freesurfer/sub-v2s12x28894_ses-1/mri/transforms/cc_up.lta
# created by oesteban on Wed Mar 11 03:56:09 2026

type      = 0 # LINEAR_VOX_TO_VOX
nxforms   = 1
mean      = 126.0000 89.0000 129.0000
sigma     = 10000.0000
1 4 4
9.995964169502258e-01 1.249492447823286e-02 2.550675347447395e-02 -2.099101543426514e+00 
-1.249085832387209e-02 9.999217987060547e-01 -3.187298716511577e-04 5.061952972412109e+01 
-2.550874464213848e-02 -5.820765397457350e-11 9.996744394302368e-01 7.254453659057617e+00 
0.000000000000000e+00 0.000000000000000e+00 0.000000000000000e+00 1.000000000000000e+00 
src volume info
valid = 1  # volume info valid
filename = /out/sourcedata/freesurfer/sub-v2s12x28894_ses-1/mri/norm.mgz
volume = 256 256 256
voxelsize = 1.000000000000000e+00 1.000000000000000e+00 1.000000000000000e+00
xras   = -1.000000000000000e+00 0.000000000000000e+00 0.000000000000000e+00
yras   = 0.000000000000000e+00 0.000000000000000e+00 -1.000000000000000e+00
zras   = 0.000000000000000e+00 1.000000000000000e+00 0.000000000000000e+00
cras   = 2.843498229980469e+00 -9.343994140625000e+00 7.061996459960938e+00
dst volume info
valid = 1  # volume info valid
filename = /out/sourcedata/freesurfer/sub-v2s12x28894_ses-1/mri/norm.mgz
volume = 256 256 256
voxelsize = 1.000000000000000e+00 1.000000000000000e+00 1.000000000000000e+00
xras   = -1.000000000000000e+00 0.000000000000000e+00 0.000000000000000e+00
yras   = 0.000000000000000e+00 0.000000000000000e+00 -1.000000000000000e+00
zras   = 0.000000000000000e+00 1.000000000000000e+00 0.000000000000000e+00
cras   = 2.843498229980469e+00 -9.343994140625000e+00 7.061996459960938e+00
