#Insight Transform File V1.0
#Transform 0
Transform: AffineTransform_float_3_3
Parameters: 1 7.09761e-08 6.4e-05 7.09761e-08 1 -0.001109 -6.4e-05 0.001109 1 -0.0493668 0.0269915 -0.0248477
FixedParameters: 0 0 0

#Transform 1
Transform: AffineTransform_float_3_3
Parameters: 1 3.23268e-07 0.000341 3.23268e-07 0.999999 -0.000948 -0.000341 0.000948 1 -0.056124 0.0583701 -0.0273812
FixedParameters: 0 0 0

#Transform 2
Transform: AffineTransform_float_3_3
Parameters: 1 3.4461e-08 6.3e-05 3.4461e-08 1 -0.000547 -6.3e-05 0.000547 1 -0.0453392 0.0702082 -0.0599123
FixedParameters: 0 0 0

#Transform 3
Transform: AffineTransform_float_3_3
Parameters: 1 0.000372723 0.000588176 -0.000372277 1 0.000471781 -0.000587824 -0.000471219 0.999999 -0.0435183 -0.0256119 0.0590071
FixedParameters: 0 0 0

#Transform 4
Transform: AffineTransform_float_3_3
Parameters: 1 -5.93125e-07 0.000625 4.06874e-07 0.999999 0.000949 -0.000625001 -0.000949 1 -0.0507379 -0.0131133 0.0558455
FixedParameters: 0 0 0

#Transform 5
Transform: AffineTransform_float_3_3
Parameters: 1 0.000480025 6.28065e-05 -0.000479974 1 -0.00040303 -6.31934e-05 0.00040297 1 -0.0462009 0.049656 -0.026062
FixedParameters: 0 0 0

#Transform 6
Transform: AffineTransform_float_3_3
Parameters: 1 0.000367006 6.29662e-05 -0.000366994 1 -9.20231e-05 -6.30338e-05 9.19769e-05 1 -0.0469876 0.0251394 -0.0320799
FixedParameters: 0 0 0

#Transform 7
Transform: AffineTransform_float_3_3
Parameters: 1 0.000664008 6.2909e-05 -0.000663991 1 -0.000137042 -6.30909e-05 0.000136958 1 -0.0450364 0.0180738 -0.00957884
FixedParameters: 0 0 0

#Transform 8
Transform: AffineTransform_float_3_3
Parameters: 1 0.000519004 0.000306992 -0.000518995 1 -1.51593e-05 -0.000307008 1.48407e-05 1 -0.0411048 0.044916 -0.00585823
FixedParameters: 0 0 0

#Transform 9
Transform: AffineTransform_float_3_3
Parameters: 0.999999 0.000530875 0.000623106 -0.000531124 1 0.000199669 -0.000622893 -0.000200331 1 -0.0443213 0.012533 0.00121303
FixedParameters: 0 0 0

#Transform 10
Transform: AffineTransform_float_3_3
Parameters: 0.999999 0.000712083 0.000622903 -0.000711915 0.999999 -0.000135443 -0.000622096 0.000134557 1 -0.0431129 0.0392013 -0.0198075
FixedParameters: 0 0 0

#Transform 11
Transform: AffineTransform_float_3_3
Parameters: 0.999999 0.000712 2.59865e-05 -0.000711999 0.999999 -1.90185e-05 -2.50135e-05 1.89822e-05 1 -0.0206082 -0.025195 -0.00803214
FixedParameters: 0 0 0

#Transform 12
Transform: AffineTransform_float_3_3
Parameters: 0.999999 0.000711996 -2.51061e-05 -0.000712003 0.999999 -0.000148982 2.48939e-05 0.000149018 1 -0.0333768 0.0100666 -0.0518452
FixedParameters: 0 0 0

#Transform 13
Transform: AffineTransform_float_3_3
Parameters: 0.999999 0.000711935 -0.000208222 -0.000712064 0.999999 -0.000311852 0.000207778 0.000311148 1 -0.0149137 0.0384034 -0.0522719
FixedParameters: 0 0 0

#Transform 14
Transform: AffineTransform_float_3_3
Parameters: 1 0.000202916 -0.000208082 -0.000203084 1 -0.000402958 0.000207918 0.000403042 1 -0.0126949 0.0584785 -0.0583886
FixedParameters: 0 0 0

#Transform 15
Transform: AffineTransform_float_3_3
Parameters: 1 -5.19694e-05 7.60209e-05 5.20306e-05 1 -0.000402996 -7.5979e-05 0.000403004 1 -0.0305112 0.0403556 0.0114966
FixedParameters: 0 0 0

#Transform 16
Transform: AffineTransform_float_3_3
Parameters: 1 0.000256946 -0.000134104 -0.000256054 1 -0.000402966 0.000134897 0.000403035 1 -0.0197169 -0.0320103 -0.0157147
FixedParameters: 0 0 0

#Transform 17
Transform: AffineTransform_float_3_3
Parameters: 1 0.000256983 -0.000134032 -0.000257017 1 -0.000123966 0.000134968 0.000124035 1 -0.0197095 -0.00750145 -0.0237553
FixedParameters: 0 0 0

#Transform 18
Transform: AffineTransform_float_3_3
Parameters: 1 0.000187956 -0.000134062 -0.000188045 1 -0.000330975 0.000134938 0.000331025 1 -0.00807485 -0.00224999 -0.0522357
FixedParameters: 0 0 0

#Transform 19
Transform: AffineTransform_float_3_3
Parameters: 1 -0.000340998 2.70215e-05 0.000341002 1 -6.29908e-05 -2.69785e-05 6.30092e-05 1 0.00985266 -0.00353628 0.00225912
FixedParameters: 0 0 0

#Transform 20
Transform: AffineTransform_float_3_3
Parameters: 1 0.000184019 -7.2952e-05 -0.000183981 1 0.000261013 7.3048e-05 -0.000260987 1 0.00998174 0.00111504 0.00230193
FixedParameters: 0 0 0

#Transform 21
Transform: AffineTransform_float_3_3
Parameters: 1 -5.09878e-05 -0.000134005 5.10122e-05 1 9.09932e-05 0.000133995 -9.10068e-05 1 0.0100058 -0.0129402 -0.0313359
FixedParameters: 0 0 0

#Transform 22
Transform: AffineTransform_float_3_3
Parameters: 1 -0.000207925 -0.000134116 0.000208075 1 0.000557972 0.000134884 -0.000558028 1 0.000237197 0.00804635 -0.0940162
FixedParameters: 0 0 0

#Transform 23
Transform: AffineTransform_float_3_3
Parameters: 1 2.64205e-05 -0.000324966 -2.55794e-05 0.999999 0.00129401 0.000325033 -0.00129399 0.999999 0.0150485 -0.0179817 -0.072048
FixedParameters: 0 0 0

#Transform 24
Transform: AffineTransform_float_3_3
Parameters: 1 3.10094e-05 -0.000133998 -3.09906e-05 1 7.00042e-05 0.000134002 -6.99958e-05 1 -0.0113561 0.0193357 -0.0182098
FixedParameters: 0 0 0

#Transform 25
Transform: AffineTransform_float_3_3
Parameters: 1 4.40052e-05 -0.000133998 -4.39948e-05 1 3.90059e-05 0.000134002 -3.89941e-05 1 0.00448484 0.0200021 0.0241317
FixedParameters: 0 0 0

#Transform 26
Transform: AffineTransform_float_3_3
Parameters: 1 -0.000207989 -4.10574e-05 0.000208011 1 0.000275991 4.09426e-05 -0.000276008 1 0.000649568 0.0393327 -0.0207057
FixedParameters: 0 0 0

#Transform 27
Transform: AffineTransform_float_3_3
Parameters: 1 8.6021e-05 -0.000133986 -8.5979e-05 1 0.000157012 0.000134013 -0.000156988 1 0.0148769 0.0414994 -0.0380815
FixedParameters: 0 0 0

#Transform 28
Transform: AffineTransform_float_3_3
Parameters: 1 -0.000207849 -0.000547057 0.000208151 1 0.000275886 0.000546942 -0.000276114 1 0.0098468 0.0329592 -0.0257933
FixedParameters: 0 0 0

#Transform 29
Transform: AffineTransform_float_3_3
Parameters: 1 -0.000125018 -0.000133983 0.000124982 1 -0.000133017 0.000134017 0.000132983 1 -0.0355647 0.0207497 0.00223987
FixedParameters: 0 0 0

#Transform 30
Transform: AffineTransform_float_3_3
Parameters: 1 -0.00020802 -6.39361e-05 0.00020798 1 -0.000307013 6.40638e-05 0.000306987 1 0.000904467 0.00152084 -0.0232773
FixedParameters: 0 0 0

#Transform 31
Transform: AffineTransform_float_3_3
Parameters: 1 -0.000208011 -1.78777e-05 0.000207989 1 -0.000588004 1.81223e-05 0.000587996 1 0.00364665 0.00841721 -0.0496999
FixedParameters: 0 0 0

#Transform 32
Transform: AffineTransform_float_3_3
Parameters: 1 -0.000456 3.44736e-07 0.000456 0.999999 -0.000755999 3.44736e-07 0.000755999 0.999999 0.00999157 0.0388514 -0.0373589
FixedParameters: 0 0 0

#Transform 33
Transform: AffineTransform_float_3_3
Parameters: 1 -0.000208 2.4544e-08 0.000208 1 -0.000118 2.4544e-08 0.000118 1 -0.000661602 0.0226645 -0.00238255
FixedParameters: 0 0 0

#Transform 34
Transform: AffineTransform_float_3_3
Parameters: 1 -0.000208 9.5264e-08 0.000208 1 -0.000458 9.5264e-08 0.000458 1 0.0116781 0.00973722 -0.00551778
FixedParameters: 0 0 0

#Transform 35
Transform: AffineTransform_float_3_3
Parameters: 1 -0.000208 9.7968e-08 0.000208 1 -0.000471 9.7968e-08 0.000471 1 0.018108 0.0100629 0.00739481
FixedParameters: 0 0 0

#Transform 36
Transform: AffineTransform_float_3_3
Parameters: 1 -0.000208 7.3008e-08 0.000208 1 -0.000351 7.3008e-08 0.000351 1 0.0181102 -0.0242382 0.0245497
FixedParameters: 0 0 0

#Transform 37
Transform: AffineTransform_float_3_3
Parameters: 1 -0.000208 2.4544e-08 0.000208 1 -0.000118 2.4544e-08 0.000118 1 0.0294355 0.0172557 0.00637881
FixedParameters: 0 0 0

#Transform 38
Transform: AffineTransform_float_3_3
Parameters: 1 -0.000208046 -0.000136931 0.000207954 1 -0.000334028 0.000137069 0.000333971 1 0.0155376 0.0225621 0.00974714
FixedParameters: 0 0 0

#Transform 39
Transform: AffineTransform_float_3_3
Parameters: 1 -0.000207991 7.90245e-05 0.000208009 1 -0.000117984 -7.89755e-05 0.000118016 1 0.0161518 0.0534668 -0.000572569
FixedParameters: 0 0 0

#Transform 40
Transform: AffineTransform_float_3_3
Parameters: 1 -0.000765109 0.000663875 0.000764891 0.999999 0.000164508 -0.000663125 -0.000163493 1 0.0541311 0.0451776 0.0195375
FixedParameters: 0 0 0

#Transform 41
Transform: AffineTransform_float_3_3
Parameters: 0.999999 -0.000433186 0.000638873 0.000432813 1 0.000292276 -0.000639126 -0.000291723 1 0.0255451 0.0178556 0.0187432
FixedParameters: 0 0 0

#Transform 42
Transform: AffineTransform_float_3_3
Parameters: 0.999999 -0.000720016 0.00059798 0.000719983 0.999999 2.74305e-05 -0.00059702 -2.75701e-05 1 0.037586 0.00426052 0.00198766
FixedParameters: 0 0 0

#Transform 43
Transform: AffineTransform_float_3_3
Parameters: 1 -0.000952018 0.000671974 0.000951982 0.999999 2.76397e-05 -0.000672026 -2.73602e-05 1 0.0247281 0.0118131 0.00667639
FixedParameters: 0 0 0

#Transform 44
Transform: AffineTransform_float_3_3
Parameters: 0.999999 -0.000741769 0.000580294 0.00074223 0.999999 -0.000396569 -0.000580705 0.000397431 1 0.0286604 0.00254224 0.0233246
FixedParameters: 0 0 0

#Transform 45
Transform: AffineTransform_float_3_3
Parameters: 1 -0.000742098 0.000706898 0.000741902 0.999999 0.000138524 -0.000707102 -0.000137475 0.999999 0.024301 0.0115786 0.0081811
FixedParameters: 0 0 0

#Transform 46
Transform: AffineTransform_float_3_3
Parameters: 1 -0.000397744 0.000249409 0.000398257 1 -0.0010289 -0.00024959 0.0010291 1 0.0318085 0.000672795 -0.0111451
FixedParameters: 0 0 0

#Transform 47
Transform: AffineTransform_float_3_3
Parameters: 0.999999 -0.000583907 0.000571095 0.000584093 1 -0.000163666 -0.000570904 0.000163333 1 0.0338307 -0.00314156 -0.0154119
FixedParameters: 0 0 0

#Transform 48
Transform: AffineTransform_float_3_3
Parameters: 1 -0.000583603 0.000814285 0.000583397 0.999999 -0.000487525 -0.000813715 0.000488475 0.999999 0.032403 0.00470764 -0.0432794
FixedParameters: 0 0 0

#Transform 49
Transform: AffineTransform_float_3_3
Parameters: 1 -0.000583605 0.000753306 0.000583395 0.999999 -0.00052456 -0.000752694 0.000524439 0.999999 0.0265775 0.00557232 -0.0106774
FixedParameters: 0 0 0

#Transform 50
Transform: AffineTransform_float_3_3
Parameters: 0.999999 -0.000583541 0.000777344 0.000583458 0.999999 -0.000589546 -0.000777655 0.000590454 0.999999 0.0363141 0.0302894 -0.0220468
FixedParameters: 0 0 0

#Transform 51
Transform: AffineTransform_float_3_3
Parameters: 0.999999 -0.000719405 0.00100742 0.000719594 0.999999 -0.000589275 -0.00100758 0.000590725 1 0.0366838 0.0375935 -0.0134637
FixedParameters: 0 0 0

#Transform 52
Transform: AffineTransform_float_3_3
Parameters: 1 -0.000583249 0.00100744 0.000583751 0.999999 -0.000745412 -0.00100757 0.000745588 0.999999 0.0288713 0.0410637 -0.0360708
FixedParameters: 0 0 0

#Transform 53
Transform: AffineTransform_float_3_3
Parameters: 1 -0.000582886 0.00100765 0.000584116 0.999999 -0.00110641 -0.00100735 0.00110659 0.999999 0.0375455 0.049776 -0.0337876
FixedParameters: 0 0 0

#Transform 54
Transform: AffineTransform_float_3_3
Parameters: 0.999999 -0.000875566 0.00100825 0.000877433 0.999998 -0.00142212 -0.00100675 0.00142288 0.999999 0.0408043 0.0805503 -0.0315998
FixedParameters: 0 0 0

#Transform 55
Transform: AffineTransform_float_3_3
Parameters: 1 -0.000673335 0.00078757 0.000673666 1 -0.000845471 -0.000786431 0.000845531 1 0.0423826 0.0215272 -0.00293499
FixedParameters: 0 0 0

#Transform 56
Transform: AffineTransform_float_3_3
Parameters: 0.999999 -0.000853065 0.000933856 0.000853936 0.999999 -0.0010022 -0.000933145 0.0010028 0.999999 0.0376204 0.0513548 -0.00242369
FixedParameters: 0 0 0

#Transform 57
Transform: AffineTransform_float_3_3
Parameters: 0.999999 -0.00112219 0.000942965 0.00112381 0.999999 -0.000858941 -0.000942035 0.000860058 0.999999 0.051963 0.070117 -0.00338276
FixedParameters: 0 0 0

#Transform 58
Transform: AffineTransform_float_3_3
Parameters: 0.999999 -0.00140284 0.00100862 0.00140416 0.999999 -0.00115159 -0.00100738 0.00115242 0.999999 0.0444241 0.0333465 -0.0269668
FixedParameters: 0 0 0

#Transform 59
Transform: AffineTransform_float_3_3
Parameters: 0.999998 -0.00143217 0.000717654 0.00143383 0.999999 -0.00115397 -0.000716345 0.00115503 0.999999 0.0552159 0.044844 -0.00728833
FixedParameters: 0 0 0

#Transform 60
Transform: AffineTransform_float_3_3
Parameters: 0.999999 -0.00112123 0.00100897 0.00112377 0.999998 -0.00175587 -0.00100703 0.00175613 0.999998 0.0339188 0.0691757 -0.0581189
FixedParameters: 0 0 0

#Transform 61
Transform: AffineTransform_float_3_3
Parameters: 0.999999 -0.00146021 0.00100815 0.00146079 0.999998 -0.000787528 -0.00100685 0.000789471 0.999999 0.0530207 0.0272578 0.0166918
FixedParameters: 0 0 0

#Transform 62
Transform: AffineTransform_float_3_3
Parameters: 0.999999 -0.00112156 0.0010086 0.00112344 0.999999 -0.00142687 -0.0010074 0.00142813 0.999999 0.000922338 0.0342348 0.0445343
FixedParameters: 0 0 0

#Transform 63
Transform: AffineTransform_float_3_3
Parameters: 0.999999 -0.000878059 0.00125766 0.000878943 1 -0.000748896 -0.00125734 0.000749105 0.999999 0.0401284 -0.0355422 0.0265855
FixedParameters: 0 0 0

#Transform 64
Transform: AffineTransform_float_3_3
Parameters: 0.999998 -0.00106456 0.00120439 0.00106444 1 -0.000362719 -0.00120461 0.000363283 0.999999 0.0400774 0.0046858 -0.00284402
FixedParameters: 0 0 0

#Transform 65
Transform: AffineTransform_float_3_3
Parameters: 0.999998 -0.00131658 0.00149537 0.00131642 0.999999 -0.000283032 -0.00149563 0.00028497 0.999999 0.0480406 0.0255549 -0.0498968
FixedParameters: 0 0 0

#Transform 66
Transform: AffineTransform_float_3_3
Parameters: 0.999999 -0.00106464 0.00114134 0.00106436 1 -0.000317786 -0.00114066 0.000318215 1 0.0583324 -0.00439962 -0.0319395
FixedParameters: 0 0 0

#Transform 67
Transform: AffineTransform_float_3_3
Parameters: 0.999999 -0.00106475 0.00149518 0.00106525 1 -0.000164408 -0.00149482 0.000166592 0.999999 0.0497414 0.0296714 -0.0119098
FixedParameters: 0 0 0

#Transform 68
Transform: AffineTransform_float_3_3
Parameters: 0.999999 -0.00116717 0.00132485 0.00116683 1 0.000127546 -0.00132515 -0.000126454 0.999999 0.0533025 0.0296766 0.0134307
FixedParameters: 0 0 0

#Transform 69
Transform: AffineTransform_float_3_3
Parameters: 0.999999 -0.00106467 0.00090939 0.00106533 1 -0.000366032 -0.000908609 0.000366968 0.999999 0.0640302 0.00555298 0.0036833
FixedParameters: 0 0 0

#Transform 70
Transform: AffineTransform_float_3_3
Parameters: 0.999999 -0.00106502 0.00108598 0.00106498 1 1.81566e-05 -0.00108602 -1.68434e-05 1 0.0596688 0.0202685 -0.00623314
FixedParameters: 0 0 0

#Transform 71
Transform: AffineTransform_float_3_3
Parameters: 0.999999 -0.00121239 0.00134565 0.00121161 0.999999 0.000288631 -0.00134535 -0.000287369 0.999999 0.0726998 0.0426825 -0.0267494
FixedParameters: 0 0 0

#Transform 72
Transform: AffineTransform_float_3_3
Parameters: 0.999999 -0.00106529 0.0010307 0.00106471 1 0.000281098 -0.0010313 -0.000279902 1 0.0811889 0.0153446 -0.0523418
FixedParameters: 0 0 0

#Transform 73
Transform: AffineTransform_float_3_3
Parameters: 0.999999 -0.00150321 0.00108571 0.00150279 0.999999 0.000194632 -0.00108629 -0.000193367 1 0.0770255 0.0516486 -0.0327129
FixedParameters: 0 0 0

#Transform 74
Transform: AffineTransform_float_3_3
Parameters: 0.999999 -0.00110693 0.000992077 0.00110707 1 -6.99018e-05 -0.000991921 7.10981e-05 0.999999 0.060433 0.0379941 -0.0204876
FixedParameters: 0 0 0

#Transform 75
Transform: AffineTransform_float_3_3
Parameters: 0.999999 -0.00104789 0.0010861 0.00104811 1 -9.88618e-05 -0.0010859 0.000100138 1 0.0604911 0.0494583 -0.00889403
FixedParameters: 0 0 0

#Transform 76
Transform: AffineTransform_float_3_3
Parameters: 0.999999 -0.00104706 0.000751315 0.00104894 0.999998 -0.00125521 -0.000749684 0.00125579 0.999999 0.0742503 0.0407902 -0.0349513
FixedParameters: 0 0 0

#Transform 77
Transform: AffineTransform_float_3_3
Parameters: 0.999997 -0.00187435 0.00108712 0.00187465 0.999998 -0.000593964 -0.00108588 0.000596037 0.999999 0.0744808 0.0317655 -0.0400873
FixedParameters: 0 0 0

#Transform 78
Transform: AffineTransform_float_3_3
Parameters: 0.999997 -0.00206718 0.0012297 0.00206682 0.999998 0.000144542 -0.0012303 -0.000142457 0.999999 0.0798846 0.0161076 0.00079145
FixedParameters: 0 0 0

#Transform 79
Transform: AffineTransform_float_3_3
Parameters: 0.999998 -0.00123033 0.0011817 0.00123067 0.999999 -0.000568547 -0.0011813 0.000570454 0.999999 0.0388476 0.0140822 0.00561492
FixedParameters: 0 0 0

#Transform 80
Transform: AffineTransform_float_3_3
Parameters: 0.999999 -0.00128076 0.00129824 0.00128124 0.999999 -0.000184337 -0.00129776 0.000185662 0.999999 0.0424025 0.00488951 -0.0311769
FixedParameters: 0 0 0

#Transform 81
Transform: AffineTransform_float_3_3
Parameters: 0.999999 -0.00128091 0.00129809 0.00128109 0.999999 -6.73372e-05 -0.00129791 6.96626e-05 0.999999 0.0640824 0.0196319 -0.0868414
FixedParameters: 0 0 0

#Transform 82
Transform: AffineTransform_float_3_3
Parameters: 0.999999 -0.00128092 0.00129808 0.00128108 0.999999 -6.13372e-05 -0.00129792 6.26627e-05 0.999999 0.0668956 0.0194505 -0.0598803
FixedParameters: 0 0 0

#Transform 83
Transform: AffineTransform_float_3_3
Parameters: 1 -0.000341557 0.000527286 0.000342442 0.999999 -0.000838819 -0.000526712 0.000839179 0.999999 0.0354007 0.0359887 -0.0844791
FixedParameters: 0 0 0

#Transform 84
Transform: AffineTransform_float_3_3
Parameters: 0.999999 -0.000929358 0.00103458 0.000929641 0.999999 -0.000620039 -0.00103342 0.000620961 1 0.035719 0.0702206 -0.0518229
FixedParameters: 0 0 0

#Transform 85
Transform: AffineTransform_float_3_3
Parameters: 0.999999 -0.0010621 0.000761252 0.0010629 0.999998 -0.00117819 -0.000760748 0.00117881 0.999999 0.0513288 0.0737023 -0.0484537
FixedParameters: 0 0 0

#Transform 86
Transform: AffineTransform_float_3_3
Parameters: 0.999999 -0.00109811 0.000818194 0.00109889 0.999999 -0.0010861 -0.000816807 0.0010869 0.999999 0.0469743 0.0603801 -0.0634104
FixedParameters: 0 0 0

#Transform 87
Transform: AffineTransform_float_3_3
Parameters: 0.999999 -0.000819661 0.00111499 0.000820339 0.999999 -0.00120109 -0.00111401 0.00120191 0.999998 0.057131 0.0598575 -0.0586523
FixedParameters: 0 0 0

#Transform 88
Transform: AffineTransform_float_3_3
Parameters: 0.999999 -0.000819584 0.00102314 0.000820416 0.999998 -0.00138416 -0.00102186 0.00138484 0.999998 0.0546996 0.0453333 -0.0570089
FixedParameters: 0 0 0

#Transform 89
Transform: AffineTransform_float_3_3
Parameters: 0.999998 -0.0010984 0.00120945 0.0011006 0.999998 -0.00132067 -0.00120855 0.00132233 0.999999 0.0535571 0.0837737 -0.0708521
FixedParameters: 0 0 0

#Transform 90
Transform: AffineTransform_float_3_3
Parameters: 0.999999 -0.00106431 0.000930933 0.00106669 0.999998 -0.00181401 -0.000929066 0.00181499 0.999998 0.0960997 0.0316227 -0.0821891
FixedParameters: 0 0 0

#Transform 91
Transform: AffineTransform_float_3_3
Parameters: 0.999998 -0.00145076 0.000981836 0.00145124 0.999998 -0.00126458 -0.000980165 0.00126542 0.999998 0.0719128 0.0562537 -0.105491
FixedParameters: 0 0 0

#Transform 92
Transform: AffineTransform_float_3_3
Parameters: 0.999999 -0.00145119 0.000613918 0.00145181 0.999998 -0.00132111 -0.000612082 0.00132189 0.999999 0.0625449 0.0577367 -0.120042
FixedParameters: 0 0 0

#Transform 93
Transform: AffineTransform_float_3_3
Parameters: 0.999998 -0.00145105 0.000752828 0.00145195 0.999998 -0.00125891 -0.000751171 0.00126009 0.999999 0.0680343 0.0415722 -0.122927
FixedParameters: 0 0 0

#Transform 94
Transform: AffineTransform_float_3_3
Parameters: 0.999998 -0.00145121 0.000752535 0.0014518 0.999999 -0.00105691 -0.000751465 0.00105809 0.999999 0.0617824 0.039235 -0.119358
FixedParameters: 0 0 0

#Transform 95
Transform: AffineTransform_float_3_3
Parameters: 0.999999 -0.00123394 0.000752742 0.00123506 0.999998 -0.00141107 -0.000751257 0.00141193 0.999998 0.0548355 0.0592645 -0.105677
FixedParameters: 0 0 0

#Transform 96
Transform: AffineTransform_float_3_3
Parameters: 0.999998 -0.00130179 0.00091772 0.00130221 0.999999 -0.00132081 -0.000916279 0.00132219 0.999998 0.0504702 0.0572291 -0.0990603
FixedParameters: 0 0 0

#Transform 97
Transform: AffineTransform_float_3_3
Parameters: 0.999998 -0.00111101 0.00150847 0.00111299 0.999998 -0.00132032 -0.00150753 0.00132168 0.999998 0.045459 0.0282733 -0.131754
FixedParameters: 0 0 0

#Transform 98
Transform: AffineTransform_float_3_3
Parameters: 0.999999 -0.00112932 0.00137238 0.00113068 0.999998 -0.00122345 -0.00137162 0.00122455 0.999999 0.0405976 0.0488353 -0.112746
FixedParameters: 0 0 0

#Transform 99
Transform: AffineTransform_float_3_3
Parameters: 0.999998 -0.00107219 0.00117265 0.00107481 0.999998 -0.00154174 -0.00117034 0.00154226 0.999998 0.0519189 0.0277727 -0.0890221
FixedParameters: 0 0 0

#Transform 100
Transform: AffineTransform_float_3_3
Parameters: 0.999998 -0.00116189 0.00127501 0.00116311 0.999999 -0.000868518 -0.00127399 0.000870481 0.999999 0.0520104 0.0318245 -0.109191
FixedParameters: 0 0 0

#Transform 101
Transform: AffineTransform_float_3_3
Parameters: 0.999998 -0.00116164 0.00117035 0.00116336 0.999998 -0.00116464 -0.00116864 0.00116636 0.999998 0.0564655 0.0291861 -0.0915598
FixedParameters: 0 0 0

#Transform 102
Transform: AffineTransform_float_3_3
Parameters: 0.999998 -0.00116158 0.00121635 0.00116342 0.999998 -0.00116459 -0.00121464 0.00116641 0.999998 0.0533146 0.0188792 -0.13509
FixedParameters: 0 0 0

#Transform 103
Transform: AffineTransform_float_3_3
Parameters: 0.999999 -0.000337865 0.000751962 0.000340135 0.999996 -0.00284074 -0.000751036 0.00284125 0.999995 -0.0165705 0.0852284 -0.125085
FixedParameters: 0 0 0

#Transform 104
Transform: AffineTransform_float_3_3
Parameters: 0.999999 -0.000225673 0.000922572 0.000227325 0.999997 -0.00252279 -0.000921429 0.00252321 0.999997 0.0175414 0.0476622 -0.133463
FixedParameters: 0 0 0

#Transform 105
Transform: AffineTransform_float_3_3
Parameters: 1 -0.00037973 0.00104883 0.000382271 0.999997 -0.0021656 -0.00104818 0.0021654 0.999997 0.0303209 0.0877178 -0.128072
FixedParameters: 0 0 0

#Transform 106
Transform: AffineTransform_float_3_3
Parameters: 1 -0.000800907 0.000791125 0.000803094 0.999996 -0.00264937 -0.000788876 0.00264963 0.999996 0.0358169 0.0880616 -0.138357
FixedParameters: 0 0 0

#Transform 107
Transform: AffineTransform_float_3_3
Parameters: 0.999999 -0.000800605 0.000960002 0.000802394 0.999996 -0.00249623 -0.000958 0.00249777 0.999997 0.0502251 0.0764459 -0.151602
FixedParameters: 0 0 0

#Transform 108
Transform: AffineTransform_float_3_3
Parameters: 1 -0.000718269 0.000790577 0.000719732 0.999998 -0.00219143 -0.000789425 0.00219257 0.999998 0.0549249 0.0735603 -0.153248
FixedParameters: 0 0 0

#Transform 109
Transform: AffineTransform_float_3_3
Parameters: 1 -0.000651388 0.00073643 0.000652614 0.999998 -0.00219152 -0.000735572 0.00219248 0.999998 0.0566048 0.0653027 -0.185122
FixedParameters: 0 0 0

#Transform 110
Transform: AffineTransform_float_3_3
Parameters: 1 -0.000649269 0.000790426 0.000650733 0.999998 -0.00219149 -0.000789576 0.00219252 0.999998 0.0553404 0.0721831 -0.176243
FixedParameters: 0 0 0

#Transform 111
Transform: AffineTransform_float_3_3
Parameters: 1 -0.000745269 0.000790636 0.000746732 0.999998 -0.00219141 -0.000789365 0.00219259 0.999998 0.0525633 0.0664861 -0.185243
FixedParameters: 0 0 0

#Transform 112
Transform: AffineTransform_float_3_3
Parameters: 1 -9.79916e-05 0.00043123 9.90078e-05 0.999998 -0.00233896 -0.00043077 0.00233904 0.999997 0.0358163 0.0577313 -0.204258
FixedParameters: 0 0 0

#Transform 113
Transform: AffineTransform_float_3_3
Parameters: 1 -0.0002888 0.000547634 0.000290198 0.999997 -0.00219184 -0.000546365 0.00219216 0.999998 0.0454971 0.0779768 -0.195667
FixedParameters: 0 0 0

#Transform 114
Transform: AffineTransform_float_3_3
Parameters: 1 -0.000445089 0.000429944 0.00044591 0.999997 -0.00211981 -0.000429055 0.00212019 0.999997 0.0564345 0.0756006 -0.214989
FixedParameters: 0 0 0

#Transform 115
Transform: AffineTransform_float_3_3
Parameters: 1 -0.000886545 0.000685886 0.000888456 0.999998 -0.00212439 -0.000684114 0.00212561 0.999998 0.0321451 0.0663666 -0.186838
FixedParameters: 0 0 0

#Transform 116
Transform: AffineTransform_float_3_3
Parameters: 1 -0.000375928 0.000372086 0.000376071 0.999996 -0.00288486 -0.000370916 0.00288514 0.999996 0.0138319 0.0665013 -0.146714
FixedParameters: 0 0 0

#Transform 117
Transform: AffineTransform_float_3_3
Parameters: 0.999999 -0.000306218 0.000684799 0.000307782 0.999996 -0.00260279 -0.000684201 0.00260321 0.999997 0.0283751 0.101907 -0.162757
FixedParameters: 0 0 0

#Transform 118
Transform: AffineTransform_float_3_3
Parameters: 0.999999 -0.000714559 0.000627644 0.000716439 0.999997 -0.00229855 -0.000625355 0.00229845 0.999997 0.0335965 0.0852611 -0.164593
FixedParameters: 0 0 0

#Transform 119
Transform: AffineTransform_float_3_3
Parameters: 0.999999 -0.00061454 0.000564593 0.00061546 0.999996 -0.00258865 -0.000563408 0.00258935 0.999997 0.0524959 0.07637 -0.178192
FixedParameters: 0 0 0

#Transform 120
Transform: AffineTransform_float_3_3
Parameters: 0.999999 -0.000578514 0.000647331 0.000579486 0.999997 -0.00229863 -0.00064567 0.00229838 0.999997 0.0507386 0.103685 -0.1548
FixedParameters: 0 0 0

#Transform 121
Transform: AffineTransform_float_3_3
Parameters: 0.999999 -0.000306402 0.000789621 0.000308599 0.999998 -0.00202476 -0.000789376 0.00202424 0.999997 0.0624787 0.0895971 -0.173061
FixedParameters: 0 0 0

#Transform 122
Transform: AffineTransform_float_3_3
Parameters: 0.999999 -0.000604329 0.000428947 0.000604671 0.999998 -0.00156674 -0.000428053 0.00156626 0.999998 0.0676494 0.0294116 -0.127004
FixedParameters: 0 0 0

#Transform 123
Transform: AffineTransform_float_3_3
Parameters: 0.999999 -0.000816639 0.000545044 0.00081736 0.999996 -0.00250055 -0.000542957 0.00250144 0.999996 0.0517431 0.0525647 -0.129644
FixedParameters: 0 0 0

#Transform 124
Transform: AffineTransform_float_3_3
Parameters: 1 -0.000816515 0.000630927 0.000817486 0.999997 -0.00235749 -0.000629075 0.00235751 0.999997 0.0700058 0.0755675 -0.163439
FixedParameters: 0 0 0

#Transform 125
Transform: AffineTransform_float_3_3
Parameters: 0.999999 -0.00126962 0.00078801 0.00126938 0.999999 0.000781001 -0.000788991 -0.000779999 1 0.05918 0.0549533 -0.0318912
FixedParameters: 0 0 0

#Transform 126
Transform: AffineTransform_float_3_3
Parameters: 1 -0.000811966 0.000874032 0.000812035 0.999999 -3.92903e-05 -0.000873968 3.97096e-05 0.999999 0.0601233 0.0395306 -0.0575493
FixedParameters: 0 0 0

#Transform 127
Transform: AffineTransform_float_3_3
Parameters: 0.999999 -0.000996381 0.00071447 0.00099662 1 0.000532712 -0.000714531 -0.000532288 0.999999 0.0627804 0.0123893 -0.0808482
FixedParameters: 0 0 0

#Transform 128
Transform: AffineTransform_float_3_3
Parameters: 0.999999 -0.000996607 0.000788234 0.000996393 0.999999 0.000769786 -0.000789767 -0.000768214 1 0.0733806 0.0407983 -0.101507
FixedParameters: 0 0 0

#Transform 129
Transform: AffineTransform_float_3_3
Parameters: 0.999999 -0.000996019 0.000788975 0.00099598 0.999999 2.57858e-05 -0.000789024 -2.42141e-05 0.999999 0.0770486 0.0225988 -0.0966401
FixedParameters: 0 0 0

#Transform 130
Transform: AffineTransform_float_3_3
Parameters: 0.999999 -0.00117632 0.000788516 0.00117568 0.999999 0.000411927 -0.000789484 -0.000411072 0.999999 0.0650556 0.0240721 -0.0990991
FixedParameters: 0 0 0

#Transform 131
Transform: AffineTransform_float_3_3
Parameters: 0.999999 -0.000996746 0.00103728 0.000996255 0.999999 0.000719034 -0.00103772 -0.000717967 0.999999 0.0710174 0.00970398 -0.0916345
FixedParameters: 0 0 0

#Transform 132
Transform: AffineTransform_float_3_3
Parameters: 0.999999 -0.000996442 0.00108259 0.000996559 1 0.00040808 -0.00108341 -0.000406921 1 0.0699804 0.0188463 -0.0471678
FixedParameters: 0 0 0

#Transform 133
Transform: AffineTransform_float_3_3
Parameters: 0.999999 -0.000995787 0.0010592 0.000996212 0.999999 -0.000199945 -0.0010588 0.000201055 1 0.0605854 0.0914294 -0.0934579
FixedParameters: 0 0 0

#Transform 134
Transform: AffineTransform_float_3_3
Parameters: 0.999999 -0.000995105 0.00105984 0.000996895 0.999999 -0.000843945 -0.00105916 0.000845055 0.999999 0.0627812 0.117406 -0.111706
FixedParameters: 0 0 0

#Transform 135
Transform: AffineTransform_float_3_3
Parameters: 0.999999 -0.000996323 0.0010587 0.000996678 1 0.000305056 -0.0010593 -0.000303945 1 0.0704613 0.0787038 -0.0611405
FixedParameters: 0 0 0

#Transform 136
Transform: AffineTransform_float_3_3
Parameters: 0.999999 -0.000350826 0.000688599 0.000351174 0.999998 -0.00170476 -0.000688402 0.00170524 0.999999 -0.00259942 0.0744216 -0.0141825
FixedParameters: 0 0 0

#Transform 137
Transform: AffineTransform_float_3_3
Parameters: 1 0.000338945 -2.67095e-05 -0.000339056 0.999998 -0.00209299 2.62904e-05 0.00209301 0.999998 -0.028344 0.0531353 -0.123568
FixedParameters: 0 0 0

#Transform 138
Transform: AffineTransform_float_3_3
Parameters: 1 4.92726e-05 0.000116885 -4.87272e-05 0.999998 -0.00233101 -0.000117114 0.002331 0.999998 0.0355142 0.0916151 -0.118829
FixedParameters: 0 0 0

#Transform 139
Transform: AffineTransform_float_3_3
Parameters: 1 4.88537e-05 -7.40967e-05 -4.91481e-05 0.999998 -0.001976 7.4903e-05 0.001976 0.999998 0.0402116 0.0629182 -0.151529
FixedParameters: 0 0 0

#Transform 140
Transform: AffineTransform_float_3_3
Parameters: 1 -0.000390692 0.000118027 0.000391309 0.999997 -0.00262695 -0.000116973 0.00262605 0.999996 0.0325429 0.0797725 -0.137874
FixedParameters: 0 0 0

#Transform 141
Transform: AffineTransform_float_3_3
Parameters: 1 -0.000390724 0.000117917 0.000391276 0.999997 -0.00234596 -0.000117082 0.00234605 0.999997 0.043758 0.0999911 -0.129222
FixedParameters: 0 0 0

#Transform 142
Transform: AffineTransform_float_3_3
Parameters: 1 -0.000390718 0.000117938 0.000391282 0.999997 -0.00240095 -0.000117061 0.00240105 0.999997 0.0594939 0.082291 -0.0957855
FixedParameters: 0 0 0

#Transform 143
Transform: AffineTransform_float_3_3
Parameters: 1 -0.000390659 0.000118135 0.000391344 0.999995 -0.00290295 -0.000117864 0.00290304 0.999996 0.0594891 0.113464 -0.0833964
FixedParameters: 0 0 0

#Transform 144
Transform: AffineTransform_float_3_3
Parameters: 1 -0.000516658 0.0001185 0.000516343 0.999995 -0.00290294 -0.000117501 0.00290306 0.999996 0.0587314 0.126428 -0.124437
FixedParameters: 0 0 0

#Transform 145
Transform: AffineTransform_float_3_3
Parameters: 1 0.000615029 0.000263613 -0.000613974 0.999993 -0.00388517 -0.000265388 0.00388584 0.999993 -0.0240792 0.140396 -0.0454889
FixedParameters: 0 0 0

#Transform 146
Transform: AffineTransform_float_3_3
Parameters: 1 0.000453474 0.000115146 -0.000452522 0.999991 -0.00409005 -0.000117852 0.00408994 0.999991 0.0365131 0.126061 -0.103668
FixedParameters: 0 0 0

#Transform 147
Transform: AffineTransform_float_3_3
Parameters: 1 0.000195495 0.000387249 -0.000193502 0.999992 -0.00385708 -0.000388749 0.00385692 0.999993 0.0455938 0.116385 -0.105842
FixedParameters: 0 0 0

#Transform 148
Transform: AffineTransform_float_3_3
Parameters: 1 0.000194454 0.000116244 -0.000193543 0.999993 -0.00389003 -0.000117754 0.00388998 0.999993 0.0534474 0.108242 -0.115785
FixedParameters: 0 0 0

#Transform 149
Transform: AffineTransform_float_3_3
Parameters: 1 -2.05783e-05 0.000117075 2.1425e-05 0.999993 -0.00360299 -0.000117924 0.003603 0.999993 0.0778631 0.0812119 -0.146597
FixedParameters: 0 0 0

#Transform 150
Transform: AffineTransform_float_3_3
Parameters: 1 7.74294e-05 0.000116716 -7.75696e-05 0.999993 -0.00367401 -0.000117286 0.00367399 0.999993 0.0697396 0.099163 -0.139151
FixedParameters: 0 0 0

#Transform 151
Transform: AffineTransform_float_3_3
Parameters: 1 0.000194666 0.000189317 -0.000193331 0.999994 -0.00351404 -0.00019068 0.00351396 0.999994 0.0686966 0.114065 -0.179904
FixedParameters: 0 0 0

#Transform 152
Transform: AffineTransform_float_3_3
Parameters: 1 0.000192992 -0.000274711 -0.000194009 0.999993 -0.00367395 0.000274289 0.00367405 0.999993 0.0778671 0.0854857 -0.152829
FixedParameters: 0 0 0

#Transform 153
Transform: AffineTransform_float_3_3
Parameters: 1 0.000193447 -0.000159673 -0.000193551 0.999994 -0.00347197 0.000158329 0.00347203 0.999994 0.0771464 0.119529 -0.14797
FixedParameters: 0 0 0

#Transform 154
Transform: AffineTransform_float_3_3
Parameters: 1 0.000192754 -0.000312771 -0.000193246 0.999992 -0.00398694 0.000312232 0.00398706 0.999992 0.0975702 0.0920068 -0.129214
FixedParameters: 0 0 0

#Transform 155
Transform: AffineTransform_float_3_3
Parameters: 1 -0.00028165 -0.000311413 0.00028135 0.999998 -0.00208709 0.000311588 0.00208691 0.999998 0.077752 0.0757863 -0.0301799
FixedParameters: 0 0 0

#Transform 156
Transform: AffineTransform_float_3_3
Parameters: 1 3.10579e-05 -0.0006231 -3.29417e-05 0.999995 -0.00311698 0.0006229 0.00311702 0.999995 0.0873696 0.0931629 -0.0682369
FixedParameters: 0 0 0

#Transform 157
Transform: AffineTransform_float_3_3
Parameters: 1 4.40504e-05 -0.000636138 -4.59491e-05 0.999996 -0.00306497 0.000635862 0.00306503 0.999995 0.0877278 0.109363 -0.119567
FixedParameters: 0 0 0

#Transform 158
Transform: AffineTransform_float_3_3
Parameters: 1 -7.42624e-06 -0.000497981 5.5737e-06 0.999996 -0.002864 0.000498018 0.002864 0.999996 0.0842013 0.134656 -0.140552
FixedParameters: 0 0 0

#Transform 159
Transform: AffineTransform_float_3_3
Parameters: 0.999999 0.000235824 -0.000698738 -0.000238174 0.999995 -0.00311683 0.000697261 0.00311617 0.999995 0.0960244 0.0800686 -0.126894
FixedParameters: 0 0 0

#Transform 160
Transform: AffineTransform_float_3_3
Parameters: 1 0.000259361 -0.000910757 -0.000262641 0.999996 -0.00289976 0.000910243 0.00289924 0.999996 0.0631586 0.104729 -0.115991
FixedParameters: 0 0 0

#Transform 161
Transform: AffineTransform_float_3_3
Parameters: 0.999999 0.00062425 -0.000807133 -0.000626749 0.999994 -0.0034105 0.000804866 0.0034115 0.999994 0.0628512 0.0984043 -0.0832724
FixedParameters: 0 0 0

#Transform 162
Transform: AffineTransform_float_3_3
Parameters: 0.999999 0.000199421 -0.000698741 -0.000202576 0.999993 -0.00369286 0.000697256 0.00369314 0.999993 0.0574699 0.0897474 -0.0957927
FixedParameters: 0 0 0

#Transform 163
Transform: AffineTransform_float_3_3
Parameters: 1 9.20878e-05 -0.000698255 -9.39115e-05 0.999996 -0.00273894 0.000697745 0.00273907 0.999996 0.0568451 0.1202 -0.129514
FixedParameters: 0 0 0

#Transform 164
Transform: AffineTransform_float_3_3
Parameters: 0.999999 0.000190398 -0.000973512 -0.0001926 0.999997 -0.00267281 0.000972488 0.00267319 0.999996 0.064112 0.119797 -0.152324
FixedParameters: 0 0 0

#Transform 165
Transform: AffineTransform_float_3_3
Parameters: 0.999999 0.000560412 -0.00111581 -0.000563588 0.999994 -0.00321737 0.00111419 0.00321863 0.999994 0.0673098 0.109184 -0.161028
FixedParameters: 0 0 0

#Transform 166
Transform: AffineTransform_float_3_3
Parameters: 0.999998 0.00127516 -0.00159468 -0.00128084 0.999993 -0.00366397 0.00159032 0.00366604 0.999992 0.0278393 0.141246 -0.156861
FixedParameters: 0 0 0

#Transform 167
Transform: AffineTransform_float_3_3
Parameters: 0.999999 0.000450799 -0.00126051 -0.000454201 0.999995 -0.00333543 0.00125849 0.00333557 0.999993 0.0497217 0.11894 -0.176615
FixedParameters: 0 0 0

#Transform 168
Transform: AffineTransform_float_3_3
Parameters: 0.999999 0.000359717 -0.00128021 -0.000364283 0.999995 -0.00334754 0.00127879 0.00334746 0.999993 0.0513668 0.0984102 -0.184466
FixedParameters: 0 0 0

#Transform 169
Transform: AffineTransform_float_3_3
Parameters: 1 0.00025229 -0.00115182 -0.00025571 0.999995 -0.00322171 0.00115118 0.00322229 0.999994 0.0560081 0.12505 -0.168481
FixedParameters: 0 0 0

#Transform 170
Transform: AffineTransform_float_3_3
Parameters: 1 0.000386504 -0.00115218 -0.000390496 0.999996 -0.00303555 0.00115082 0.00303645 0.999994 0.0470101 0.103371 -0.169844
FixedParameters: 0 0 0

#Transform 171
Transform: AffineTransform_float_3_3
Parameters: 1 0.000189013 -0.00115166 -0.000192986 0.999994 -0.00346378 0.00115034 0.00346322 0.999994 0.0521965 0.0960786 -0.167063
FixedParameters: 0 0 0

#Transform 172
Transform: AffineTransform_float_3_3
Parameters: 1 0.00018889 -0.00115168 -0.000193108 0.999993 -0.00356978 0.00115032 0.00357022 0.999993 0.0595523 0.104376 -0.176822
FixedParameters: 0 0 0

#Transform 173
Transform: AffineTransform_float_3_3
Parameters: 1 0.000274975 -0.000584956 -0.000277025 0.999994 -0.00346384 0.000584044 0.00346416 0.999994 0.0575928 0.0998986 -0.156869
FixedParameters: 0 0 0

#Transform 174
Transform: AffineTransform_float_3_3
Parameters: 0.999999 0.000248937 -0.000884867 -0.000252064 0.999994 -0.00346378 0.000884132 0.00346322 0.999993 0.0639466 0.10749 -0.173873
FixedParameters: 0 0 0

#Transform 175
Transform: AffineTransform_float_3_3
Parameters: 1 0.000514152 -0.0010449 -0.000517849 0.999993 -0.00368646 0.0010431 0.00368654 0.999992 0.0590453 0.114355 -0.126716
FixedParameters: 0 0 0

#Transform 176
Transform: AffineTransform_float_3_3
Parameters: 1 0.000446 -0.00104472 -0.000450001 0.999992 -0.00383153 0.00104328 0.00383247 0.999992 0.060205 0.101032 -0.144922
FixedParameters: 0 0 0

#Transform 177
Transform: AffineTransform_float_3_3
Parameters: 1 0.000350421 -0.00104421 -0.000353578 0.999994 -0.00342864 0.00104279 0.00342937 0.999994 0.0597753 0.119865 -0.177143
FixedParameters: 0 0 0

#Transform 178
Transform: AffineTransform_float_3_3
Parameters: 0.999999 0.000190404 -0.000785633 -0.000192596 0.999994 -0.00330485 0.000785368 0.00330515 0.999994 0.059736 0.12745 -0.200072
FixedParameters: 0 0 0

#Transform 179
Transform: AffineTransform_float_3_3
Parameters: 0.999999 0.000303166 -0.000753146 -0.000305833 0.999993 -0.00376577 0.000751853 0.00376623 0.999992 0.0617961 0.124031 -0.202851
FixedParameters: 0 0 0
