#Insight Transform File V1.0
#Transform 0
Transform: AffineTransform_float_3_3
Parameters: 1 0 0 0 1 0.000443 0 -0.000443 1 -1.42109e-14 0.0130316 0.0136907
FixedParameters: 0 0 0

#Transform 1
Transform: AffineTransform_float_3_3
Parameters: 1 0.000302 0.000178 -0.000302 1 -5.3756e-08 -0.000178 -5.3756e-08 1 -0.0021113 -0.000300862 -0.000232124
FixedParameters: 0 0 0

#Transform 2
Transform: AffineTransform_float_3_3
Parameters: 1 0 0 0 1 0 0 0 1 -1.42109e-14 0.008141 0.030944
FixedParameters: 0 0 0

#Transform 3
Transform: AffineTransform_float_3_3
Parameters: 1 0.000298044 0.000373965 -0.000297957 1 -0.000116111 -0.000374035 0.000116889 1 0.00392737 0.0102935 -0.000414327
FixedParameters: 0 0 0

#Transform 4
Transform: AffineTransform_float_3_3
Parameters: 1 0 0.000102 0 1 0 -0.000102 0 1 -0.00129827 0.012711 0.0305296
FixedParameters: 0 0 0

#Transform 5
Transform: AffineTransform_float_3_3
Parameters: 1 0.000491 7.7e-05 -0.000491 1 -3.7807e-08 -7.7e-05 -3.7807e-08 1 0.0116101 -0.000539951 -0.000116644
FixedParameters: 0 0 0

#Transform 6
Transform: AffineTransform_float_3_3
Parameters: 1 -2.037e-08 0.00021 -2.037e-08 1 9.7e-05 -0.00021 -9.7e-05 1 0.0145702 -0.00129681 0.00756288
FixedParameters: 0 0 0

#Transform 7
Transform: AffineTransform_float_3_3
Parameters: 1 -2.079e-08 0.00021 -2.079e-08 1 9.9e-05 -0.00021 -9.9e-05 1 0.011172 0.00800939 0.0351143
FixedParameters: 0 0 0

#Transform 8
Transform: AffineTransform_float_3_3
Parameters: 1 5.785e-09 8.9e-05 5.785e-09 1 -6.5e-05 -8.9e-05 6.5e-05 1 -0.00114445 0.000874801 0.0331001
FixedParameters: 0 0 0

#Transform 9
Transform: AffineTransform_float_3_3
Parameters: 1 -0.000234013 0.000209985 0.000233987 1 6.20491e-05 -0.000210014 -6.19509e-05 1 -0.00594956 -0.000635538 0.0645402
FixedParameters: 0 0 0

#Transform 10
Transform: AffineTransform_float_3_3
Parameters: 1 0.000183011 0.00020999 -0.000182989 1 -5.20384e-05 -0.000210009 5.19616e-05 1 -0.00261856 0.00049623 0.0377238
FixedParameters: 0 0 0

#Transform 11
Transform: AffineTransform_float_3_3
Parameters: 1 0 0.00021 0 1 0 -0.00021 0 1 -0.00271748 0 0.0376571
FixedParameters: 0 0 0

#Transform 12
Transform: AffineTransform_float_3_3
Parameters: 1 0 0.00021 0 1 0 -0.00021 0 1 -0.00272264 0 0.0130841
FixedParameters: 0 0 0

#Transform 13
Transform: AffineTransform_float_3_3
Parameters: 1 -0.000128 0.00021 0.000128 1 2.688e-08 -0.00021 2.688e-08 1 -0.00275366 0.000190648 0.0130821
FixedParameters: 0 0 0

#Transform 14
Transform: AffineTransform_float_3_3
Parameters: 1 7.89973e-05 -2.50084e-05 -7.90026e-05 1 -0.000105998 2.49916e-05 0.000106002 1 0.000454892 0.00889875 0.0134266
FixedParameters: 0 0 0

#Transform 15
Transform: AffineTransform_float_3_3
Parameters: 1 0 -9.1e-05 0 1 0 9.1e-05 0 1 0.0011867 0.004143 0.0135014
FixedParameters: 0 0 0

#Transform 16
Transform: AffineTransform_float_3_3
Parameters: 1 0 -4.9e-05 0 1 0 4.9e-05 0 1 0.000668 0.00821 0.0134038
FixedParameters: 0 0 0

#Transform 17
Transform: AffineTransform_float_3_3
Parameters: 1 0.000101 -0.000178 -0.000101 1 1.7978e-08 0.000178 1.7978e-08 1 0.00248242 -0.004069 0.0134999
FixedParameters: 0 0 0

#Transform 18
Transform: AffineTransform_float_3_3
Parameters: 1 0 -0.000207 0 1 0 0.000207 0 1 -0.00564936 0 0.0359181
FixedParameters: 0 0 0

#Transform 19
Transform: AffineTransform_float_3_3
Parameters: 1 7.29836e-05 -0.000112011 -7.30163e-05 1 -0.000145992 0.000111989 0.000146008 1 0.00158953 0.0018853 0.0345098
FixedParameters: 0 0 0

#Transform 20
Transform: AffineTransform_float_3_3
Parameters: 1 0 9.2e-05 0 1 0 -9.2e-05 0 1 -0.00118678 0 -0.000870891
FixedParameters: 0 0 0

#Transform 21
Transform: AffineTransform_float_3_3
Parameters: 1 0 -0.000176 0 1 0 0.000176 0 1 0.00233881 0.011866 0.0309654
FixedParameters: 0 0 0

#Transform 22
Transform: AffineTransform_float_3_3
Parameters: 1 0.000188 -1.98891e-06 -0.000188 1 5.90004e-05 2.01109e-06 -5.89996e-05 1 0.000185609 -0.000986607 -0.003915
FixedParameters: 0 0 0

#Transform 23
Transform: AffineTransform_float_3_3
Parameters: 1 0 -0.000216 0 1 0 0.000216 0 1 -0.00513764 0.01363 0.0492429
FixedParameters: 0 0 0

#Transform 24
Transform: AffineTransform_float_3_3
Parameters: 1 0 -0.000216 0 1 0 0.000216 0 1 0.00288274 0 0.0150676
FixedParameters: 0 0 0

#Transform 25
Transform: AffineTransform_float_3_3
Parameters: 1 0 -0.000216 0 1 0 0.000216 0 1 -0.00606517 0 0.0331857
FixedParameters: 0 0 0

#Transform 26
Transform: AffineTransform_float_3_3
Parameters: 1 0 -0.000216 0 1 0 0.000216 0 1 0.00287488 0 0.0514526
FixedParameters: 0 0 0

#Transform 27
Transform: AffineTransform_float_3_3
Parameters: 1 -0.000162 -0.000216 0.000162 1 -3.4992e-08 0.000216 -3.4992e-08 1 0.00282332 0.000230957 0.0475276
FixedParameters: 0 0 0

#Transform 28
Transform: AffineTransform_float_3_3
Parameters: 1 0 -0.000216 0 1 0 0.000216 0 1 0.00287883 0 0.0331876
FixedParameters: 0 0 0

#Transform 29
Transform: AffineTransform_float_3_3
Parameters: 1 -0.000187883 -0.000474046 0.000188117 1 0.000246911 0.000473953 -0.000247089 1 -0.00343623 -0.00304014 0.0418098
FixedParameters: 0 0 0

#Transform 30
Transform: AffineTransform_float_3_3
Parameters: 1 -2.0088e-08 -0.000216 -2.0088e-08 1 -9.3e-05 0.000216 9.3e-05 1 0.00287881 0.00123438 0.0332627
FixedParameters: 0 0 0

#Transform 31
Transform: AffineTransform_float_3_3
Parameters: 1 -5.6e-05 -0.000216 5.6e-05 1 -1.2096e-08 0.000216 -1.2096e-08 1 -0.00826521 7.85371e-05 0.0449102
FixedParameters: 0 0 0

#Transform 32
Transform: AffineTransform_float_3_3
Parameters: 1 -0.000167 -0.000216 0.000167 1 -3.6072e-08 0.000216 -3.6072e-08 1 -0.004138 -0.00244244 0.0490521
FixedParameters: 0 0 0

#Transform 33
Transform: AffineTransform_float_3_3
Parameters: 1 -0.000214952 -0.000216047 0.000214048 1 0.000220954 0.000215953 -0.000220046 1 0.0182261 -0.00269467 0.0306183
FixedParameters: 0 0 0

#Transform 34
Transform: AffineTransform_float_3_3
Parameters: 1 0.000396182 -0.000215665 -0.000396817 0.999999 0.000845085 0.000216335 -0.000844914 0.999999 0.0160008 0.00699099 0.0242296
FixedParameters: 0 0 0

#Transform 35
Transform: AffineTransform_float_3_3
Parameters: 1 0.000158066 -0.000215951 -0.000157934 1 0.000307034 0.000216048 -0.000306966 1 0.00995579 0.00433484 0.0255418
FixedParameters: 0 0 0

#Transform 36
Transform: AffineTransform_float_3_3
Parameters: 1 7.7544e-08 -0.000216 7.7544e-08 1 0.000359 0.000216 -0.000359 1 0.00287888 0.0136869 0.0329369
FixedParameters: 0 0 0

#Transform 37
Transform: AffineTransform_float_3_3
Parameters: 1 -7.452e-09 -0.000138 -7.452e-09 1 -5.4e-05 0.000138 5.4e-05 1 0.00185618 0.00292055 -0.000892961
FixedParameters: 0 0 0

#Transform 38
Transform: AffineTransform_float_3_3
Parameters: 1 1.62855e-07 -0.000517 1.62855e-07 1 0.000315 0.000517 -0.000315 1 0.00685797 0.0116343 0.0296881
FixedParameters: 0 0 0

#Transform 39
Transform: AffineTransform_float_3_3
Parameters: 1 0.000358005 -0.000215991 -0.000357995 1 2.50773e-05 0.000216009 -2.49227e-05 1 0.00313326 0.00544114 -0.000885647
FixedParameters: 0 0 0

#Transform 40
Transform: AffineTransform_float_3_3
Parameters: 1 2.2464e-08 -0.000216 2.2464e-08 1 0.000104 0.000216 -0.000104 1 -0.0118325 0.0151102 0.0394504
FixedParameters: 0 0 0

#Transform 41
Transform: AffineTransform_float_3_3
Parameters: 1 0.000316949 -0.000216075 -0.000317051 1 -0.000236931 0.000215925 0.000237068 1 0.00301951 0.00266323 -0.00337378
FixedParameters: 0 0 0

#Transform 42
Transform: AffineTransform_float_3_3
Parameters: 1 0.000144988 -0.000216008 -0.000145012 1 -5.39687e-05 0.000215992 5.40313e-05 1 0.00296009 0.0154701 0.0223936
FixedParameters: 0 0 0

#Transform 43
Transform: AffineTransform_float_3_3
Parameters: 1 0.000215974 -0.000216025 -0.000216025 1 -0.000117953 0.000215974 0.000118047 1 0.00305369 0.00866066 0.00311981
FixedParameters: 0 0 0

#Transform 44
Transform: AffineTransform_float_3_3
Parameters: 1 9.72e-09 -0.000216 9.72e-09 1 4.5e-05 0.000216 -4.5e-05 1 0.0028832 0.017074 0.0129479
FixedParameters: 0 0 0

#Transform 45
Transform: AffineTransform_float_3_3
Parameters: 1 -9.72e-09 -0.000216 -9.72e-09 1 -4.5e-05 0.000216 4.5e-05 1 0.00288212 0.0250848 0.0179247
FixedParameters: 0 0 0

#Transform 46
Transform: AffineTransform_float_3_3
Parameters: 1 2.7432e-08 -0.000216 2.7432e-08 1 0.000127 0.000216 -0.000127 1 -0.00794884 0.0226492 0.0224091
FixedParameters: 0 0 0

#Transform 47
Transform: AffineTransform_float_3_3
Parameters: 1 0.000320974 -0.000216038 -0.000321025 1 -0.000117931 0.000215962 0.000118069 1 0.00303465 0.0100365 0.028972
FixedParameters: 0 0 0

#Transform 48
Transform: AffineTransform_float_3_3
Parameters: 1 1.9251e-07 -0.000465 1.9251e-07 1 0.000414 0.000465 -0.000414 1 -0.00346969 0.00429922 0.0129897
FixedParameters: 0 0 0

#Transform 49
Transform: AffineTransform_float_3_3
Parameters: 1 -7.39698e-05 -0.000328007 7.30302e-05 1 9.1976e-05 0.000327993 -9.20243e-05 1 0.00430631 0.00750134 0.0650115
FixedParameters: 0 0 0

#Transform 50
Transform: AffineTransform_float_3_3
Parameters: 1 -0.000363912 -0.000216148 0.000364088 1 0.000406921 0.000215852 -0.000407078 1 0.0170622 -0.0138886 0.00730253
FixedParameters: 0 0 0

#Transform 51
Transform: AffineTransform_float_3_3
Parameters: 1 -0.000499854 -0.000216337 0.000500145 0.999999 0.000673891 0.000215663 -0.000674107 0.999999 0.0025088 -0.00831286 0.0398478
FixedParameters: 0 0 0

#Transform 52
Transform: AffineTransform_float_3_3
Parameters: 1 -0.000652892 -0.000216325 0.000653107 0.999999 0.000497859 0.000215675 -0.000498141 1 0.00670349 -0.00579048 0.00623796
FixedParameters: 0 0 0

#Transform 53
Transform: AffineTransform_float_3_3
Parameters: 1 -0.000403991 -0.000216016 0.000404008 1 3.89127e-05 0.000215984 -3.90873e-05 1 0.00261466 0.00899152 0.0368374
FixedParameters: 0 0 0

#Transform 54
Transform: AffineTransform_float_3_3
Parameters: 1 -0.000499981 -0.000216044 0.000500019 1 8.7892e-05 0.000215956 -8.7108e-05 1 0.0025124 -0.000629899 0.00537878
FixedParameters: 0 0 0

#Transform 55
Transform: AffineTransform_float_3_3
Parameters: 1 -0.000499975 -0.000399032 0.000500025 1 6.38005e-05 0.000398968 -6.31995e-05 1 0.0049057 -0.000286236 0.0233659
FixedParameters: 0 0 0

#Transform 56
Transform: AffineTransform_float_3_3
Parameters: 1 -0.000499867 -0.00039017 0.000500132 1 0.000339805 0.00038983 -0.000340195 1 0.00478049 -0.00395722 -0.024479
FixedParameters: 0 0 0

#Transform 57
Transform: AffineTransform_float_3_3
Parameters: 1 -0.000499909 -0.000347131 0.000500091 1 0.000262826 0.000346868 -0.000263173 1 -0.00319201 -0.00291487 0.0184021
FixedParameters: 0 0 0

#Transform 58
Transform: AffineTransform_float_3_3
Parameters: 1 -0.000669916 -0.000216258 0.000669083 0.999999 0.000385855 0.000215742 -0.000386144 1 -0.00414383 -0.00189882 0.00218046
FixedParameters: 0 0 0

#Transform 59
Transform: AffineTransform_float_3_3
Parameters: 0.999999 -0.000677575 0.000446127 0.000677423 0.999999 0.0012883 -0.000447873 -0.0012887 0.999999 0.0812616 -0.032395 -0.0903889
FixedParameters: 0 0 0

#Transform 60
Transform: AffineTransform_float_3_3
Parameters: 0.999999 -0.00171348 0.000564531 0.00171252 0.999995 0.00260997 -0.000569471 -0.00260903 0.999997 0.0449661 -0.00799738 0.112562
FixedParameters: 0 0 0

#Transform 61
Transform: AffineTransform_float_3_3
Parameters: 0.999998 -0.00225555 0.000265421 0.00225546 0.999996 0.0020306 -0.000270581 -0.0020304 0.999998 0.0205287 8.97649e-05 0.101513
FixedParameters: 0 0 0

#Transform 62
Transform: AffineTransform_float_3_3
Parameters: 0.999998 -0.00207752 0.000257834 0.00207648 0.999996 0.00200554 -0.000262163 -0.00200446 0.999998 0.00884907 0.000259304 0.0854209
FixedParameters: 0 0 0

#Transform 63
Transform: AffineTransform_float_3_3
Parameters: 0.999998 -0.00160673 -0.000154792 0.00160627 0.999997 0.00173775 0.000151208 -0.00173824 0.999998 0.00779066 0.00313087 0.0859857
FixedParameters: 0 0 0

#Transform 64
Transform: AffineTransform_float_3_3
Parameters: 0.999998 -0.00200958 -0.000219919 0.00200943 0.999996 0.00194956 0.000216084 -0.00194944 0.999998 0.00144927 0.0121966 0.0362741
FixedParameters: 0 0 0

#Transform 65
Transform: AffineTransform_float_3_3
Parameters: 0.999998 -0.00187041 -0.00037794 0.00187159 0.999997 0.0015713 0.000375059 -0.0015717 0.999998 0.0105665 0.00556371 0.00934893
FixedParameters: 0 0 0

#Transform 66
Transform: AffineTransform_float_3_3
Parameters: 0.999998 -0.00194492 -0.000688057 0.00194608 0.999997 0.00157066 0.000684942 -0.00157233 0.999998 -0.0114601 -0.0161886 0.00379172
FixedParameters: 0 0 0

#Transform 67
Transform: AffineTransform_float_3_3
Parameters: 0.999998 -0.00194483 -0.000743057 0.00194616 0.999997 0.00157056 0.000739942 -0.00157244 0.999999 -0.00229646 -0.0212495 -0.0106407
FixedParameters: 0 0 0

#Transform 68
Transform: AffineTransform_float_3_3
Parameters: 0.999998 -0.00194541 -0.000519235 0.0019466 0.999998 0.00114799 0.000516765 -0.00114901 0.999999 -0.00746055 -0.0223499 0.019272
FixedParameters: 0 0 0

#Transform 69
Transform: AffineTransform_float_3_3
Parameters: 0.999998 -0.00194525 -0.000476057 0.00194675 0.999997 0.00157108 0.000472941 -0.00157192 0.999998 -0.00744437 -0.0161135 -0.00667507
FixedParameters: 0 0 0

#Transform 70
Transform: AffineTransform_float_3_3
Parameters: 0.999998 -0.00194578 -0.000217947 0.00194622 0.999997 0.00100058 0.000216051 -0.00100142 0.999999 -0.00839437 -0.00861604 0.0126931
FixedParameters: 0 0 0

#Transform 71
Transform: AffineTransform_float_3_3
Parameters: 0.999998 -0.0019457 -0.000218704 0.0019463 0.999997 0.00138958 0.000216296 -0.00138942 0.999999 -0.00839724 -0.00505379 0.0123897
FixedParameters: 0 0 0

#Transform 72
Transform: AffineTransform_float_3_3
Parameters: 0.999998 -0.0019457 -0.000218658 0.0019463 0.999997 0.00136558 0.000216343 -0.00136542 0.999999 -0.000504518 0.0202174 0.0823834
FixedParameters: 0 0 0

#Transform 73
Transform: AffineTransform_float_3_3
Parameters: 0.999999 -0.00147802 -0.000436211 0.00148098 0.999975 0.00690136 0.000426789 -0.00690164 0.999976 0.0118185 0.0242828 0.278213
FixedParameters: 0 0 0

#Transform 74
Transform: AffineTransform_float_3_3
Parameters: 0.999999 -0.00149125 -0.000221113 0.00149175 0.999993 0.00342767 0.000215887 -0.00342833 0.999994 -0.00835772 0.0379029 0.181292
FixedParameters: 0 0 0

#Transform 75
Transform: AffineTransform_float_3_3
Parameters: 0.999999 -0.00141952 -0.000219126 0.00141948 0.999996 0.00220169 0.000215876 -0.00220131 0.999997 -0.00825661 0.0350602 0.20517
FixedParameters: 0 0 0

#Transform 76
Transform: AffineTransform_float_3_3
Parameters: 0.999999 -0.00153455 -0.000219163 0.00153445 0.999996 0.00206067 0.000215838 -0.00206133 0.999998 -0.0106635 0.0368609 0.158911
FixedParameters: 0 0 0

#Transform 77
Transform: AffineTransform_float_3_3
Parameters: 1 -0.00107371 -0.000217445 0.00107329 0.999998 0.00134577 0.000215557 -0.00134523 0.999999 -0.00795956 0.0208599 0.164453
FixedParameters: 0 0 0

#Transform 78
Transform: AffineTransform_float_3_3
Parameters: 0.999999 -0.00132777 -0.000217386 0.00132823 0.999998 0.00104371 0.000215613 -0.00104429 1 -0.00822764 0.0200188 0.156472
FixedParameters: 0 0 0

#Transform 79
Transform: AffineTransform_float_3_3
Parameters: 1 -0.00117586 -0.00021676 0.00117514 0.999999 0.000645746 0.000216241 -0.000646255 1 0.00764517 0.01034 0.143183
FixedParameters: 0 0 0

#Transform 80
Transform: AffineTransform_float_3_3
Parameters: 1 -0.00118388 -0.000216658 0.00118412 0.999999 0.000555744 0.000216342 -0.000556257 1 -0.00812209 0.0142841 0.157017
FixedParameters: 0 0 0

#Transform 81
Transform: AffineTransform_float_3_3
Parameters: 0.999999 -0.0013279 -0.000216621 0.0013281 0.999999 0.000467713 0.00021638 -0.000467288 1 0.00486459 0.0156588 0.182234
FixedParameters: 0 0 0

#Transform 82
Transform: AffineTransform_float_3_3
Parameters: 0.999999 -0.00122778 -0.000430637 0.00122722 0.999999 0.000518472 0.000430363 -0.000519529 1 0.00713319 0.0147906 0.147927
FixedParameters: 0 0 0

#Transform 83
Transform: AffineTransform_float_3_3
Parameters: 0.999999 -0.00132776 -0.000481663 0.00132824 0.999999 0.000499361 0.000480335 -0.000500638 1 0.00394746 0.0152207 0.171996
FixedParameters: 0 0 0

#Transform 84
Transform: AffineTransform_float_3_3
Parameters: 0.999999 -0.0013278 -0.000217241 0.0013282 0.999998 0.000934712 0.000215758 -0.000935287 0.999999 0.00597908 0.00952569 0.148236
FixedParameters: 0 0 0

#Transform 85
Transform: AffineTransform_float_3_3
Parameters: 0.999999 -0.00132789 -0.000216697 0.00132811 0.999999 0.000524713 0.000216303 -0.000525288 1 0.00216754 0.0214381 0.188616
FixedParameters: 0 0 0

#Transform 86
Transform: AffineTransform_float_3_3
Parameters: 0.999999 -0.0013279 -0.000216635 0.0013281 0.999999 0.000477713 0.000216365 -0.000478288 1 0.0193614 0.0154563 0.142754
FixedParameters: 0 0 0

#Transform 87
Transform: AffineTransform_float_3_3
Parameters: 0.999999 -0.00132794 -0.000216342 0.00132806 0.999999 0.000257713 0.000215657 -0.000258287 1 0.00447452 0.0183796 0.175116
FixedParameters: 0 0 0

#Transform 88
Transform: AffineTransform_float_3_3
Parameters: 0.999999 -0.00132802 -0.000215896 0.00132798 0.999999 -7.82868e-05 0.000216103 7.77131e-05 1 0.0037086 0.010733 0.161554
FixedParameters: 0 0 0

#Transform 89
Transform: AffineTransform_float_3_3
Parameters: 0.999998 -0.00158595 -0.000216342 0.00158605 0.999998 0.000215657 0.000215659 -0.000215342 1 0.00221201 0.0193434 0.132811
FixedParameters: 0 0 0

#Transform 90
Transform: AffineTransform_float_3_3
Parameters: 0.999999 -0.00132802 -0.000330909 0.00132798 0.999999 -6.84395e-05 0.000331091 6.85604e-05 1 0.008054 0.0171219 0.143175
FixedParameters: 0 0 0

#Transform 91
Transform: AffineTransform_float_3_3
Parameters: 0.999999 -0.00174993 -0.00021661 0.00174908 0.999999 0.000348622 0.000216391 -0.000348379 1 -0.00837631 0.0176061 0.142826
FixedParameters: 0 0 0

#Transform 92
Transform: AffineTransform_float_3_3
Parameters: 0.999998 -0.00164893 -0.000216496 0.00164906 0.999998 0.000300643 0.000216505 -0.000300357 1 0.00805339 0.0114144 0.142847
FixedParameters: 0 0 0

#Transform 93
Transform: AffineTransform_float_3_3
Parameters: 0.999999 -0.00174987 -0.000397566 0.00174913 0.999999 0.000323305 0.000397435 -0.000323696 1 0.00519831 0.0179346 0.14303
FixedParameters: 0 0 0

#Transform 94
Transform: AffineTransform_float_3_3
Parameters: 0.999999 -0.00175002 -0.000215823 0.00174998 0.999999 -0.000101378 0.000216178 0.000101622 1 0.00102737 0.0168182 0.160068
FixedParameters: 0 0 0

#Transform 95
Transform: AffineTransform_float_3_3
Parameters: 0.999999 -0.00174997 -0.000216285 0.00174904 0.999999 0.000162622 0.000215715 -0.000163378 1 -0.00311345 0.0199707 0.142908
FixedParameters: 0 0 0

#Transform 96
Transform: AffineTransform_float_3_3
Parameters: 0.999999 -0.00150001 -0.000215932 0.00149999 0.999999 -4.53239e-05 0.000216067 4.46759e-05 1 0.000774363 0.0084889 0.145371
FixedParameters: 0 0 0

#Transform 97
Transform: AffineTransform_float_3_3
Parameters: 0.999999 -0.00174993 -0.000216539 0.00174907 0.999999 0.000307622 0.000216461 -0.000308379 1 0.00326758 0.00165137 0.133848
FixedParameters: 0 0 0

#Transform 98
Transform: AffineTransform_float_3_3
Parameters: 0.999999 -0.00175011 -0.000215147 0.0017499 0.999999 -0.000487377 0.000215852 0.000486623 1 0.00768692 0.00491121 0.175338
FixedParameters: 0 0 0

#Transform 99
Transform: AffineTransform_float_3_3
Parameters: 0.999999 -0.00174998 -0.00021615 0.00174902 0.999999 8.56221e-05 0.000215851 -8.53779e-05 1 0.00831376 -0.00886065 0.148765
FixedParameters: 0 0 0

#Transform 100
Transform: AffineTransform_float_3_3
Parameters: 0.999999 -0.00175026 -0.000539147 0.00174974 0.999999 -0.000487944 0.000539853 0.000487056 0.999999 0.0131185 -0.0033646 0.190328
FixedParameters: 0 0 0

#Transform 101
Transform: AffineTransform_float_3_3
Parameters: 0.999999 -0.00175006 -0.000215564 0.00174995 0.999999 -0.000249378 0.000216435 0.000248622 1 0.00620327 -0.00441292 0.156631
FixedParameters: 0 0 0

#Transform 102
Transform: AffineTransform_float_3_3
Parameters: 0.999999 -0.00175016 -0.00036424 0.00174984 0.999999 -0.000434638 0.000364761 0.000434362 1 0.0116892 0.0149836 0.184966
FixedParameters: 0 0 0

#Transform 103
Transform: AffineTransform_float_3_3
Parameters: 0.999999 -0.00134096 0.000233217 0.00134004 0.999999 -0.000161688 -0.000232783 0.000162312 1 0.011691 -4.22358e-05 0.142509
FixedParameters: 0 0 0

#Transform 104
Transform: AffineTransform_float_3_3
Parameters: 0.999999 -0.00174987 0.000238943 0.00174913 0.999999 -0.000538583 -0.000238057 0.000539417 1 0.0183508 0.0112316 0.159249
FixedParameters: 0 0 0

#Transform 105
Transform: AffineTransform_float_3_3
Parameters: 0.999999 -0.00175015 -0.000214824 0.00174986 0.999998 -0.000672377 0.000216176 0.000671623 1 0.0243235 0.00122527 0.137813
FixedParameters: 0 0 0

#Transform 106
Transform: AffineTransform_float_3_3
Parameters: 0.999999 -0.00174987 0.000272852 0.00174913 0.999999 -0.000486524 -0.000272148 0.000487477 1 0.00753068 0.0243164 0.150286
FixedParameters: 0 0 0

#Transform 107
Transform: AffineTransform_float_3_3
Parameters: 0.999999 -0.00174976 0.00027356 0.00174924 0.999998 -0.000891523 -0.000272441 0.000891478 0.999999 0.01784 0.0119092 0.148724
FixedParameters: 0 0 0

#Transform 108
Transform: AffineTransform_float_3_3
Parameters: 0.999999 -0.00175017 -0.000193474 0.00174983 0.999998 -0.00087234 0.000195526 0.000871659 0.999999 0.00172993 0.00380802 0.157141
FixedParameters: 0 0 0

#Transform 109
Transform: AffineTransform_float_3_3
Parameters: 0.999999 -0.00175014 -0.000176596 0.00174986 0.999998 -0.00080231 0.000177403 0.000801691 0.999999 0.000460106 0.00287927 0.140589
FixedParameters: 0 0 0

#Transform 110
Transform: AffineTransform_float_3_3
Parameters: 0.999999 -0.00175017 -0.000245808 0.00174983 0.999998 -0.000681431 0.000247191 0.000680568 0.999999 0.00821114 0.0171756 0.149849
FixedParameters: 0 0 0

#Transform 111
Transform: AffineTransform_float_3_3
Parameters: 0.999998 -0.0017501 -0.000127666 0.0017499 0.999998 -0.000762224 0.000129333 0.000761775 0.999999 0.00612588 0.00238649 0.129534
FixedParameters: 0 0 0

#Transform 112
Transform: AffineTransform_float_3_3
Parameters: 0.999998 -0.00158397 6.57713e-05 0.00158403 0.999998 -0.000486896 -6.52285e-05 0.000487104 1 0.0162966 0.0280742 0.142977
FixedParameters: 0 0 0

#Transform 113
Transform: AffineTransform_float_3_3
Parameters: 0.999999 -0.00175011 -0.000127542 0.00174989 0.999998 -0.000833224 0.000129458 0.000832775 0.999999 0.0199151 0.00330317 0.160534
FixedParameters: 0 0 0

#Transform 114
Transform: AffineTransform_float_3_3
Parameters: 0.999999 -0.00175006 -0.000128148 0.00174994 0.999999 -0.000487225 0.000128852 0.000486775 1 0.0231306 0.0276282 0.144603
FixedParameters: 0 0 0

#Transform 115
Transform: AffineTransform_float_3_3
Parameters: 0.999999 -0.00175012 -0.0001274 0.00174988 0.999998 -0.000914224 0.000129599 0.000913774 0.999999 0.023141 0.0193765 0.175402
FixedParameters: 0 0 0

#Transform 116
Transform: AffineTransform_float_3_3
Parameters: 0.999999 -0.00174986 0.000287852 0.00174914 0.999999 -0.000486497 -0.000286148 0.000487502 1 0.00761011 0.029099 0.167969
FixedParameters: 0 0 0

#Transform 117
Transform: AffineTransform_float_3_3
Parameters: 0.999999 -0.00174982 0.00028809 0.00174918 0.999999 -0.000622497 -0.000286912 0.000622503 1 0.0176875 0.0187737 0.189758
FixedParameters: 0 0 0

#Transform 118
Transform: AffineTransform_float_3_3
Parameters: 0.999999 -0.00174993 8.83754e-05 0.00174907 0.999998 -0.000785847 -8.66251e-05 0.000786153 0.999999 0.0203238 0.00262675 0.158999
FixedParameters: 0 0 0

#Transform 119
Transform: AffineTransform_float_3_3
Parameters: 0.999999 -0.00175015 -0.000260993 0.00174985 0.999999 -0.000575458 0.000262008 0.000575542 1 -0.00178724 0.0160235 0.182906
FixedParameters: 0 0 0

#Transform 120
Transform: AffineTransform_float_3_3
Parameters: 0.999999 -0.00174976 0.000258615 0.00174924 0.999998 -0.000922549 -0.000257385 0.000923451 0.999999 0.00767333 0.0127853 0.158815
FixedParameters: 0 0 0

#Transform 121
Transform: AffineTransform_float_3_3
Parameters: 0.999999 -0.00175009 -0.000188147 0.00174991 0.999999 -0.00048733 0.000188852 0.00048667 1 -0.00331361 0.0231155 0.168085
FixedParameters: 0 0 0

#Transform 122
Transform: AffineTransform_float_3_3
Parameters: 0.999999 -0.00174997 6.18522e-05 0.00174903 0.999999 -0.000486893 -6.11482e-05 0.000487108 1 0.00732021 0.023918 0.173023
FixedParameters: 0 0 0

#Transform 123
Transform: AffineTransform_float_3_3
Parameters: 0.999998 -0.00204608 -0.000188114 0.00204592 0.999998 -0.000433386 0.000188888 0.000433614 1 0.0103244 0.0209739 0.168357
FixedParameters: 0 0 0

#Transform 124
Transform: AffineTransform_float_3_3
Parameters: 0.999999 -0.00175012 -0.000187869 0.00174988 0.999999 -0.00064633 0.00018813 0.000645672 1 0.00617472 0.0206407 0.17878
FixedParameters: 0 0 0

#Transform 125
Transform: AffineTransform_float_3_3
Parameters: 0.999997 -0.00216112 -0.000187608 0.00216088 0.999998 -0.000644407 0.000188393 0.000644595 1 0.00715977 0.00120422 0.141282
FixedParameters: 0 0 0

#Transform 126
Transform: AffineTransform_float_3_3
Parameters: 0.999998 -0.00162903 -4.37896e-05 0.00162897 0.999999 -0.000743072 4.42103e-05 0.000742929 0.999999 0.0111982 0.0157999 0.166151
FixedParameters: 0 0 0

#Transform 127
Transform: AffineTransform_float_3_3
Parameters: 0.999998 -0.00185864 0.000412609 0.00185936 0.999998 -0.000865234 -0.000411391 0.000865766 0.999999 0.0126623 0.00387539 0.170099
FixedParameters: 0 0 0

#Transform 128
Transform: AffineTransform_float_3_3
Parameters: 0.999998 -0.00220068 0.00038383 0.00220132 0.999997 -0.000831157 -0.00038217 0.000831843 0.999999 -0.000327373 0.003754 0.186901
FixedParameters: 0 0 0

#Transform 129
Transform: AffineTransform_float_3_3
Parameters: 0.999998 -0.0022007 0.000321048 0.0022013 0.999997 -0.000930295 -0.000318952 0.000930704 0.999999 0.0124878 -0.00224422 0.18473
FixedParameters: 0 0 0

#Transform 130
Transform: AffineTransform_float_3_3
Parameters: 0.999997 -0.00237267 0.000349265 0.00237333 0.999996 -0.000954174 -0.000347735 0.000954828 1 0.0214517 0.00173722 0.203587
FixedParameters: 0 0 0

#Transform 131
Transform: AffineTransform_float_3_3
Parameters: 0.999997 -0.00219956 0.000945349 0.00220144 0.999997 -0.00152092 -0.000941651 0.00152308 0.999999 0.0217289 -0.0123213 0.212882
FixedParameters: 0 0 0

#Transform 132
Transform: AffineTransform_float_3_3
Parameters: 0.999998 -0.00220039 0.000464897 0.00220161 0.999996 -0.00131598 -0.000462102 0.00131702 0.999999 0.027101 -0.0103274 0.212562
FixedParameters: 0 0 0

#Transform 133
Transform: AffineTransform_float_3_3
Parameters: 0.999998 -0.00220039 0.000423188 0.00220161 0.999997 -0.00144807 -0.000419812 0.00144893 0.999999 0.0236206 -0.00557169 0.195112
FixedParameters: 0 0 0

#Transform 134
Transform: AffineTransform_float_3_3
Parameters: 0.999998 -0.00220058 0.000307037 0.00220142 0.999996 -0.00137933 -0.000303964 0.00137967 0.999999 0.0171396 -0.00955499 0.187705
FixedParameters: 0 0 0

#Transform 135
Transform: AffineTransform_float_3_3
Parameters: 0.999998 -0.00220053 0.00034205 0.00220147 0.999996 -0.00138525 -0.000338951 0.00138575 0.999999 0.0287341 -0.00945303 0.187736
FixedParameters: 0 0 0

#Transform 136
Transform: AffineTransform_float_3_3
Parameters: 0.999997 -0.0026206 0.000422512 0.00262141 0.999996 -0.000957896 -0.000420488 0.000959106 1 0.01716 -0.0145954 0.177116
FixedParameters: 0 0 0

#Transform 137
Transform: AffineTransform_float_3_3
Parameters: 0.999997 -0.00237639 0.000423428 0.00237761 0.999996 -0.001442 -0.000420571 0.001443 0.999999 0.0274811 -0.00859644 0.219803
FixedParameters: 0 0 0

#Transform 138
Transform: AffineTransform_float_3_3
Parameters: 0.999998 -0.00207562 0.000306611 0.00207638 0.999997 -0.00125737 -0.000303387 0.00125863 0.999999 0.00810902 -0.0113458 0.193488
FixedParameters: 0 0 0

#Transform 139
Transform: AffineTransform_float_3_3
Parameters: 0.999998 -0.00206429 0.000423455 0.00206471 0.999997 -0.00167313 -0.000420545 0.00167387 0.999998 0.0227722 -0.0130382 0.214684
FixedParameters: 0 0 0

#Transform 140
Transform: AffineTransform_float_3_3
Parameters: 0.999997 -0.0023894 0.000423375 0.0023906 0.999996 -0.00141199 -0.000420624 0.00141301 0.999999 0.0148482 -0.00893956 0.208175
FixedParameters: 0 0 0

#Transform 141
Transform: AffineTransform_float_3_3
Parameters: 0.999998 -0.0022251 0.000424746 0.0022259 0.999995 -0.00213206 -0.000420254 0.00213294 0.999997 0.021194 -0.0190428 0.246265
FixedParameters: 0 0 0

#Transform 142
Transform: AffineTransform_float_3_3
Parameters: 0.999996 -0.00256408 0.000564207 0.00256492 0.999996 -0.00163956 -0.000559792 0.00164144 0.999999 0.0181832 -0.0247749 0.214473
FixedParameters: 0 0 0

#Transform 143
Transform: AffineTransform_float_3_3
Parameters: 0.999997 -0.00234717 0.00042464 0.00234784 0.999996 -0.00197601 -0.00042036 0.00197699 0.999998 0.0275814 -0.0231428 0.204072
FixedParameters: 0 0 0

#Transform 144
Transform: AffineTransform_float_3_3
Parameters: 0.999996 -0.00256426 0.000424484 0.00256474 0.999995 -0.00174792 -0.000420516 0.00174909 0.999999 0.0274053 -0.0258527 0.202026
FixedParameters: 0 0 0

#Transform 145
Transform: AffineTransform_float_3_3
Parameters: 0.999997 -0.00250725 0.000424445 0.00250775 0.999996 -0.00177194 -0.000420556 0.00177306 0.999999 0.0274094 -0.0228365 0.225771
FixedParameters: 0 0 0

#Transform 146
Transform: AffineTransform_float_3_3
Parameters: 0.999995 -0.00297128 0.000425023 0.00297171 0.999994 -0.00168974 -0.000419976 0.00169125 0.999998 0.0270932 -0.0262595 0.226358
FixedParameters: 0 0 0

#Transform 147
Transform: AffineTransform_float_3_3
Parameters: 0.999996 -0.00277213 0.000425704 0.00277287 0.999994 -0.00205683 -0.000420298 0.00205717 0.999998 0.0272666 -0.00710234 0.247612
FixedParameters: 0 0 0

#Transform 148
Transform: AffineTransform_float_3_3
Parameters: 0.999997 -0.00248621 0.000424641 0.00248779 0.999995 -0.00186595 -0.000420357 0.00186705 0.999998 0.0299633 -0.0114806 0.23327
FixedParameters: 0 0 0

#Transform 149
Transform: AffineTransform_float_3_3
Parameters: 0.999997 -0.00248612 0.000425158 0.00248788 0.999995 -0.00207395 -0.00041984 0.00207505 0.999998 0.0273346 -0.00245066 0.239981
FixedParameters: 0 0 0

#Transform 150
Transform: AffineTransform_float_3_3
Parameters: 0.999997 -0.00248613 0.000425113 0.00248787 0.999995 -0.00205595 -0.000419884 0.00205705 0.999998 0.0273676 -0.0218582 0.203537
FixedParameters: 0 0 0

#Transform 151
Transform: AffineTransform_float_3_3
Parameters: 0.999996 -0.00275939 0.000423997 0.00275961 0.999995 -0.00144784 -0.000420003 0.00144916 0.999999 0.0273001 -0.0172659 0.256281
FixedParameters: 0 0 0

#Transform 152
Transform: AffineTransform_float_3_3
Parameters: 0.999996 -0.00259235 0.000424012 0.00259365 0.999996 -0.00154691 -0.000419986 0.00154809 0.999998 0.0273349 -0.0285444 0.235751
FixedParameters: 0 0 0

#Transform 153
Transform: AffineTransform_float_3_3
Parameters: 0.999996 -0.00301331 0.000424943 0.00301369 0.999994 -0.00163973 -0.000420056 0.00164127 0.999998 0.0271461 -0.0268963 0.23581
FixedParameters: 0 0 0

#Transform 154
Transform: AffineTransform_float_3_3
Parameters: 0.999997 -0.00238801 0.000607918 0.00238899 0.999996 -0.00163955 -0.000604081 0.00164145 0.999999 0.037041 -0.0208885 0.235655
FixedParameters: 0 0 0

#Transform 155
Transform: AffineTransform_float_3_3
Parameters: 0.999995 -0.00295131 0.000424841 0.00295269 0.999995 -0.00163975 -0.000420156 0.00164125 0.999998 0.0270654 -0.0268279 0.198582
FixedParameters: 0 0 0

#Transform 156
Transform: AffineTransform_float_3_3
Parameters: 0.999996 -0.00267381 0.000650913 0.00267419 0.999994 -0.00183627 -0.000646089 0.00183773 0.999998 0.024392 -0.0164918 0.223413
FixedParameters: 0 0 0

#Transform 157
Transform: AffineTransform_float_3_3
Parameters: 0.999995 -0.00295131 0.000424841 0.00295269 0.999995 -0.00163975 -0.000420156 0.00164125 0.999998 0.0270361 -0.0118205 0.234301
FixedParameters: 0 0 0

#Transform 158
Transform: AffineTransform_float_3_3
Parameters: 0.999996 -0.00264726 0.00092997 0.00264874 0.999994 -0.00187554 -0.000925029 0.00187846 0.999998 0.0290835 -0.0126711 0.224678
FixedParameters: 0 0 0

#Transform 159
Transform: AffineTransform_float_3_3
Parameters: 0.999996 -0.0026943 0.000899093 0.00269669 0.999994 -0.00188858 -0.000893904 0.00189141 0.999998 0.0261074 -0.0204472 0.222282
FixedParameters: 0 0 0

#Transform 160
Transform: AffineTransform_float_3_3
Parameters: 0.999996 -0.00247541 0.000896414 0.00247659 0.999996 -0.00178179 -0.000891587 0.00178321 0.999998 0.0317453 -0.0266696 0.276187
FixedParameters: 0 0 0

#Transform 161
Transform: AffineTransform_float_3_3
Parameters: 0.999996 -0.00295064 0.00083384 0.00295237 0.999995 -0.00163855 -0.000829159 0.00164146 0.999999 0.0218841 -0.0433343 0.282197
FixedParameters: 0 0 0

#Transform 162
Transform: AffineTransform_float_3_3
Parameters: 0.999996 -0.00295051 0.000876023 0.00295249 0.999994 -0.00170042 -0.000870976 0.00170358 0.999998 0.0212184 -0.0131697 0.299074
FixedParameters: 0 0 0

#Transform 163
Transform: AffineTransform_float_3_3
Parameters: 0.999995 -0.00295131 0.000424841 0.00295269 0.999995 -0.00163975 -0.000420156 0.00164125 0.999998 0.0271008 -0.0290088 0.264995
FixedParameters: 0 0 0

#Transform 164
Transform: AffineTransform_float_3_3
Parameters: 0.999996 -0.00253831 0.000424164 0.00253869 0.999996 -0.00163993 -0.000419835 0.00164107 0.999998 0.0209948 -0.0236379 0.28525
FixedParameters: 0 0 0

#Transform 165
Transform: AffineTransform_float_3_3
Parameters: 0.999996 -0.00286746 0.000939704 0.00286954 0.999994 -0.00163831 -0.000934298 0.00164069 0.999998 0.0205939 -0.04328 0.254353
FixedParameters: 0 0 0

#Transform 166
Transform: AffineTransform_float_3_3
Parameters: 0.999996 -0.00295063 0.00083784 0.00295237 0.999995 -0.00163854 -0.000833159 0.00164147 0.999999 0.0246234 -0.0192754 0.246449
FixedParameters: 0 0 0

#Transform 167
Transform: AffineTransform_float_3_3
Parameters: 0.999996 -0.00295079 0.000743841 0.00295222 0.999995 -0.00163881 -0.00073916 0.00164119 0.999999 0.022973 -0.0119347 0.23457
FixedParameters: 0 0 0

#Transform 168
Transform: AffineTransform_float_3_3
Parameters: 0.999995 -0.00295136 0.000424434 0.00295263 0.999994 -0.00150175 -0.000420563 0.00150325 0.999999 0.0270722 -0.0221591 0.249761
FixedParameters: 0 0 0

#Transform 169
Transform: AffineTransform_float_3_3
Parameters: 0.999995 -0.00316131 0.000425186 0.00316269 0.999993 -0.00163966 -0.000419811 0.00164133 0.999998 0.0150497 -0.0269657 0.238767
FixedParameters: 0 0 0

#Transform 170
Transform: AffineTransform_float_3_3
Parameters: 0.999995 -0.00320835 0.0004249 0.00320964 0.999993 -0.00152664 -0.000420097 0.00152835 0.999998 0.0187121 -0.0274674 0.26208
FixedParameters: 0 0 0

#Transform 171
Transform: AffineTransform_float_3_3
Parameters: 0.999994 -0.00346637 0.000516268 0.00346763 0.999993 -0.00123022 -0.000511729 0.00123278 0.999999 0.0255714 -0.0230441 0.253591
FixedParameters: 0 0 0

#Transform 172
Transform: AffineTransform_float_3_3
Parameters: 0.999995 -0.00281862 0.000873465 0.00282038 0.999995 -0.00158254 -0.000869533 0.00158546 0.999999 0.0213408 -0.0264855 0.253814
FixedParameters: 0 0 0

#Transform 173
Transform: AffineTransform_float_3_3
Parameters: 0.999996 -0.00301246 0.000423876 0.00301354 0.999994 -0.00128573 -0.000420123 0.00128727 0.999999 0.0208414 -0.0353763 0.245628
FixedParameters: 0 0 0

#Transform 174
Transform: AffineTransform_float_3_3
Parameters: 0.999996 -0.00298731 0.000424901 0.0029877 0.999994 -0.00163974 -0.000420099 0.00164126 0.999998 0.0272897 -0.0432113 0.256552
FixedParameters: 0 0 0

#Transform 175
Transform: AffineTransform_float_3_3
Parameters: 0.999994 -0.00322457 0.000423255 0.00322443 0.999995 -0.00100864 -0.000419745 0.00101036 1 0.0269871 -0.0268411 0.253753
FixedParameters: 0 0 0

#Transform 176
Transform: AffineTransform_float_3_3
Parameters: 0.999996 -0.00298384 0.000685083 0.00298516 0.999994 -0.00170196 -0.000679918 0.00170404 0.999999 0.0238157 -0.0350048 0.25309
FixedParameters: 0 0 0

#Transform 177
Transform: AffineTransform_float_3_3
Parameters: 0.999995 -0.00307 0.000679544 0.003071 0.999994 -0.00147892 -0.000675455 0.00148108 0.999998 0.0237361 -0.0301812 0.263088
FixedParameters: 0 0 0

#Transform 178
Transform: AffineTransform_float_3_3
Parameters: 0.999994 -0.00338723 0.000426133 0.00338876 0.999992 -0.00180957 -0.000419865 0.00181143 0.999999 0.0269203 -0.040406 0.256506
FixedParameters: 0 0 0

#Transform 179
Transform: AffineTransform_float_3_3
Parameters: 0.999994 -0.00320012 0.000872244 0.00320088 0.999995 -0.00101221 -0.000869753 0.00101579 0.999999 0.0144481 -0.0175279 0.264254
FixedParameters: 0 0 0
