#Insight Transform File V1.0
#Transform 0
Transform: AffineTransform_float_3_3
Parameters: 1 0.000310999 -7.55108e-07 -0.000311001 0.999997 -0.002428 2.44889e-07 0.002428 0.999997 -0.0010451 -0.0534691 0.631576
FixedParameters: 0 0 0

#Transform 1
Transform: AffineTransform_float_3_3
Parameters: 0.999999 0.000570813 0.00119872 -0.000566186 0.999992 -0.00401168 -0.00120128 0.00401132 0.999991 -0.0237998 -0.0414762 0.648197
FixedParameters: 0 0 0

#Transform 2
Transform: AffineTransform_float_3_3
Parameters: 0.999999 0.000568988 0.000768798 -0.000566012 0.999993 -0.00388044 -0.000771202 0.00388056 0.999992 -0.0125193 -0.0448849 0.622965
FixedParameters: 0 0 0

#Transform 3
Transform: AffineTransform_float_3_3
Parameters: 1 0.000570792 0.00102334 -0.00056621 0.999989 -0.00467658 -0.00102566 0.00467642 0.999988 -0.0200056 -0.0545077 0.518441
FixedParameters: 0 0 0

#Transform 4
Transform: AffineTransform_float_3_3
Parameters: 1 0.000723094 0.000944882 -0.000718907 0.999991 -0.00432468 -0.000948118 0.00432432 0.99999 -0.0127736 -0.0400329 0.508613
FixedParameters: 0 0 0

#Transform 5
Transform: AffineTransform_float_3_3
Parameters: 1 0.00092184 0.000750305 -0.00091816 0.999986 -0.00510369 -0.000754695 0.0051023 0.999986 -0.011476 -0.0271959 0.495065
FixedParameters: 0 0 0

#Transform 6
Transform: AffineTransform_float_3_3
Parameters: 1 0.00101339 0.000675945 -0.00100961 0.999987 -0.00499769 -0.000681055 0.00499731 0.999988 -0.0214055 -0.0362456 0.491133
FixedParameters: 0 0 0

#Transform 7
Transform: AffineTransform_float_3_3
Parameters: 0.999999 0.00101382 0.000769997 -0.00100918 0.999988 -0.00494478 -0.000775 0.00494422 0.999988 -0.0239164 -0.0308384 0.480821
FixedParameters: 0 0 0

#Transform 8
Transform: AffineTransform_float_3_3
Parameters: 0.999999 0.00118793 0.000885751 -0.00118407 0.999989 -0.00442605 -0.000891249 0.00442494 0.99999 -0.0307975 -0.0636361 0.401511
FixedParameters: 0 0 0

#Transform 9
Transform: AffineTransform_float_3_3
Parameters: 0.999999 0.000863512 0.000880597 -0.000859485 0.999986 -0.00511276 -0.000885405 0.00511123 0.999986 -0.02652 -0.00475091 0.290235
FixedParameters: 0 0 0

#Transform 10
Transform: AffineTransform_float_3_3
Parameters: 0.999999 0.000806325 0.000298443 -0.000804676 0.99999 -0.00441524 -0.000301555 0.00441476 0.99999 -0.0109198 -0.00934706 0.377594
FixedParameters: 0 0 0

#Transform 11
Transform: AffineTransform_float_3_3
Parameters: 0.999999 0.000864227 0.000298468 -0.00086277 0.999992 -0.00408926 -0.00030253 0.00408874 0.999991 -0.0111276 -0.0395487 0.374593
FixedParameters: 0 0 0

#Transform 12
Transform: AffineTransform_float_3_3
Parameters: 0.999999 0.000760241 8.58914e-05 -0.000759758 0.999996 -0.00277407 -8.81079e-05 0.00277393 0.999996 -0.00522059 -0.0529341 0.366606
FixedParameters: 0 0 0

#Transform 13
Transform: AffineTransform_float_3_3
Parameters: 1 0.000379983 -0.000450859 -0.000381017 0.999998 -0.00225683 0.000450141 0.00225717 0.999998 0.0223855 -0.0444229 0.337479
FixedParameters: 0 0 0

#Transform 14
Transform: AffineTransform_float_3_3
Parameters: 0.999999 0.000732349 -0.000186573 -0.000732652 0.999993 -0.00351186 0.000184428 0.00351213 0.999994 0.00210928 -0.0304525 0.303712
FixedParameters: 0 0 0

#Transform 15
Transform: AffineTransform_float_3_3
Parameters: 1 0.00057061 0.00106414 -0.00056839 0.999998 -0.00151261 -0.00106486 0.00151239 0.999999 0.0224174 0.00335401 0.269399
FixedParameters: 0 0 0

#Transform 16
Transform: AffineTransform_float_3_3
Parameters: 0.999999 -0.000105997 0.000962255 9.90043e-05 0.999973 0.0072691 -0.000962745 -0.0072689 0.999973 0.0400552 -0.0230185 -0.537214
FixedParameters: 0 0 0

#Transform 17
Transform: AffineTransform_float_3_3
Parameters: 0.999998 0.000264133 0.00163014 -0.000276867 0.999969 0.00789855 -0.00162786 -0.00789843 0.999967 -0.0774546 -0.087544 -1.20411
FixedParameters: 0 0 0

#Transform 18
Transform: AffineTransform_float_3_3
Parameters: 0.999999 -0.000100807 0.00078677 9.9192e-05 0.999998 0.00229708 -0.00078723 -0.00229692 0.999997 -0.0443491 -0.00542855 -0.342666
FixedParameters: 0 0 0

#Transform 19
Transform: AffineTransform_float_3_3
Parameters: 1 -9.91445e-05 0.000662978 9.88561e-05 1 0.000217066 -0.000663021 -0.000217934 1 -0.0226783 -0.00490511 -0.087038
FixedParameters: 0 0 0

#Transform 20
Transform: AffineTransform_float_3_3
Parameters: 1 -9.89939e-05 6.90087e-05 9.90061e-05 1 -8.79932e-05 -6.89913e-05 8.80068e-05 1 -0.00701577 0.0177996 0.00563418
FixedParameters: 0 0 0

#Transform 21
Transform: AffineTransform_float_3_3
Parameters: 1 -9.8861e-05 0.000623022 9.91389e-05 1 -0.000222938 -0.000622978 0.000223062 1 -0.0215396 0.0281318 -0.136774
FixedParameters: 0 0 0

#Transform 22
Transform: AffineTransform_float_3_3
Parameters: 0.999999 0.000477576 -0.00173184 -0.000477425 1 0.000332827 0.00173116 -0.000332174 0.999999 -0.0205371 -0.00220644 -0.295939
FixedParameters: 0 0 0

#Transform 23
Transform: AffineTransform_float_3_3
Parameters: 1 0.000410635 -0.00104214 -0.000410365 1 -0.000349573 0.00104186 0.000350428 1 -0.0407588 0.00355457 -0.33669
FixedParameters: 0 0 0

#Transform 24
Transform: AffineTransform_float_3_3
Parameters: 1 -5.9268e-05 -0.000609878 5.87316e-05 0.999998 -0.00207904 0.000610123 0.00207896 0.999997 -0.00672946 0.0202936 -0.270433
FixedParameters: 0 0 0

#Transform 25
Transform: AffineTransform_float_3_3
Parameters: 1 -0.000119747 -0.000406075 0.000119253 1 0.000623951 0.000405926 -0.000624048 0.999999 -0.0095486 -0.0201282 -0.223359
FixedParameters: 0 0 0

#Transform 26
Transform: AffineTransform_float_3_3
Parameters: 1 -0.000120164 0.000118834 0.000119835 0.999999 0.00138301 -0.000119166 -0.00138299 0.999999 -0.0361086 -0.0187941 -0.266647
FixedParameters: 0 0 0

#Transform 27
Transform: AffineTransform_float_3_3
Parameters: 1 -0.000119288 -0.000288296 0.000119714 0.999997 0.00247197 0.000288705 -0.00247203 0.999997 -0.021042 -0.00704332 -0.292058
FixedParameters: 0 0 0

#Transform 28
Transform: AffineTransform_float_3_3
Parameters: 1 -0.000462516 -0.000206091 0.000462484 0.999997 0.00235791 0.00020491 -0.0023571 0.999997 -0.0108697 -0.0136828 -0.254921
FixedParameters: 0 0 0

#Transform 29
Transform: AffineTransform_float_3_3
Parameters: 0.999999 -0.000805743 -0.000353875 0.000807257 0.999994 0.00356572 0.000351123 -0.00356628 0.999993 -0.0059836 -0.00426561 -0.202589
FixedParameters: 0 0 0

#Transform 30
Transform: AffineTransform_float_3_3
Parameters: 0.999999 -0.000997308 -0.000777758 0.00100069 0.999988 0.00476123 0.000773244 -0.00476278 0.999989 0.00272164 -0.0106264 -0.102991
FixedParameters: 0 0 0

#Transform 31
Transform: AffineTransform_float_3_3
Parameters: 1 -0.000318849 0.000106454 0.000319151 0.999999 -0.00142497 -0.000105545 0.00142503 0.999999 -0.00636109 0.0752729 -0.225518
FixedParameters: 0 0 0

#Transform 32
Transform: AffineTransform_float_3_3
Parameters: 1 -0.000381348 -0.000403671 0.000380652 0.999999 -0.000863153 0.000403328 0.000862846 0.999999 0.0295357 -0.039423 0.27191
FixedParameters: 0 0 0

#Transform 33
Transform: AffineTransform_float_3_3
Parameters: 0.999998 -0.000444642 0.00202518 0.000450358 0.999997 -0.0026461 -0.00202382 0.00264691 0.999995 0.00138807 -0.0084487 1.61193
FixedParameters: 0 0 0

#Transform 34
Transform: AffineTransform_float_3_3
Parameters: 0.999999 -0.000250557 0.00138531 0.000263439 0.999959 -0.00898864 -0.00138269 0.00898935 0.999958 -0.00126165 -0.0246608 0.805454
FixedParameters: 0 0 0

#Transform 35
Transform: AffineTransform_float_3_3
Parameters: 1 3.6967e-06 0.00108602 8.6964e-06 0.999942 -0.01077 -0.00108597 0.01077 0.999942 -0.0106025 -0.0316741 0.870337
FixedParameters: 0 0 0

#Transform 36
Transform: AffineTransform_float_3_3
Parameters: 0.999999 0.000546273 0.00164362 -0.000536732 0.999981 -0.00624389 -0.00164638 0.00624311 0.999979 -0.0221774 -0.0269829 0.599221
FixedParameters: 0 0 0

#Transform 37
Transform: AffineTransform_float_3_3
Parameters: 0.999998 0.000612104 0.00147548 -0.000605894 0.999992 -0.0041339 -0.00147852 0.0041331 0.999991 -0.0184809 -0.0190004 0.438599
FixedParameters: 0 0 0

#Transform 38
Transform: AffineTransform_float_3_3
Parameters: 0.999999 0.000168441 0.000962233 -0.000163556 0.99999 -0.00461316 -0.000963764 0.00461384 0.999989 -0.00351151 -0.0127091 0.478973
FixedParameters: 0 0 0

#Transform 39
Transform: AffineTransform_float_3_3
Parameters: 1 0.00037988 0.000537978 -0.00037712 0.999985 -0.0053432 -0.000540022 0.00534279 0.999985 0.0022975 -0.0156506 0.457441
FixedParameters: 0 0 0

#Transform 40
Transform: AffineTransform_float_3_3
Parameters: 1 0.000606614 0.00011788 -0.000606384 0.999986 -0.00514507 -0.000121121 0.00514492 0.999987 0.0171731 -0.0208714 0.374428
FixedParameters: 0 0 0

#Transform 41
Transform: AffineTransform_float_3_3
Parameters: 1 0.000606906 0.000147315 -0.000606096 0.999982 -0.00607609 -0.000150685 0.00607591 0.999981 0.0164543 -0.0454009 0.448009
FixedParameters: 0 0 0

#Transform 42
Transform: AffineTransform_float_3_3
Parameters: 1 -0.000329572 0.000821791 0.00033443 0.999986 -0.00539473 -0.000820209 0.00539428 0.999985 0.0017327 -0.0812565 0.395125
FixedParameters: 0 0 0

#Transform 43
Transform: AffineTransform_float_3_3
Parameters: 0.999999 -0.000279988 0.000820346 0.000281012 0.999999 -0.00123377 -0.000819653 0.00123423 0.999999 0.0114804 -0.0842286 0.358127
FixedParameters: 0 0 0

#Transform 44
Transform: AffineTransform_float_3_3
Parameters: 0.999999 -0.000281114 0.00081996 0.000280886 1 0.00013923 -0.000820038 -0.000138769 0.999999 0.00139029 -0.100055 0.327014
FixedParameters: 0 0 0

#Transform 45
Transform: AffineTransform_float_3_3
Parameters: 1 -8.8786e-07 0.000623 1.11214e-06 1 -0.000179999 -0.000623 0.000180001 1 0.0196964 -0.0892647 0.347434
FixedParameters: 0 0 0

#Transform 46
Transform: AffineTransform_float_3_3
Parameters: 1 -8.58225e-05 0.00021807 8.61774e-05 0.999999 -0.000813981 -0.00021793 0.000814018 0.999999 0.0216324 -0.0867404 0.303887
FixedParameters: 0 0 0

#Transform 47
Transform: AffineTransform_float_3_3
Parameters: 1 -0.000137065 0.000623985 0.000136935 1 0.000104085 -0.000624014 -0.000103914 1 0.0132804 -0.0813561 0.270372
FixedParameters: 0 0 0

#Transform 48
Transform: AffineTransform_float_3_3
Parameters: 1 -0.000280936 0.000236076 0.000281063 1 -0.000268934 -0.000235924 0.000269066 1 -0.0100412 -0.0900607 0.220204
FixedParameters: 0 0 0

#Transform 49
Transform: AffineTransform_float_3_3
Parameters: 1 -0.000280227 0.000232934 0.00028177 0.999995 -0.00332694 -0.000231064 0.00332707 0.999995 -0.0241872 -0.0575303 0.23981
FixedParameters: 0 0 0

#Transform 50
Transform: AffineTransform_float_3_3
Parameters: 1 -0.000306246 -0.000368969 0.000304754 0.999995 -0.00337311 0.00037003 0.00337289 0.999994 -0.00153105 -0.0413044 0.297137
FixedParameters: 0 0 0

#Transform 51
Transform: AffineTransform_float_3_3
Parameters: 1 -0.000309633 -0.000208062 0.000309368 0.999996 -0.00303407 0.00020894 0.00303394 0.999996 -0.00638698 -0.037125 0.336386
FixedParameters: 0 0 0

#Transform 52
Transform: AffineTransform_float_3_3
Parameters: 1 -0.000178024 -8.51866e-06 0.000177978 0.999997 -0.002704 8.48129e-06 0.002704 0.999997 -0.00388217 -0.0405125 0.328111
FixedParameters: 0 0 0

#Transform 53
Transform: AffineTransform_float_3_3
Parameters: 1 0.00038794 0.000383061 -0.00038806 1 0.000156851 -0.000382939 -0.000157149 1 -0.0160937 -0.0790435 0.317442
FixedParameters: 0 0 0

#Transform 54
Transform: AffineTransform_float_3_3
Parameters: 0.999992 0.000441897 0.00378926 -0.000477098 0.999957 0.00926726 -0.00378474 -0.00926974 0.99995 0.00141753 0.0230247 -0.400132
FixedParameters: 0 0 0

#Transform 55
Transform: AffineTransform_float_3_3
Parameters: 0.999965 0.001481 0.00815954 -0.001559 0.999953 0.00956061 -0.00814545 -0.00957339 0.999921 -0.0230305 -0.0139019 -0.606073
FixedParameters: 0 0 0

#Transform 56
Transform: AffineTransform_float_3_3
Parameters: 0.999977 0.00114964 0.00667559 -0.00120336 0.999966 0.00814516 -0.00666542 -0.00815286 0.999945 -0.0141545 0.000965742 -0.429362
FixedParameters: 0 0 0

#Transform 57
Transform: AffineTransform_float_3_3
Parameters: 0.999976 0.000737605 0.00686488 -0.000816402 0.999935 0.0114247 -0.00685612 -0.0114293 0.999911 -0.0413622 -0.0235818 -0.435129
FixedParameters: 0 0 0

#Transform 58
Transform: AffineTransform_float_3_3
Parameters: 0.999979 0.00147871 0.00630671 -0.00153629 0.999957 0.0090885 -0.00629329 -0.00909849 0.999939 -0.0398027 0.034164 -0.531684
FixedParameters: 0 0 0

#Transform 59
Transform: AffineTransform_float_3_3
Parameters: 0.999985 0.00104099 0.00527878 -0.00105501 0.999996 0.00265247 -0.00527621 -0.00265753 0.999982 -0.0122397 0.0716758 -0.381196
FixedParameters: 0 0 0

#Transform 60
Transform: AffineTransform_float_3_3
Parameters: 0.999985 0.000821504 0.0054499 -0.000834499 0.999997 0.00229149 -0.0054481 -0.00229551 0.999982 -0.00457219 0.0760126 -0.437785
FixedParameters: 0 0 0

#Transform 61
Transform: AffineTransform_float_3_3
Parameters: 0.999984 0.000851577 0.00563013 -0.000858423 0.999999 0.00131619 -0.00562887 -0.00132081 0.999984 -0.0101061 0.055326 -0.549445
FixedParameters: 0 0 0

#Transform 62
Transform: AffineTransform_float_3_3
Parameters: 0.999979 0.00147794 0.00627081 -0.00149406 0.999995 0.00255668 -0.0062672 -0.00256631 0.999977 -0.0509788 0.0131093 -0.673143
FixedParameters: 0 0 0

#Transform 63
Transform: AffineTransform_float_3_3
Parameters: 0.999981 0.00149928 0.00599871 -0.00151873 0.999994 0.00311895 -0.00599429 -0.00312705 0.999977 -0.044047 0.00865441 -0.638925
FixedParameters: 0 0 0

#Transform 64
Transform: AffineTransform_float_3_3
Parameters: 0.99998 0.00106403 0.00627094 -0.00108696 0.999992 0.00365926 -0.00626706 -0.00366674 0.999973 -0.0624612 -0.00696713 -0.654458
FixedParameters: 0 0 0

#Transform 65
Transform: AffineTransform_float_3_3
Parameters: 0.99999 0.000591045 0.00430229 -0.000570953 0.999989 -0.0046595 -0.0043047 0.0046565 0.99998 -0.0381117 0.0632893 -0.654831
FixedParameters: 0 0 0

#Transform 66
Transform: AffineTransform_float_3_3
Parameters: 0.99999 0.000628045 0.00447042 -0.000601954 0.999983 -0.00582575 -0.00447358 0.00582225 0.999973 -0.062442 0.115296 -0.561635
FixedParameters: 0 0 0

#Transform 67
Transform: AffineTransform_float_3_3
Parameters: 0.999998 0.000160456 0.0022609 -0.000158546 1 -0.00064336 -0.0022611 0.000643639 0.999997 -0.0667546 0.0619672 -0.788238
FixedParameters: 0 0 0

#Transform 68
Transform: AffineTransform_float_3_3
Parameters: 0.999994 -0.000946092 0.00318967 0.000944906 0.999999 0.000344016 -0.00319032 -0.000340983 0.999995 -0.0677243 0.0493777 -0.855571
FixedParameters: 0 0 0

#Transform 69
Transform: AffineTransform_float_3_3
Parameters: 0.999991 -0.000965495 0.00398588 0.000964506 1 0.000125846 -0.00398612 -0.000122153 0.999992 -0.0452678 0.0559807 -0.769341
FixedParameters: 0 0 0

#Transform 70
Transform: AffineTransform_float_3_3
Parameters: 0.999992 -0.00102673 0.00390281 0.00102627 1 0.000188007 -0.00390319 -0.000183994 0.999993 -0.0403292 0.0575769 -0.731998
FixedParameters: 0 0 0

#Transform 71
Transform: AffineTransform_float_3_3
Parameters: 0.999989 -0.000957526 0.00442767 0.000955471 0.999999 0.000347234 -0.00442733 -0.000342764 0.99999 -0.0569128 0.0646562 -0.747683
FixedParameters: 0 0 0

#Transform 72
Transform: AffineTransform_float_3_3
Parameters: 0.999991 -0.000411246 0.00438398 0.000410751 1 5.78013e-05 -0.00438403 -5.51976e-05 0.999991 -0.0471185 0.0645426 -0.708129
FixedParameters: 0 0 0

#Transform 73
Transform: AffineTransform_float_3_3
Parameters: 0.999997 -0.000827665 0.00236582 0.000830335 0.999999 -0.000986039 -0.00236518 0.000987961 0.999996 0.0693262 0.0120745 0.376539
FixedParameters: 0 0 0

#Transform 74
Transform: AffineTransform_float_3_3
Parameters: 0.999997 -0.00102728 0.00250751 0.00106173 0.999903 -0.0138854 -0.0024935 0.0138886 0.999901 0.0632684 -0.0141215 0.790676
FixedParameters: 0 0 0

#Transform 75
Transform: AffineTransform_float_3_3
Parameters: 0.999995 -0.00144209 0.00299953 0.0014779 0.999927 -0.0120036 -0.00298147 0.0120084 0.999924 0.0697563 0.03773 0.814487
FixedParameters: 0 0 0

#Transform 76
Transform: AffineTransform_float_3_3
Parameters: 1 -0.000403196 0.000926436 0.000410801 0.999965 -0.00843963 -0.000922566 0.00843938 0.999964 0.0182338 0.0416781 0.44283
FixedParameters: 0 0 0

#Transform 77
Transform: AffineTransform_float_3_3
Parameters: 0.999999 -0.000570894 0.000682455 0.000575108 0.999981 -0.00603061 -0.000679543 0.00603139 0.999981 0.00639428 0.023166 0.349873
FixedParameters: 0 0 0

#Transform 78
Transform: AffineTransform_float_3_3
Parameters: 0.999998 -0.000489033 0.00195001 0.000496966 0.999991 -0.00408704 -0.00194798 0.00408796 0.999989 0.0249341 0.0117427 0.301532
FixedParameters: 0 0 0

#Transform 79
Transform: AffineTransform_float_3_3
Parameters: 0.999998 -0.000398276 0.00220933 0.000410723 0.999984 -0.00576211 -0.00220667 0.00576289 0.999981 0.0177857 0.0177228 0.216848
FixedParameters: 0 0 0

#Transform 80
Transform: AffineTransform_float_3_3
Parameters: 0.999999 -0.000403319 0.00144317 0.000410681 0.999985 -0.00532641 -0.00144083 0.00532658 0.999985 0.0377754 0.0445495 0.226673
FixedParameters: 0 0 0

#Transform 81
Transform: AffineTransform_float_3_3
Parameters: 0.999998 -0.000399506 0.00158295 0.000411494 0.999973 -0.00726736 -0.00158005 0.00726764 0.999973 0.0339387 0.0398634 0.153882
FixedParameters: 0 0 0

#Transform 82
Transform: AffineTransform_float_3_3
Parameters: 0.999999 -0.000404836 0.000912758 0.000411158 0.999977 -0.00676263 -0.000909239 0.00676337 0.999976 0.0515285 0.0362598 0.153763
FixedParameters: 0 0 0

#Transform 83
Transform: AffineTransform_float_3_3
Parameters: 0.999999 -0.000402024 0.00122598 0.000410977 0.999973 -0.00733051 -0.00122302 0.0073305 0.999973 0.0433774 0.0336421 0.132167
FixedParameters: 0 0 0

#Transform 84
Transform: AffineTransform_float_3_3
Parameters: 0.999999 -0.000292512 0.000762129 0.000297488 0.999974 -0.00721177 -0.000759874 0.00721122 0.999973 0.0550623 0.0137994 0.0682741
FixedParameters: 0 0 0

#Transform 85
Transform: AffineTransform_float_3_3
Parameters: 0.999999 -0.000399893 0.00140421 0.000411105 0.999968 -0.00791843 -0.00140079 0.00791856 0.999967 0.0385682 0.0326742 0.0649776
FixedParameters: 0 0 0

#Transform 86
Transform: AffineTransform_float_3_3
Parameters: 0.999998 -0.000187666 0.00158189 0.000203335 0.999953 -0.00969869 -0.0015801 0.00969931 0.999951 0.0269909 0.0199499 0.0281582
FixedParameters: 0 0 0

#Transform 87
Transform: AffineTransform_float_3_3
Parameters: 1 4.59325e-05 0.00107265 -3.70729e-05 0.999966 -0.00832605 -0.00107235 0.00832596 0.999965 0.0266926 0.00775797 0.0297469
FixedParameters: 0 0 0

#Transform 88
Transform: AffineTransform_float_3_3
Parameters: 1 -4.29739e-05 0.000973389 5.10229e-05 0.999966 -0.00824696 -0.000972613 0.00824705 0.999966 0.0304284 0.0107251 -0.000394192
FixedParameters: 0 0 0

#Transform 89
Transform: AffineTransform_float_3_3
Parameters: 1 -1.24351e-05 0.00101114 2.15637e-05 0.999964 -0.00847098 -0.00101085 0.00847101 0.999963 0.0309995 0.0168462 -0.0323772
FixedParameters: 0 0 0

#Transform 90
Transform: AffineTransform_float_3_3
Parameters: 0.999999 -1.92172e-05 0.000762201 2.5781e-05 0.999961 -0.00889999 -0.000761801 0.00890002 0.99996 0.032689 0.023012 -0.0173287
FixedParameters: 0 0 0

#Transform 91
Transform: AffineTransform_float_3_3
Parameters: 0.999999 0.000298036 0.000867279 -0.000289966 0.999957 -0.00925126 -0.000869719 0.00925074 0.999957 0.0378019 0.036524 -0.00287206
FixedParameters: 0 0 0

#Transform 92
Transform: AffineTransform_float_3_3
Parameters: 1 0.000145229 0.00110771 -0.000134777 0.999958 -0.00922916 -0.00110829 0.00922885 0.999957 0.0354927 0.0219915 -0.00361934
FixedParameters: 0 0 0

#Transform 93
Transform: AffineTransform_float_3_3
Parameters: 0.999998 -0.000131482 0.00157718 0.000144516 0.999963 -0.00857378 -0.00157582 0.00857422 0.999962 0.0333318 -0.00451981 0.135468
FixedParameters: 0 0 0

#Transform 94
Transform: AffineTransform_float_3_3
Parameters: 0.999999 -0.000130076 0.00177735 0.000158918 0.999868 -0.0162827 -0.00177465 0.0162833 0.999866 0.0287619 0.0287636 0.526272
FixedParameters: 0 0 0

#Transform 95
Transform: AffineTransform_float_3_3
Parameters: 0.999999 -0.000118255 0.00142207 0.000140744 0.999872 -0.0160048 -0.00141993 0.0160052 0.999871 0.00738956 0.0424747 0.325063
FixedParameters: 0 0 0

#Transform 96
Transform: AffineTransform_float_3_3
Parameters: 1 4.60195e-05 0.000659608 -3.99769e-05 0.999959 -0.00912303 -0.000660392 0.00912298 0.999958 0.0272665 0.1699 0.592437
FixedParameters: 0 0 0

#Transform 97
Transform: AffineTransform_float_3_3
Parameters: 0.999995 0.000610202 0.00292796 -0.000609798 1 -6.97857e-05 -0.00292804 6.82136e-05 0.999995 0.0666503 -0.175568 1.38685
FixedParameters: 0 0 0

#Transform 98
Transform: AffineTransform_float_3_3
Parameters: 0.999991 0.000302738 0.0042059 -0.00027226 0.999974 -0.00730722 -0.0042081 0.0073058 0.999965 0.0271006 -0.0567963 0.920114
FixedParameters: 0 0 0

#Transform 99
Transform: AffineTransform_float_3_3
Parameters: 0.999996 -5.53923e-05 0.00279971 8.45998e-05 0.999948 -0.0102188 -0.00279828 0.0102192 0.999944 0.0311336 -0.0373746 0.926301
FixedParameters: 0 0 0

#Transform 100
Transform: AffineTransform_float_3_3
Parameters: 0.999996 0.000295133 0.00278765 -0.000271865 0.999965 -0.00829478 -0.00279035 0.0082942 0.999961 0.0111496 -0.0434798 0.81199
FixedParameters: 0 0 0

#Transform 101
Transform: AffineTransform_float_3_3
Parameters: 0.999996 0.000295088 0.00294278 -0.000271919 0.999969 -0.00784284 -0.00294422 0.00784217 0.999965 0.025705 -0.0346903 0.671179
FixedParameters: 0 0 0

#Transform 102
Transform: AffineTransform_float_3_3
Parameters: 0.999997 0.000299994 0.00263997 -0.000272006 0.999944 -0.0105978 -0.00264303 0.0105972 0.999941 0.0381841 0.0167217 0.642637
FixedParameters: 0 0 0

#Transform 103
Transform: AffineTransform_float_3_3
Parameters: 0.999998 0.000427907 0.00207602 -0.000403094 0.999928 -0.0119829 -0.00208098 0.0119821 0.999926 0.0374565 0.00647063 0.63908
FixedParameters: 0 0 0

#Transform 104
Transform: AffineTransform_float_3_3
Parameters: 0.999997 0.000298595 0.00213244 -0.000271399 0.999923 -0.0124606 -0.00213655 0.0124604 0.99992 0.0402814 0.0132349 0.622469
FixedParameters: 0 0 0

#Transform 105
Transform: AffineTransform_float_3_3
Parameters: 0.999999 0.00085389 0.00158799 -0.000835111 0.99993 -0.0118584 -0.00159802 0.0118567 0.999929 0.0438313 0.00485663 0.657708
FixedParameters: 0 0 0

#Transform 106
Transform: AffineTransform_float_3_3
Parameters: 0.999998 0.000720311 0.00154962 -0.000701685 0.999931 -0.0117841 -0.00155838 0.0117839 0.99993 0.0449319 -0.00674222 0.837078
FixedParameters: 0 0 0

#Transform 107
Transform: AffineTransform_float_3_3
Parameters: 0.999999 0.000730376 0.00107268 -0.00072063 0.999962 -0.00871478 -0.00107832 0.00871422 0.999962 0.0492123 -0.0616045 0.522146
FixedParameters: 0 0 0

#Transform 108
Transform: AffineTransform_float_3_3
Parameters: 0.999999 0.00054172 0.000590706 -0.000536278 0.999968 -0.00796132 -0.000595289 0.00796168 0.999968 0.0816826 -0.0408565 0.376162
FixedParameters: 0 0 0

#Transform 109
Transform: AffineTransform_float_3_3
Parameters: 1 -0.000111957 -0.000431243 0.000109038 0.999976 -0.00685005 0.000432757 0.00684995 0.999977 0.0656025 -0.0383737 0.147635
FixedParameters: 0 0 0

#Transform 110
Transform: AffineTransform_float_3_3
Parameters: 1 -0.00032654 -0.000283097 0.000323461 0.99996 -0.00892609 0.000285899 0.00892591 0.99996 0.0698636 0.0476323 0.350252
FixedParameters: 0 0 0

#Transform 111
Transform: AffineTransform_float_3_3
Parameters: 1 -0.000334389 -2.9935e-05 0.00033461 0.999926 -0.012163 3.40724e-05 0.012163 0.999926 0.0959489 0.0485462 0.518479
FixedParameters: 0 0 0

#Transform 112
Transform: AffineTransform_float_3_3
Parameters: 1 -0.000574033 0.000184245 0.000575964 0.999941 -0.0108609 -0.000177755 0.0108611 0.999941 0.05338 -0.00665324 0.326836
FixedParameters: 0 0 0

#Transform 113
Transform: AffineTransform_float_3_3
Parameters: 0.999999 -0.000891181 -2.01741e-05 0.000890821 0.999971 -0.00766002 2.68244e-05 0.00765998 0.99997 0.0671592 -0.0152196 0.12844
FixedParameters: 0 0 0

#Transform 114
Transform: AffineTransform_float_3_3
Parameters: 0.999999 -0.00176996 0.000336895 0.00177204 0.999979 -0.00615141 -0.000326106 0.00615158 0.999981 0.0795081 -0.0128341 0.135308
FixedParameters: 0 0 0

#Transform 115
Transform: AffineTransform_float_3_3
Parameters: 0.999999 -0.00175454 -0.000226349 0.00175345 0.999977 -0.00664341 0.000238655 0.00664359 0.999978 0.0577889 -0.0140303 0.112651
FixedParameters: 0 0 0

#Transform 116
Transform: AffineTransform_float_3_3
Parameters: 0.999999 -0.00132417 -0.000386641 0.00132283 0.999983 -0.00556252 0.000394365 0.00556248 0.999985 0.0600683 0.0136114 0.0899179
FixedParameters: 0 0 0

#Transform 117
Transform: AffineTransform_float_3_3
Parameters: 0.999999 -0.000125946 0.00177897 0.000139054 0.999973 -0.00733977 -0.00177803 0.00734024 0.999972 0.0998124 0.0455708 -0.122793
FixedParameters: 0 0 0

#Transform 118
Transform: AffineTransform_float_3_3
Parameters: 0.999994 -0.000213317 0.0033953 0.00021768 0.999999 -0.00137827 -0.0033947 0.00137973 0.999994 0.174352 -0.0330152 -0.706788
FixedParameters: 0 0 0

#Transform 119
Transform: AffineTransform_float_3_3
Parameters: 0.999998 -0.00119549 -0.00111326 0.00119251 0.999995 -0.00313233 0.00111674 0.00313167 0.999994 0.0377648 -0.0833825 -1.28975
FixedParameters: 0 0 0

#Transform 120
Transform: AffineTransform_float_3_3
Parameters: 0.999993 -0.000303051 -0.00367808 0.00025095 0.9999 -0.014144 0.00368192 0.014143 0.999893 -0.0590071 0.140535 -0.647348
FixedParameters: 0 0 0

#Transform 121
Transform: AffineTransform_float_3_3
Parameters: 0.999997 -0.00190137 -0.00188984 0.00187563 0.999902 -0.0138586 0.00191618 0.0138554 0.999902 0.0669115 0.0375226 0.799177
FixedParameters: 0 0 0

#Transform 122
Transform: AffineTransform_float_3_3
Parameters: 0.999998 -0.0015551 -0.000550962 0.0015459 0.999869 -0.0161469 0.000576034 0.0161451 0.999869 0.00399218 0.0489161 1.02303
FixedParameters: 0 0 0

#Transform 123
Transform: AffineTransform_float_3_3
Parameters: 0.999998 -0.00143873 -0.00122799 0.00141727 0.999845 -0.0175158 0.00125302 0.0175142 0.999846 0.000315044 0.027957 1.00256
FixedParameters: 0 0 0

#Transform 124
Transform: AffineTransform_float_3_3
Parameters: 0.999999 -0.00143618 -0.00109529 0.00141682 0.999849 -0.0173196 0.00111971 0.0173174 0.99985 -0.00301583 -0.0181016 0.895463
FixedParameters: 0 0 0

#Transform 125
Transform: AffineTransform_float_3_3
Parameters: 1 -0.00092657 -0.000578497 0.000918425 0.999893 -0.0146405 0.00059251 0.0146405 0.999892 -0.0181199 -0.0625303 0.801527
FixedParameters: 0 0 0

#Transform 126
Transform: AffineTransform_float_3_3
Parameters: 0.999998 -0.00143207 -0.000912778 0.00141693 0.999866 -0.0163003 0.000936219 0.0162987 0.999866 -0.0200428 -0.0459389 0.818431
FixedParameters: 0 0 0

#Transform 127
Transform: AffineTransform_float_3_3
Parameters: 0.999998 -0.00143273 -0.00081391 0.00141729 0.999819 -0.0190112 0.000840095 0.0190098 0.999819 -0.032458 -0.0272829 0.862852
FixedParameters: 0 0 0

#Transform 128
Transform: AffineTransform_float_3_3
Parameters: 0.999998 -0.00143273 -0.000899415 0.00141728 0.99985 -0.0172533 0.000923588 0.0172517 0.99985 -0.0190902 -0.0576425 0.881731
FixedParameters: 0 0 0

#Transform 129
Transform: AffineTransform_float_3_3
Parameters: 0.999998 -0.00142862 -0.000706981 0.00141738 0.999868 -0.016178 0.000730025 0.016177 0.999869 -0.0303577 -0.0855749 0.874008
FixedParameters: 0 0 0

#Transform 130
Transform: AffineTransform_float_3_3
Parameters: 0.999999 -0.00167307 -0.000759859 0.00165993 0.999856 -0.0168853 0.000788141 0.0168847 0.999857 -0.0133346 -0.0686687 0.865553
FixedParameters: 0 0 0

#Transform 131
Transform: AffineTransform_float_3_3
Parameters: 0.999998 -0.00191133 -0.000796433 0.00189765 0.999843 -0.0176276 0.000830578 0.0176255 0.999845 -0.0210264 -0.0528018 0.923456
FixedParameters: 0 0 0

#Transform 132
Transform: AffineTransform_float_3_3
Parameters: 0.999997 -0.00191574 -0.00104331 0.00189725 0.999842 -0.017674 0.0010777 0.017672 0.999844 -0.0147254 -0.0466265 0.927504
FixedParameters: 0 0 0

#Transform 133
Transform: AffineTransform_float_3_3
Parameters: 0.999999 -0.00159728 -0.000871868 0.00158472 0.999902 -0.0139094 0.000894127 0.0139076 0.999903 -0.00839814 -0.042573 0.829915
FixedParameters: 0 0 0

#Transform 134
Transform: AffineTransform_float_3_3
Parameters: 0.999999 -0.00131108 -6.76292e-05 0.00130992 0.999901 -0.0140171 8.63695e-05 0.0140169 0.999902 0.00725956 0.057874 -0.309906
FixedParameters: 0 0 0

#Transform 135
Transform: AffineTransform_float_3_3
Parameters: 0.999998 -0.00166622 -0.00100833 0.00164679 0.999804 -0.0197287 0.00104069 0.0197273 0.999805 -0.0264837 0.126035 -1.04928
FixedParameters: 0 0 0

#Transform 136
Transform: AffineTransform_float_3_3
Parameters: 0.999997 -0.00168848 -0.00144168 0.00166351 0.999845 -0.0174974 0.00147133 0.0174945 0.999846 -0.0151592 0.140833 -0.699903
FixedParameters: 0 0 0

#Transform 137
Transform: AffineTransform_float_3_3
Parameters: 0.999999 -0.00157407 -0.000998584 0.00155692 0.999857 -0.0168736 0.00102542 0.0168714 0.999857 -0.00242683 0.111452 -0.436142
FixedParameters: 0 0 0

#Transform 138
Transform: AffineTransform_float_3_3
Parameters: 0.999995 -0.00261561 -0.00134414 0.00259039 0.999834 -0.0179986 0.00139084 0.0179954 0.999837 0.00976466 0.113869 -0.280279
FixedParameters: 0 0 0

#Transform 139
Transform: AffineTransform_float_3_3
Parameters: 0.999993 -0.00379546 -0.000239796 0.00379255 0.999948 -0.00954199 0.000275199 0.00954103 0.999955 0.00473415 0.0814243 -0.303742
FixedParameters: 0 0 0

#Transform 140
Transform: AffineTransform_float_3_3
Parameters: 0.999995 -0.00320521 -0.000368067 0.0032008 0.999936 -0.0109062 0.00040293 0.0109048 0.99994 0.00964729 0.0744835 -0.381
FixedParameters: 0 0 0

#Transform 141
Transform: AffineTransform_float_3_3
Parameters: 0.999996 -0.00275225 -0.000556248 0.00274475 0.999917 -0.0126436 0.00059075 0.0126424 0.99992 0.00351989 0.100252 -0.334556
FixedParameters: 0 0 0

#Transform 142
Transform: AffineTransform_float_3_3
Parameters: 0.999997 -0.00215779 -0.000485745 0.0021502 0.999906 -0.0135791 0.000515244 0.0135779 0.999907 -0.00567055 0.0900311 -0.329348
FixedParameters: 0 0 0

#Transform 143
Transform: AffineTransform_float_3_3
Parameters: 0.999998 -0.00196383 -0.000398278 0.00195818 0.999898 -0.0141368 0.000425725 0.0141362 0.9999 0.00609613 0.0935037 -0.348494
FixedParameters: 0 0 0

#Transform 144
Transform: AffineTransform_float_3_3
Parameters: 0.999999 -0.00181573 -0.000383827 0.00181027 0.999894 -0.0144367 0.000410177 0.0144363 0.999895 0.0267253 0.0764523 -0.307964
FixedParameters: 0 0 0

#Transform 145
Transform: AffineTransform_float_3_3
Parameters: 0.999997 -0.0020485 -0.00077527 0.00203649 0.999892 -0.0145536 0.000805722 0.0145524 0.999894 0.0180677 0.084304 -0.209217
FixedParameters: 0 0 0

#Transform 146
Transform: AffineTransform_float_3_3
Parameters: 0.999998 -0.00207492 -0.000269358 0.00207109 0.999903 -0.0138166 0.000297644 0.0138164 0.999904 0.0242392 0.076652 -0.143577
FixedParameters: 0 0 0

#Transform 147
Transform: AffineTransform_float_3_3
Parameters: 0.999998 -0.00206475 -0.000270778 0.00206124 0.999911 -0.0131956 0.000298225 0.0131954 0.999913 0.0212885 0.106447 -0.0787717
FixedParameters: 0 0 0

#Transform 148
Transform: AffineTransform_float_3_3
Parameters: 0.999997 -0.00210662 -0.000271204 0.00210238 0.999916 -0.0127306 0.000297789 0.0127304 0.999919 0.0243897 0.0840985 -0.0381706
FixedParameters: 0 0 0

#Transform 149
Transform: AffineTransform_float_3_3
Parameters: 0.999997 -0.00211467 0.000428231 0.00211933 0.999915 -0.0128601 -0.000400778 0.0128609 0.999917 0.0061034 0.0731965 -0.0833944
FixedParameters: 0 0 0

#Transform 150
Transform: AffineTransform_float_3_3
Parameters: 0.999998 -0.00209868 -0.000270911 0.00209432 0.999915 -0.0129186 0.000298081 0.0129184 0.999917 0.0242192 0.126395 -0.0135802
FixedParameters: 0 0 0

#Transform 151
Transform: AffineTransform_float_3_3
Parameters: 0.999997 -0.0021405 -0.000271696 0.00213649 0.999922 -0.0122986 0.000298297 0.0122974 0.999925 0.0243557 0.109785 0.0217311
FixedParameters: 0 0 0

#Transform 152
Transform: AffineTransform_float_3_3
Parameters: 0.999997 -0.0023437 -0.000687776 0.00233431 0.999903 -0.0137776 0.000719228 0.0137764 0.999905 0.025503 0.111048 0.0749688
FixedParameters: 0 0 0

#Transform 153
Transform: AffineTransform_float_3_3
Parameters: 0.999996 -0.00268878 -0.00128026 0.00266921 0.999881 -0.0152075 0.00132174 0.0152035 0.999883 0.0359239 0.0939648 0.225603
FixedParameters: 0 0 0

#Transform 154
Transform: AffineTransform_float_3_3
Parameters: 0.999996 -0.00271201 -0.000459382 0.002705 0.99989 -0.0146273 0.000498618 0.0146257 0.999893 0.0309717 0.10535 0.226932
FixedParameters: 0 0 0

#Transform 155
Transform: AffineTransform_float_3_3
Parameters: 0.999994 -0.00324307 -0.000546081 0.00323493 0.999895 -0.0141769 0.000591918 0.0141752 0.9999 0.0417851 0.0729224 0.413254
FixedParameters: 0 0 0

#Transform 156
Transform: AffineTransform_float_3_3
Parameters: 0.999996 -0.00293864 0.000722548 0.00294936 0.999887 -0.0147909 -0.000678448 0.0147931 0.999891 0.0300455 0.0586277 0.362901
FixedParameters: 0 0 0

#Transform 157
Transform: AffineTransform_float_3_3
Parameters: 0.999997 -0.00206075 0.000613873 0.00206825 0.999926 -0.0120478 -0.000589125 0.0120482 0.999927 0.0225193 0.0428166 0.0212069
FixedParameters: 0 0 0

#Transform 158
Transform: AffineTransform_float_3_3
Parameters: 0.999995 -0.00278833 0.000873875 0.00279568 0.999957 -0.0089076 -0.000849126 0.00891041 0.99996 0.0253015 0.101493 0.320463
FixedParameters: 0 0 0

#Transform 159
Transform: AffineTransform_float_3_3
Parameters: 0.999994 -0.00327646 0.000410121 0.00328255 0.999848 -0.0171097 -0.000354885 0.0171113 0.999853 0.0301973 0.0287824 1.13535
FixedParameters: 0 0 0

#Transform 160
Transform: AffineTransform_float_3_3
Parameters: 0.999997 -0.00240912 -0.000651754 0.0023969 0.999835 -0.0179956 0.000694243 0.0179934 0.999838 0.0647017 0.0727761 0.911634
FixedParameters: 0 0 0

#Transform 161
Transform: AffineTransform_float_3_3
Parameters: 0.999997 -0.00211432 -0.000401192 0.00210667 0.999845 -0.0174379 0.000438802 0.0174371 0.999848 0.0367472 0.0725407 0.760281
FixedParameters: 0 0 0

#Transform 162
Transform: AffineTransform_float_3_3
Parameters: 0.999999 -0.00141492 -0.000115526 0.00141307 0.999883 -0.0151862 0.000137475 0.0151858 0.999884 0.0272638 0.0501609 0.600234
FixedParameters: 0 0 0

#Transform 163
Transform: AffineTransform_float_3_3
Parameters: 0.999999 -0.00154603 -0.00020528 0.00154497 0.999954 -0.00952733 0.00022073 0.00952767 0.999954 0.0421415 0.0114558 0.392882
FixedParameters: 0 0 0

#Transform 164
Transform: AffineTransform_float_3_3
Parameters: 0.999997 -0.00218697 -0.000249248 0.00218502 0.999968 -0.00766357 0.000266751 0.00766244 0.999971 0.0313955 0.0100135 0.249199
FixedParameters: 0 0 0

#Transform 165
Transform: AffineTransform_float_3_3
Parameters: 0.999997 -0.0022023 -3.43468e-05 0.0022017 0.999973 -0.00710809 4.96508e-05 0.00710791 0.999974 0.0268729 0.0291655 0.18197
FixedParameters: 0 0 0

#Transform 166
Transform: AffineTransform_float_3_3
Parameters: 0.999998 -0.0022592 0.000365316 0.0022608 0.999985 -0.00500619 -0.000354686 0.00500682 0.999988 0.0228558 0.0389265 0.179891
FixedParameters: 0 0 0

#Transform 167
Transform: AffineTransform_float_3_3
Parameters: 0.999998 -0.00226291 -0.000435198 0.00226109 0.999988 -0.00433399 0.000444803 0.004333 0.99999 0.0181279 0.0313249 0.192278
FixedParameters: 0 0 0

#Transform 168
Transform: AffineTransform_float_3_3
Parameters: 0.999998 -0.00226476 -0.000586668 0.00226124 0.999978 -0.00633434 0.000601333 0.00633266 0.99998 0.0349799 0.0982108 -0.0617534
FixedParameters: 0 0 0

#Transform 169
Transform: AffineTransform_float_3_3
Parameters: 0.999998 -0.000875586 -0.00165731 0.000857417 0.999937 -0.0111824 0.00166669 0.0111806 0.999936 -0.00681202 0.111085 -0.555709
FixedParameters: 0 0 0

#Transform 170
Transform: AffineTransform_float_3_3
Parameters: 0.999995 -0.00231637 -0.00180221 0.00230362 0.999974 -0.00683618 0.00181879 0.00683282 0.999975 0.0258783 0.137176 -0.593385
FixedParameters: 0 0 0

#Transform 171
Transform: AffineTransform_float_3_3
Parameters: 0.999991 -0.00371642 0.00170108 0.00371658 0.999993 0.000249324 -0.00170191 -0.000242677 0.999998 0.259509 0.0343478 -0.384498
FixedParameters: 0 0 0

#Transform 172
Transform: AffineTransform_float_3_3
Parameters: 0.999998 0.000263287 0.00188179 -0.00024671 0.999962 -0.00865047 -0.0018842 0.00864951 0.999961 -0.108418 0.0516675 -0.891825
FixedParameters: 0 0 0

#Transform 173
Transform: AffineTransform_float_3_3
Parameters: 0.999987 -0.00250045 -0.00460541 0.00240356 0.999775 -0.0210453 0.0046566 0.0210346 0.999768 0.0644074 0.0933295 0.709643
FixedParameters: 0 0 0

#Transform 174
Transform: AffineTransform_float_3_3
Parameters: 0.999985 -0.00233485 -0.00486625 0.00226115 0.999883 -0.0151262 0.00490075 0.0151158 0.999873 0.0592311 0.137429 -0.115481
FixedParameters: 0 0 0

#Transform 175
Transform: AffineTransform_float_3_3
Parameters: 0.999992 -0.0023118 -0.00340823 0.0022182 0.999625 -0.0272738 0.00346978 0.0272652 0.999622 0.0341049 -0.0406831 1.0154
FixedParameters: 0 0 0

#Transform 176
Transform: AffineTransform_float_3_3
Parameters: 0.999996 -0.00183903 -0.00178465 0.00179896 0.999753 -0.0221793 0.00182535 0.0221757 0.999753 0.07787 -0.0303591 1.1753
FixedParameters: 0 0 0

#Transform 177
Transform: AffineTransform_float_3_3
Parameters: 0.999995 -0.00134901 -0.00263585 0.00127799 0.999641 -0.0267575 0.00267115 0.0267535 0.999639 -0.012434 0.158158 0.438379
FixedParameters: 0 0 0

#Transform 178
Transform: AffineTransform_float_3_3
Parameters: 1 -0.00068048 -0.000794727 0.000661514 0.999706 -0.0242596 0.000811287 0.0242585 0.999706 0.020571 0.0437391 0.725211
FixedParameters: 0 0 0

#Transform 179
Transform: AffineTransform_float_3_3
Parameters: 0.999998 -0.00146875 -0.00178928 0.00140626 0.999401 -0.0345796 0.00183873 0.0345774 0.999401 0.00167551 0.0199709 0.962787
FixedParameters: 0 0 0
