#Insight Transform File V1.0
#Transform 0
Transform: AffineTransform_float_3_3
Parameters: 0.999999 0.00120176 0.000722736 -0.00120124 0.999998 -0.00105287 -0.000724265 0.00105213 0.999999 0.0193868 0.030989 0.239911
FixedParameters: 0 0 0

#Transform 1
Transform: AffineTransform_float_3_3
Parameters: 0.999998 0.00217538 0.000533558 -0.00217563 0.999997 0.00117484 -0.000530443 -0.00117616 0.999999 -0.0506291 0.00414676 0.183494
FixedParameters: 0 0 0

#Transform 2
Transform: AffineTransform_float_3_3
Parameters: 0.999999 0.001468 6.34176e-07 -0.001468 0.999999 0.000431999 -3.65823e-07 -0.000432001 1 -0.027692 0.0254294 0.315179
FixedParameters: 0 0 0

#Transform 3
Transform: AffineTransform_float_3_3
Parameters: 0.999999 0.00125112 -0.000909218 -0.00125188 0.999998 -0.000972863 0.000907783 0.000973137 0.999999 -0.00264972 0.0100623 0.293153
FixedParameters: 0 0 0

#Transform 4
Transform: AffineTransform_float_3_3
Parameters: 1 0.000489464 -0.000444591 -0.000489535 0.999999 -0.00120678 0.000443409 0.00120722 0.999999 -0.01289 0.0304938 0.204985
FixedParameters: 0 0 0

#Transform 5
Transform: AffineTransform_float_3_3
Parameters: 0.999998 0.000488152 -0.00153059 -0.000489847 0.999999 -0.00120625 0.00153041 0.00120775 0.999998 0.0495801 0.00421773 0.144474
FixedParameters: 0 0 0

#Transform 6
Transform: AffineTransform_float_3_3
Parameters: 1 0.000930043 -0.00065037 -0.000930958 0.999998 -0.00147239 0.000649629 0.0014736 0.999998 0.0468465 -0.00946589 0.0803352
FixedParameters: 0 0 0

#Transform 7
Transform: AffineTransform_float_3_3
Parameters: 1 0.000489341 -0.000393821 -0.000489658 0.999999 -0.00167681 0.00039218 0.00167619 0.999998 0.0421807 0.0197039 0.13487
FixedParameters: 0 0 0

#Transform 8
Transform: AffineTransform_float_3_3
Parameters: 1 0.00108537 -0.000343991 -0.00108663 0.999997 -0.00183363 0.000342009 0.00183337 0.999999 0.0331146 0.0103556 0.13455
FixedParameters: 0 0 0

#Transform 9
Transform: AffineTransform_float_3_3
Parameters: 0.999999 0.00176427 -0.000396255 -0.00176473 0.999996 -0.0018443 0.000392744 0.0018457 0.999998 0.0394896 -0.00367714 0.119472
FixedParameters: 0 0 0

#Transform 10
Transform: AffineTransform_float_3_3
Parameters: 0.999999 0.00102597 -0.00156199 -0.00102903 0.999997 -0.0019384 0.00156001 0.0019396 0.999997 0.0548146 0.0086922 0.146973
FixedParameters: 0 0 0

#Transform 11
Transform: AffineTransform_float_3_3
Parameters: 0.999999 0.000636556 -0.000642434 -0.000637443 0.999998 -0.00224959 0.000640567 0.00225041 0.999998 0.0639302 -0.000547351 0.214715
FixedParameters: 0 0 0

#Transform 12
Transform: AffineTransform_float_3_3
Parameters: 1 0.000234468 0.000128147 -0.000233532 0.999994 -0.00364303 -0.000128852 0.00364297 0.999994 0.0458678 0.0530028 0.214319
FixedParameters: 0 0 0

#Transform 13
Transform: AffineTransform_float_3_3
Parameters: 1 0.000226311 -0.000374027 -0.000227688 0.99999 -0.00452091 0.000372974 0.00452108 0.999989 0.0590379 0.0568927 0.0689078
FixedParameters: 0 0 0

#Transform 14
Transform: AffineTransform_float_3_3
Parameters: 1 0.000317529 0.000156934 -0.000317471 0.999995 -0.00336105 -0.000158068 0.00336095 0.999995 0.0540441 0.0284232 0.137455
FixedParameters: 0 0 0

#Transform 15
Transform: AffineTransform_float_3_3
Parameters: 0.999999 0.000719639 0.000155066 -0.000719362 0.999992 -0.00407911 -0.000157935 0.00407889 0.999991 0.0357111 0.0238943 0.0340986
FixedParameters: 0 0 0

#Transform 16
Transform: AffineTransform_float_3_3
Parameters: 1 0.00101848 0.000154863 -0.00101752 0.999994 -0.00308116 -0.000158136 0.00308084 0.999995 0.0376875 0.0197707 0.0833723
FixedParameters: 0 0 0

#Transform 17
Transform: AffineTransform_float_3_3
Parameters: 1 0.000628399 -0.000251505 -0.000628601 0.999997 -0.00239384 0.000250496 0.00239416 0.999997 0.0394936 0.0657492 0.231523
FixedParameters: 0 0 0

#Transform 18
Transform: AffineTransform_float_3_3
Parameters: 0.999999 0.00142255 -0.000162947 -0.00142245 0.999995 -0.00277377 0.000159055 0.00277423 0.999996 -0.024223 0.0439658 -0.010868
FixedParameters: 0 0 0

#Transform 19
Transform: AffineTransform_float_3_3
Parameters: 1 0.000925544 0.000707987 -0.000924457 0.999997 -0.00217766 -0.000710014 0.00217635 0.999998 -0.0133862 0.0502086 0.0612801
FixedParameters: 0 0 0

#Transform 20
Transform: AffineTransform_float_3_3
Parameters: 1 -0.000167996 7.30099e-05 0.000168004 1 -5.89877e-05 -7.29901e-05 5.90123e-05 1 -0.00430264 -0.00115359 -0.00413031
FixedParameters: 0 0 0

#Transform 21
Transform: AffineTransform_float_3_3
Parameters: 0.999999 0.000830805 0.000285568 -0.000831195 1 0.000683763 -0.000284432 -0.000683237 0.999999 0.023364 0.0147361 0.0255486
FixedParameters: 0 0 0

#Transform 22
Transform: AffineTransform_float_3_3
Parameters: 0.999999 0.00137523 0.000283865 -0.00137476 0.999998 -0.000825391 -0.000285134 0.000824608 0.999999 -0.0232863 0.0564519 0.0773985
FixedParameters: 0 0 0

#Transform 23
Transform: AffineTransform_float_3_3
Parameters: 0.999998 0.00165185 -0.0010039 -0.00165315 0.999998 -0.00114834 0.0010011 0.00114966 0.999999 -0.00480897 0.0490593 0.100778
FixedParameters: 0 0 0

#Transform 24
Transform: AffineTransform_float_3_3
Parameters: 0.999997 0.00153692 -0.00201482 -0.00153808 0.999998 -0.000532902 0.00201418 0.000536097 0.999998 0.0309831 0.0263899 0.0834492
FixedParameters: 0 0 0

#Transform 25
Transform: AffineTransform_float_3_3
Parameters: 0.999998 0.00134783 -0.00187101 -0.00135217 0.999996 -0.00223047 0.00186799 0.00223252 0.999996 0.0513293 0.031945 0.0549947
FixedParameters: 0 0 0

#Transform 26
Transform: AffineTransform_float_3_3
Parameters: 0.999996 0.00233833 -0.00149162 -0.00233967 0.999996 -0.00111651 0.00148939 0.00111949 0.999999 0.021569 0.010948 0.0307923
FixedParameters: 0 0 0

#Transform 27
Transform: AffineTransform_float_3_3
Parameters: 0.999997 0.00125247 -0.00174466 -0.00125153 0.999999 0.000270184 0.00174534 -0.000267815 0.999999 0.00861627 0.00655639 -0.0747378
FixedParameters: 0 0 0

#Transform 28
Transform: AffineTransform_float_3_3
Parameters: 0.999998 0.0012548 -0.00155475 -0.0012512 0.999997 0.00179995 0.00155725 -0.00179805 0.999997 -0.00937795 0.00495979 0.0239942
FixedParameters: 0 0 0

#Transform 29
Transform: AffineTransform_float_3_3
Parameters: 0.999999 0.000827623 -0.00125059 -0.000826378 1 0.000498034 0.00125141 -0.000496965 0.999999 -0.0192538 0.0226261 0.0132972
FixedParameters: 0 0 0

#Transform 30
Transform: AffineTransform_float_3_3
Parameters: 0.999999 0.000964033 -0.000895043 -0.000964968 0.999999 -0.00108114 0.000893957 0.00108186 0.999999 -0.014992 0.0353439 0.0471912
FixedParameters: 0 0 0

#Transform 31
Transform: AffineTransform_float_3_3
Parameters: 0.999996 0.00253012 -0.000852598 -0.00253087 0.999997 -0.00102585 0.000850401 0.00102816 0.999999 -0.0595633 0.0170955 0.02565
FixedParameters: 0 0 0

#Transform 32
Transform: AffineTransform_float_3_3
Parameters: 0.999998 0.00196903 1.88318e-05 -0.00196897 0.999997 -0.00160904 -2.11681e-05 0.00160896 0.999998 -0.0512223 0.0281278 0.11191
FixedParameters: 0 0 0

#Transform 33
Transform: AffineTransform_float_3_3
Parameters: 0.999999 0.00180753 -0.000206152 -0.00180747 0.999995 -0.00229663 0.00020185 0.00229637 0.999998 -0.0471389 0.0292733 0.0890442
FixedParameters: 0 0 0

#Transform 34
Transform: AffineTransform_float_3_3
Parameters: 1 0.000125523 -0.000202297 -0.000125476 0.999997 -0.00235998 0.000201704 0.00236003 0.999997 -0.0105309 0.0137411 0.130945
FixedParameters: 0 0 0

#Transform 35
Transform: AffineTransform_float_3_3
Parameters: 0.999998 0.00117967 -0.00190283 -0.00118133 0.999999 -0.000699754 0.00190217 0.000702246 0.999998 0.0327097 0.00782353 0.207058
FixedParameters: 0 0 0

#Transform 36
Transform: AffineTransform_float_3_3
Parameters: 0.999996 0.00101622 -0.0023629 -0.00101578 1 9.54006e-05 0.0023631 -9.25989e-05 0.999997 0.0359091 0.0210201 0.222418
FixedParameters: 0 0 0

#Transform 37
Transform: AffineTransform_float_3_3
Parameters: 0.999995 0.00104431 -0.00276426 -0.00104469 1 -0.000247113 0.00276374 0.000249887 0.999996 -0.00107178 0.0277907 0.124495
FixedParameters: 0 0 0

#Transform 38
Transform: AffineTransform_float_3_3
Parameters: 0.999994 0.000562157 -0.00336532 -0.000569843 0.999997 -0.0023301 0.00336368 0.0023319 0.999991 -0.0119033 0.095054 0.0455822
FixedParameters: 0 0 0

#Transform 39
Transform: AffineTransform_float_3_3
Parameters: 0.999999 0.000495651 -0.00123614 -0.000496348 1 -0.000281387 0.00123586 0.000282613 0.999999 -0.0104813 0.0402219 0.00443144
FixedParameters: 0 0 0

#Transform 40
Transform: AffineTransform_float_3_3
Parameters: 0.999999 0.000859164 -0.000105678 -0.000859836 0.999999 0.00153909 0.000107323 -0.00153891 0.999999 -0.0419639 0.0189188 0.120418
FixedParameters: 0 0 0

#Transform 41
Transform: AffineTransform_float_3_3
Parameters: 0.999999 0.000608921 -0.00115704 -0.000609079 1 -6.82953e-05 0.00115696 6.87046e-05 1 0.000663008 0.0344361 0.095998
FixedParameters: 0 0 0

#Transform 42
Transform: AffineTransform_float_3_3
Parameters: 0.999998 0.00110799 -0.00127801 -0.00110801 1 -6.58397e-06 0.00127799 7.41602e-06 0.999999 -0.0113524 0.0116149 0.0874467
FixedParameters: 0 0 0

#Transform 43
Transform: AffineTransform_float_3_3
Parameters: 0.999998 0.00100161 -0.00137128 -0.00100139 1 -0.000283627 0.00137172 0.000284374 0.999999 0.0126777 -0.0158913 0.097686
FixedParameters: 0 0 0

#Transform 44
Transform: AffineTransform_float_3_3
Parameters: 0.999997 0.00100112 -0.00227339 -0.00100189 1 -0.000388724 0.00227361 0.000390278 0.999998 0.0043673 -0.0438152 -0.0301211
FixedParameters: 0 0 0

#Transform 45
Transform: AffineTransform_float_3_3
Parameters: 0.999998 0.00136675 -0.00141125 -0.00136725 0.999999 -0.000179071 0.00141175 0.00018093 0.999999 0.0129705 -0.0373378 0.0245001
FixedParameters: 0 0 0

#Transform 46
Transform: AffineTransform_float_3_3
Parameters: 0.999999 0.00111181 -0.00145114 -0.00111219 1 -0.000128386 0.00145086 0.000129613 0.999999 0.0146443 -0.036303 0.0193499
FixedParameters: 0 0 0

#Transform 47
Transform: AffineTransform_float_3_3
Parameters: 0.999998 0.00131962 -0.000983515 -0.00132038 0.999999 -0.000389702 0.000982486 0.000390297 1 0.0221298 -0.0289787 -0.0164988
FixedParameters: 0 0 0

#Transform 48
Transform: AffineTransform_float_3_3
Parameters: 0.999999 0.00100213 -0.000916861 -0.00100187 1 0.000138919 0.000917138 -0.000138081 0.999999 0.0177108 -0.031479 0.0482846
FixedParameters: 0 0 0

#Transform 49
Transform: AffineTransform_float_3_3
Parameters: 1 0.0005771 -0.000237756 -0.0005779 0.999999 0.000422137 0.000237244 -0.000421863 1 0.000667594 -0.0299078 0.11845
FixedParameters: 0 0 0

#Transform 50
Transform: AffineTransform_float_3_3
Parameters: 1 0.000948655 -0.000334979 -0.000948346 0.999999 -0.00103168 0.000334022 0.00103232 1 0.0022877 0.00478959 0.0669103
FixedParameters: 0 0 0

#Transform 51
Transform: AffineTransform_float_3_3
Parameters: 0.999999 0.00100177 -0.000182246 -0.00100123 0.999998 -0.00124382 0.000181754 0.00124418 0.999999 0.0243758 0.0163013 0.118635
FixedParameters: 0 0 0

#Transform 52
Transform: AffineTransform_float_3_3
Parameters: 0.999999 0.00100193 -5.43326e-05 -0.00100207 0.999998 -0.00132995 5.26672e-05 0.00133005 0.999999 0.0281733 0.0345898 0.132464
FixedParameters: 0 0 0

#Transform 53
Transform: AffineTransform_float_3_3
Parameters: 0.999999 0.00127598 -0.000649007 -0.00127702 0.999998 -0.00157217 0.000646992 0.00157283 0.999998 0.0462354 0.0156274 0.0599971
FixedParameters: 0 0 0

#Transform 54
Transform: AffineTransform_float_3_3
Parameters: 0.999999 0.00065075 -0.000315414 -0.000649246 0.999984 0.0055172 0.000319587 -0.00551679 0.999984 0.0272337 -0.0658879 0.0888395
FixedParameters: 0 0 0

#Transform 55
Transform: AffineTransform_float_3_3
Parameters: 0.999999 -0.00161666 -0.000924402 0.00162234 0.999982 0.00580551 0.000914595 -0.00580749 0.999982 0.0916555 -0.0940462 -0.0338081
FixedParameters: 0 0 0

#Transform 56
Transform: AffineTransform_float_3_3
Parameters: 0.999998 0.000394081 -0.0018801 -0.00037992 0.999972 0.00748373 0.0018829 -0.00748327 0.99997 0.0281404 -0.120959 -0.0695474
FixedParameters: 0 0 0

#Transform 57
Transform: AffineTransform_float_3_3
Parameters: 1 0.000130132 -0.00041634 -0.00012787 0.999987 0.00511605 0.00041666 -0.00511594 0.999987 0.00621896 -0.0608071 -0.0257683
FixedParameters: 0 0 0

#Transform 58
Transform: AffineTransform_float_3_3
Parameters: 0.999999 0.00042849 -0.00125013 -0.000423512 0.999991 0.00438753 0.00125187 -0.00438747 0.999989 -0.00616745 -0.0433614 -0.0947775
FixedParameters: 0 0 0

#Transform 59
Transform: AffineTransform_float_3_3
Parameters: 0.999999 2.10948e-05 -0.000910914 -1.69048e-05 0.99999 0.00449501 0.000911084 -0.00449498 0.999989 -0.0318634 -0.0210651 -0.0711969
FixedParameters: 0 0 0

#Transform 60
Transform: AffineTransform_float_3_3
Parameters: 0.999998 -0.000471035 -0.00161205 0.000477965 0.999991 0.00432324 0.00160995 -0.00432377 0.99999 0.00942461 -0.0159844 0.00891525
FixedParameters: 0 0 0

#Transform 61
Transform: AffineTransform_float_3_3
Parameters: 0.999997 -0.000713494 -0.00233916 0.000727506 0.999983 0.00577831 0.00233483 -0.00577968 0.99998 0.050753 -0.0537033 -0.00993594
FixedParameters: 0 0 0

#Transform 62
Transform: AffineTransform_float_3_3
Parameters: 0.999997 -0.000965209 -0.00234199 0.00098179 0.999973 0.00717873 0.00233501 -0.00718128 0.999972 0.0591445 -0.0560704 0.124872
FixedParameters: 0 0 0

#Transform 63
Transform: AffineTransform_float_3_3
Parameters: 0.999999 -0.000973056 -0.00153272 0.000981948 0.999983 0.00584651 0.00152729 -0.0058475 0.999981 0.0377002 -0.0492778 0.100271
FixedParameters: 0 0 0

#Transform 64
Transform: AffineTransform_float_3_3
Parameters: 0.999998 -0.00142054 -0.00087295 0.00142646 0.999979 0.00628776 0.000864046 -0.00628924 0.99998 0.0557943 -0.0607298 0.179273
FixedParameters: 0 0 0

#Transform 65
Transform: AffineTransform_float_3_3
Parameters: 0.999999 -0.00136314 -0.000776806 0.00136685 0.999986 0.00498494 0.000769195 -0.00498605 0.999988 0.0530398 -0.0569769 0.208484
FixedParameters: 0 0 0

#Transform 66
Transform: AffineTransform_float_3_3
Parameters: 0.999999 0.00108346 -0.0010675 -0.00108053 0.999997 0.00230616 0.00107049 -0.00230484 0.999997 0.0720675 -0.0351042 0.0760345
FixedParameters: 0 0 0

#Transform 67
Transform: AffineTransform_float_3_3
Parameters: 1 -0.000831537 -0.000567153 0.000832465 0.999997 0.00258653 0.000564849 -0.00258647 0.999997 0.0642463 -0.000965062 0.0966306
FixedParameters: 0 0 0

#Transform 68
Transform: AffineTransform_float_3_3
Parameters: 0.999998 -0.0018234 -0.00147098 0.0018256 0.999997 0.00108632 0.00146902 -0.00108868 0.999999 0.0780894 -0.0276632 -0.021903
FixedParameters: 0 0 0

#Transform 69
Transform: AffineTransform_float_3_3
Parameters: 0.999999 -0.00146587 -0.00108154 0.00146713 0.999999 0.00104642 0.00107946 -0.00104858 0.999999 0.0467667 -0.0105417 0.026527
FixedParameters: 0 0 0

#Transform 70
Transform: AffineTransform_float_3_3
Parameters: 0.999999 -0.00125863 -0.000779221 0.00126037 0.999997 0.00176302 0.000776779 -0.00176398 0.999998 0.0301159 -0.0291242 0.0216976
FixedParameters: 0 0 0

#Transform 71
Transform: AffineTransform_float_3_3
Parameters: 0.999999 -0.00139443 -0.000231439 0.00139557 0.999996 0.00246568 0.000228559 -0.00246632 0.999997 0.0306111 -0.0370103 0.0266805
FixedParameters: 0 0 0

#Transform 72
Transform: AffineTransform_float_3_3
Parameters: 0.999999 -0.000756024 0.000720881 0.000753974 0.999996 0.00280554 -0.000723117 -0.00280445 0.999996 -0.0195159 -0.0702808 0.00595605
FixedParameters: 0 0 0

#Transform 73
Transform: AffineTransform_float_3_3
Parameters: 0.999998 -0.00167856 0.00018495 0.00167744 0.999994 0.00300932 -0.000190048 -0.00300869 0.999996 0.0242479 -0.0426259 0.0169583
FixedParameters: 0 0 0

#Transform 74
Transform: AffineTransform_float_3_3
Parameters: 0.999998 -0.00189316 -0.000342669 0.00189384 0.999995 0.00246536 0.000338332 -0.00246565 0.999997 0.0323771 -0.0529705 -0.0382372
FixedParameters: 0 0 0

#Transform 75
Transform: AffineTransform_float_3_3
Parameters: 0.999997 -0.00220865 -0.00013684 0.00220935 0.999994 0.00264371 0.000131161 -0.0026433 0.999997 0.0469194 -0.043354 -0.10506
FixedParameters: 0 0 0

#Transform 76
Transform: AffineTransform_float_3_3
Parameters: 0.999996 -0.00259845 0.000118407 0.00259755 0.99999 0.00369232 -0.000127593 -0.00369268 0.999993 0.0702053 -0.0720161 0.0261126
FixedParameters: 0 0 0

#Transform 77
Transform: AffineTransform_float_3_3
Parameters: 0.999995 -0.00313642 -0.000350496 0.00313859 0.999985 0.00461993 0.000336502 -0.00462108 0.99999 0.0921761 -0.0742834 -0.0211456
FixedParameters: 0 0 0

#Transform 78
Transform: AffineTransform_float_3_3
Parameters: 0.999996 -0.00286576 -0.00024691 0.00286625 0.999983 0.00520132 0.000232095 -0.00520169 0.999987 0.0858299 -0.0786289 -0.0275607
FixedParameters: 0 0 0

#Transform 79
Transform: AffineTransform_float_3_3
Parameters: 0.999996 -0.00300203 0.000695029 0.00299897 0.999986 0.00432411 -0.000707971 -0.0043219 0.999991 0.0762027 -0.0732187 -0.0963596
FixedParameters: 0 0 0

#Transform 80
Transform: AffineTransform_float_3_3
Parameters: 0.999998 -0.00211452 -0.000995583 0.00211948 0.999988 0.00452591 0.000985416 -0.0045281 0.99999 0.118792 -0.0438655 0.127822
FixedParameters: 0 0 0

#Transform 81
Transform: AffineTransform_float_3_3
Parameters: 0.999997 -0.00195055 -0.0018717 0.00195545 0.999994 0.00291535 0.0018653 -0.00291965 0.999994 0.165239 -0.0242542 0.185764
FixedParameters: 0 0 0

#Transform 82
Transform: AffineTransform_float_3_3
Parameters: 0.999997 -0.00236861 -0.000123779 0.00236939 0.999992 0.00328371 0.000115222 -0.00328328 0.999994 0.129999 -0.0349731 0.152327
FixedParameters: 0 0 0

#Transform 83
Transform: AffineTransform_float_3_3
Parameters: 0.999993 -0.00367473 -0.00130806 0.00367927 0.999988 0.00327621 0.00129595 -0.00328079 0.999994 0.155076 -0.0211051 0.129114
FixedParameters: 0 0 0

#Transform 84
Transform: AffineTransform_float_3_3
Parameters: 0.999992 -0.0039792 -0.00103356 0.0039768 0.99999 -0.00212313 0.00104144 0.00211887 0.999997 0.149235 0.0483073 -0.000734564
FixedParameters: 0 0 0

#Transform 85
Transform: AffineTransform_float_3_3
Parameters: 0.999995 -0.00317771 -0.000346667 0.00317729 0.999994 0.000838902 0.000344332 -0.000840098 0.999999 0.113928 0.0272751 0.0195509
FixedParameters: 0 0 0

#Transform 86
Transform: AffineTransform_float_3_3
Parameters: 0.99999 -0.00416271 -0.0012386 0.00416229 0.999991 -0.000578161 0.00124039 0.000572842 0.999999 0.135926 0.0509799 -0.021832
FixedParameters: 0 0 0

#Transform 87
Transform: AffineTransform_float_3_3
Parameters: 0.99999 -0.00437968 -0.00144207 0.00438232 0.999989 0.0016097 0.00143494 -0.0016153 0.999997 0.161163 -0.00306511 -0.0821865
FixedParameters: 0 0 0

#Transform 88
Transform: AffineTransform_float_3_3
Parameters: 0.999986 -0.0052662 -0.000808704 0.0052668 0.999986 -0.000248263 0.000810301 0.000244736 1 0.146594 0.00991858 0.024176
FixedParameters: 0 0 0

#Transform 89
Transform: AffineTransform_float_3_3
Parameters: 0.999985 -0.0054721 -0.000488926 0.0054719 0.999985 -0.000197678 0.000490071 0.000194321 1 0.122429 0.0332031 0.0530267
FixedParameters: 0 0 0

#Transform 90
Transform: AffineTransform_float_3_3
Parameters: 0.999986 -0.00529933 -0.000946154 0.00529967 0.999986 -0.00035102 0.000947848 0.000345982 1 0.129269 0.0274258 0.0442887
FixedParameters: 0 0 0

#Transform 91
Transform: AffineTransform_float_3_3
Parameters: 0.999992 -0.00412509 -0.000385089 0.00412492 0.999992 -0.00022159 0.000385908 0.00021941 1 0.107006 0.0260798 0.00623735
FixedParameters: 0 0 0

#Transform 92
Transform: AffineTransform_float_3_3
Parameters: 0.999992 -0.00414396 -0.000311569 0.00414405 0.999992 0.00013671 0.00031043 -0.000138288 1 0.108895 0.0115926 0.0763563
FixedParameters: 0 0 0

#Transform 93
Transform: AffineTransform_float_3_3
Parameters: 0.999994 -0.0034878 -0.000471458 0.0034882 0.999994 0.000417358 0.000469542 -0.00041864 1 0.109978 0.00710699 0.0424909
FixedParameters: 0 0 0

#Transform 94
Transform: AffineTransform_float_3_3
Parameters: 0.999994 -0.00348343 -0.00104391 0.00348457 0.999994 0.000547366 0.00104208 -0.000551634 1 0.114857 0.00266874 -0.013818
FixedParameters: 0 0 0

#Transform 95
Transform: AffineTransform_float_3_3
Parameters: 0.999991 -0.00428214 -0.000907108 0.00428387 0.999991 0.000957124 0.000903893 -0.00096088 0.999999 0.115917 0.0188284 0.0925751
FixedParameters: 0 0 0

#Transform 96
Transform: AffineTransform_float_3_3
Parameters: 0.999993 -0.0036811 7.34718e-05 0.00368091 0.999993 0.00123028 -7.85271e-05 -0.00122972 0.999999 0.100116 0.00598651 0.0710626
FixedParameters: 0 0 0

#Transform 97
Transform: AffineTransform_float_3_3
Parameters: 0.999997 -0.00269473 -0.00030444 0.00269527 0.999996 0.000905182 0.00030156 -0.000905816 0.999999 0.0983639 0.0147327 -0.00708692
FixedParameters: 0 0 0

#Transform 98
Transform: AffineTransform_float_3_3
Parameters: 0.999993 -0.0036888 -0.000623135 0.0036902 0.999992 0.00193271 0.000615864 -0.00193529 0.999998 0.11641 -0.000828041 0.0520761
FixedParameters: 0 0 0

#Transform 99
Transform: AffineTransform_float_3_3
Parameters: 0.999992 -0.00349865 -0.00186752 0.00349934 0.999993 0.00071647 0.00186448 -0.000723529 0.999998 0.140098 0.0321376 0.062855
FixedParameters: 0 0 0

#Transform 100
Transform: AffineTransform_float_3_3
Parameters: 0.999993 -0.0031478 -0.00233996 0.0031502 0.999994 0.000937635 0.00233703 -0.000945363 0.999997 0.10443 0.0267684 0.011473
FixedParameters: 0 0 0

#Transform 101
Transform: AffineTransform_float_3_3
Parameters: 0.999992 -0.00349966 -0.00192061 0.00349934 0.999994 0.000171281 0.00192039 -0.000177722 0.999998 0.112891 0.0528652 -0.0266189
FixedParameters: 0 0 0

#Transform 102
Transform: AffineTransform_float_3_3
Parameters: 0.999991 -0.00408432 -0.00113668 0.00408668 0.999989 0.00236737 0.00112632 -0.00237262 0.999996 0.110509 0.0202522 -0.0222848
FixedParameters: 0 0 0

#Transform 103
Transform: AffineTransform_float_3_3
Parameters: 0.999988 -0.00441115 -0.00183029 0.00441484 0.999988 0.00210194 0.00182171 -0.00211006 0.999996 0.11052 0.0265989 0.00369253
FixedParameters: 0 0 0

#Transform 104
Transform: AffineTransform_float_3_3
Parameters: 0.999989 -0.00440307 -0.00191009 0.00440694 0.999988 0.00205961 0.00190091 -0.00206839 0.999996 0.0917103 0.0357535 -0.120519
FixedParameters: 0 0 0

#Transform 105
Transform: AffineTransform_float_3_3
Parameters: 0.99999 -0.00387087 -0.00223317 0.00387513 0.999991 0.00184636 0.00222583 -0.00185463 0.999996 0.105072 0.0452277 -0.093838
FixedParameters: 0 0 0

#Transform 106
Transform: AffineTransform_float_3_3
Parameters: 0.999992 -0.00349487 -0.00223092 0.00349814 0.999993 0.00140321 0.00222608 -0.00141079 0.999996 0.118566 0.0471235 -0.080413
FixedParameters: 0 0 0

#Transform 107
Transform: AffineTransform_float_3_3
Parameters: 0.999993 -0.00342968 -0.00111206 0.00343132 0.999994 0.00118319 0.00110793 -0.00118781 0.999998 0.069674 0.0529437 -0.110499
FixedParameters: 0 0 0

#Transform 108
Transform: AffineTransform_float_3_3
Parameters: 0.999997 -0.00234102 -0.00124275 0.00234298 0.999996 0.00159809 0.00123825 -0.0016009 0.999998 0.0658202 0.0442055 -0.0925332
FixedParameters: 0 0 0

#Transform 109
Transform: AffineTransform_float_3_3
Parameters: 0.999997 -0.00230628 -0.00144974 0.00230772 0.999996 0.00118366 0.00144627 -0.00118734 0.999998 0.0724233 0.0310778 -0.247374
FixedParameters: 0 0 0

#Transform 110
Transform: AffineTransform_float_3_3
Parameters: 0.999993 -0.0031494 -0.0017041 0.0031496 0.999995 0.000347635 0.00170289 -0.000353365 0.999998 0.0827166 0.0189947 -0.173515
FixedParameters: 0 0 0

#Transform 111
Transform: AffineTransform_float_3_3
Parameters: 0.999992 -0.00388808 -0.00151022 0.00388692 0.999992 -0.000718876 0.00151278 0.000713124 0.999998 0.0772007 0.0552643 -0.0558084
FixedParameters: 0 0 0

#Transform 112
Transform: AffineTransform_float_3_3
Parameters: 0.999988 -0.00450636 -0.00151788 0.00450764 0.99999 0.00107917 0.00151312 -0.00108583 0.999999 0.1024 0.02959 -0.0581545
FixedParameters: 0 0 0

#Transform 113
Transform: AffineTransform_float_3_3
Parameters: 0.999993 -0.0037572 -0.00114792 0.0037598 0.999991 0.0015717 0.00114208 -0.0015763 0.999998 0.073156 0.0490185 0.0265722
FixedParameters: 0 0 0

#Transform 114
Transform: AffineTransform_float_3_3
Parameters: 0.999995 -0.00310018 -0.00125103 0.00310182 0.999995 0.000653123 0.00124897 -0.000656876 0.999999 0.0688332 0.0540725 -0.0330444
FixedParameters: 0 0 0

#Transform 115
Transform: AffineTransform_float_3_3
Parameters: 0.999994 -0.00239952 -0.00230041 0.00239848 0.999997 -0.000663521 0.00230259 0.000658479 0.999997 0.0876904 0.0678612 -0.0418689
FixedParameters: 0 0 0

#Transform 116
Transform: AffineTransform_float_3_3
Parameters: 0.999998 -0.00177112 -0.00147386 0.00177088 0.999999 -8.26103e-05 0.00147415 8.03894e-05 0.999999 0.0491846 0.0535736 0.00903837
FixedParameters: 0 0 0

#Transform 117
Transform: AffineTransform_float_3_3
Parameters: 0.999997 -0.00208543 -0.000568103 0.00208657 0.999998 0.00100782 0.000565896 -0.00100918 1 0.0403629 0.0238265 0.0141702
FixedParameters: 0 0 0

#Transform 118
Transform: AffineTransform_float_3_3
Parameters: 0.999998 -0.00131388 -0.00133809 0.00131612 0.999998 0.00158824 0.00133591 -0.00158976 0.999998 0.0713384 -0.0117602 -0.118058
FixedParameters: 0 0 0

#Transform 119
Transform: AffineTransform_float_3_3
Parameters: 0.999998 -0.00208375 -0.00101166 0.00208626 0.999996 0.0022329 0.00100734 -0.00223511 0.999997 0.0747694 -0.014831 -0.0143276
FixedParameters: 0 0 0

#Transform 120
Transform: AffineTransform_float_3_3
Parameters: 0.999996 -0.00270426 -0.00139932 0.00270675 0.999995 0.00196322 0.00139468 -0.00196778 0.999997 0.0763065 -0.000712919 0.00300422
FixedParameters: 0 0 0

#Transform 121
Transform: AffineTransform_float_3_3
Parameters: 0.999997 -0.00228516 -0.000761528 0.00228684 0.999997 0.00110526 0.000759472 -0.00110674 0.999999 -0.0714246 0.0392497 0.058824
FixedParameters: 0 0 0

#Transform 122
Transform: AffineTransform_float_3_3
Parameters: 0.999995 -0.00270607 -0.00112025 0.00270693 0.999996 0.000828971 0.00111875 -0.000832031 0.999999 -0.0117523 0.0508557 0.101089
FixedParameters: 0 0 0

#Transform 123
Transform: AffineTransform_float_3_3
Parameters: 0.999998 -0.00228087 -0.000196551 0.00228013 0.999997 0.000679554 0.000195449 -0.000680448 0.999999 0.00764517 0.0151513 0.058947
FixedParameters: 0 0 0

#Transform 124
Transform: AffineTransform_float_3_3
Parameters: 0.999998 -0.00204299 -0.000211096 0.00204301 0.999998 4.65688e-05 0.000210906 -4.6431e-05 1 0.012901 0.0220705 0.0482185
FixedParameters: 0 0 0

#Transform 125
Transform: AffineTransform_float_3_3
Parameters: 0.999997 -0.0021499 -0.000143462 0.0021501 0.999998 0.000679693 0.000142538 -0.000680308 1 -0.00291223 0.032552 0.135802
FixedParameters: 0 0 0

#Transform 126
Transform: AffineTransform_float_3_3
Parameters: 0.999997 -0.00250579 -0.000304703 0.00250521 0.999996 0.000679238 0.000303298 -0.000679762 0.999999 0.00243798 0.034765 0.146692
FixedParameters: 0 0 0

#Transform 127
Transform: AffineTransform_float_3_3
Parameters: 0.999999 -0.0018539 -0.00010383 0.0018541 0.999998 0.000986809 0.00010217 -0.00098719 0.999999 0.0405875 0.0131492 0.0806751
FixedParameters: 0 0 0

#Transform 128
Transform: AffineTransform_float_3_3
Parameters: 0.999998 -0.00227865 0.000352805 0.00227835 0.999995 0.00184181 -0.000357194 -0.00184019 0.999998 0.0653784 0.0149421 0.0840966
FixedParameters: 0 0 0

#Transform 129
Transform: AffineTransform_float_3_3
Parameters: 0.999995 -0.00332592 -0.000104723 0.00332609 0.999994 0.000818656 0.000102279 -0.000818345 0.999999 0.073209 0.0256651 0.0249156
FixedParameters: 0 0 0

#Transform 130
Transform: AffineTransform_float_3_3
Parameters: 0.999992 -0.00411747 0.000427061 0.00411553 0.999986 0.00338679 -0.000440934 -0.00338421 0.999994 0.114374 -0.00580048 -0.0324401
FixedParameters: 0 0 0

#Transform 131
Transform: AffineTransform_float_3_3
Parameters: 0.999991 -0.00434925 -0.000552942 0.00435075 0.999986 0.00320363 0.000539058 -0.00320638 0.999994 0.101695 0.0441059 0.116425
FixedParameters: 0 0 0

#Transform 132
Transform: AffineTransform_float_3_3
Parameters: 0.999992 -0.00372341 -0.000872138 0.00372559 0.999988 0.00298877 0.000860862 -0.00299223 0.999995 0.0924158 0.00175475 0.0822945
FixedParameters: 0 0 0

#Transform 133
Transform: AffineTransform_float_3_3
Parameters: 0.999995 -0.00326669 -0.000763315 0.00327031 0.999985 0.00437853 0.000748686 -0.00438047 0.99999 0.0721238 0.0146202 0.168761
FixedParameters: 0 0 0

#Transform 134
Transform: AffineTransform_float_3_3
Parameters: 0.999998 -0.00154797 -0.000499347 0.00155004 0.999991 0.00409724 0.000493653 -0.00409777 0.999992 0.0238131 -0.0085083 0.0826931
FixedParameters: 0 0 0

#Transform 135
Transform: AffineTransform_float_3_3
Parameters: 0.999994 -0.0027961 0.00209656 0.0027889 0.999991 0.00338187 -0.00210643 -0.00337513 0.999992 -0.0100319 -0.00319473 0.0293596
FixedParameters: 0 0 0

#Transform 136
Transform: AffineTransform_float_3_3
Parameters: 0.999993 -0.00368005 0.000831604 0.00367694 0.999986 0.00364308 -0.000845395 -0.00363991 0.999993 0.058524 -0.000846506 0.134712
FixedParameters: 0 0 0

#Transform 137
Transform: AffineTransform_float_3_3
Parameters: 0.999994 -0.00332351 0.000777371 0.0033205 0.99999 0.0032006 -0.000788628 -0.0031984 0.999994 0.0718966 0.0123371 0.133316
FixedParameters: 0 0 0

#Transform 138
Transform: AffineTransform_float_3_3
Parameters: 0.999994 -0.00315355 0.000831666 0.00315045 0.999986 0.00423164 -0.000845336 -0.00422936 0.99999 0.0847974 -0.00530193 0.17182
FixedParameters: 0 0 0

#Transform 139
Transform: AffineTransform_float_3_3
Parameters: 0.999989 -0.00371479 0.00311005 0.00369821 0.999978 0.00538756 -0.00312995 -0.00537543 0.99998 0.0625711 -0.0281256 0.228103
FixedParameters: 0 0 0

#Transform 140
Transform: AffineTransform_float_3_3
Parameters: 0.999997 -0.00215139 0.00032699 0.00215061 0.999989 0.00418971 -0.000336011 -0.00418829 0.999991 -0.0636527 0.00351331 -0.0483156
FixedParameters: 0 0 0

#Transform 141
Transform: AffineTransform_float_3_3
Parameters: 0.999993 -0.00374948 0.000540072 0.00374652 0.999983 0.00451705 -0.000556925 -0.00451494 0.999989 -0.0146756 0.0103428 -0.0277972
FixedParameters: 0 0 0

#Transform 142
Transform: AffineTransform_float_3_3
Parameters: 0.999994 -0.0034166 0.000138828 0.00341639 0.999985 0.0041485 -0.000153172 -0.0041475 0.999992 -0.0160736 0.00462275 0.0855701
FixedParameters: 0 0 0

#Transform 143
Transform: AffineTransform_float_3_3
Parameters: 0.999994 -0.00326076 0.000135709 0.00326023 0.99998 0.00530347 -0.000153294 -0.00530353 0.999986 -0.0289463 -6.74445e-05 0.0385681
FixedParameters: 0 0 0

#Transform 144
Transform: AffineTransform_float_3_3
Parameters: 1 6.84588e-05 -5.2406e-05 -6.75447e-05 0.999962 0.00870601 5.259e-05 -0.008706 0.999962 -0.0219935 -0.0847095 0.139875
FixedParameters: 0 0 0

#Transform 145
Transform: AffineTransform_float_3_3
Parameters: 0.999998 -0.00115377 0.00163113 0.00114423 0.999981 0.00597687 -0.00163787 -0.00597512 0.999981 0.0148648 -0.000163231 0.193552
FixedParameters: 0 0 0

#Transform 146
Transform: AffineTransform_float_3_3
Parameters: 1 -0.00114436 7.14919e-05 0.00114365 0.999988 0.00481409 -7.65064e-05 -0.00481392 0.999989 -0.0252902 -0.0137685 0.0910874
FixedParameters: 0 0 0

#Transform 147
Transform: AffineTransform_float_3_3
Parameters: 0.999997 -0.00222675 0.000832037 0.00222325 0.999987 0.00447886 -0.000841964 -0.00447713 0.999989 -0.0242133 -0.0251036 0.0957005
FixedParameters: 0 0 0

#Transform 148
Transform: AffineTransform_float_3_3
Parameters: 0.999998 -0.00197534 0.000527319 0.00197366 0.999989 0.00439805 -0.000536684 -0.00439695 0.99999 -0.00736926 -0.00447894 0.0907905
FixedParameters: 0 0 0

#Transform 149
Transform: AffineTransform_float_3_3
Parameters: 0.999997 -0.00222635 0.000743038 0.00222365 0.999987 0.00447866 -0.000752965 -0.00447733 0.999989 -0.000459313 -0.0281101 0.120851
FixedParameters: 0 0 0

#Transform 150
Transform: AffineTransform_float_3_3
Parameters: 0.999999 -0.00146002 3.73079e-06 0.00145998 0.999993 0.00360901 -9.26912e-06 -0.00360899 0.999994 -0.00665227 -0.0110903 0.124631
FixedParameters: 0 0 0

#Transform 151
Transform: AffineTransform_float_3_3
Parameters: 1 -0.00103666 0.000388599 0.00103434 0.99999 0.0042494 -0.000392398 -0.00424859 0.999991 -0.00943957 -0.00769332 0.039487
FixedParameters: 0 0 0

#Transform 152
Transform: AffineTransform_float_3_3
Parameters: 0.999999 -0.000817663 0.000302542 0.000816339 0.999985 0.00545825 -0.00030646 -0.00545775 0.999985 -0.00312261 -0.0278026 0.0785813
FixedParameters: 0 0 0

#Transform 153
Transform: AffineTransform_float_3_3
Parameters: 1 -0.00103584 0.000147207 0.00103416 0.999984 0.00559516 -0.000152789 -0.00559485 0.999985 0.00425192 -0.0153501 0.162632
FixedParameters: 0 0 0

#Transform 154
Transform: AffineTransform_float_3_3
Parameters: 0.999997 -0.00202102 0.00144121 0.00201398 0.999986 0.00485592 -0.00145079 -0.00485308 0.999987 -0.0196849 -0.0172232 0.165934
FixedParameters: 0 0 0

#Transform 155
Transform: AffineTransform_float_3_3
Parameters: 0.999996 -0.00294048 0.000804804 0.00293653 0.999981 0.00551339 -0.000820199 -0.00551062 0.999985 -0.000167438 0.00511696 0.211305
FixedParameters: 0 0 0

#Transform 156
Transform: AffineTransform_float_3_3
Parameters: 0.999996 -0.00253649 0.000268286 0.00253551 0.999982 0.0054087 -0.000282715 -0.0054073 0.999986 -0.0111459 0.0165621 0.175315
FixedParameters: 0 0 0

#Transform 157
Transform: AffineTransform_float_3_3
Parameters: 0.999999 -0.0014679 0.000144125 0.0014671 0.99998 0.00604821 -0.000152876 -0.00604778 0.999981 -0.0368342 -0.0214086 0.129756
FixedParameters: 0 0 0

#Transform 158
Transform: AffineTransform_float_3_3
Parameters: 0.999998 -0.00193164 0.000426199 0.00192936 0.99998 0.00611384 -0.000437804 -0.00611317 0.999981 -0.0115959 -0.0411928 0.027906
FixedParameters: 0 0 0

#Transform 159
Transform: AffineTransform_float_3_3
Parameters: 0.999998 -0.00192984 0.000141998 0.00192916 0.999982 0.00570228 -0.000153002 -0.00570171 0.999983 -0.0308595 -0.0258125 0.0445692
FixedParameters: 0 0 0

#Transform 160
Transform: AffineTransform_float_3_3
Parameters: 0.999997 -0.00235691 0.000138243 0.00235609 0.999977 0.00626234 -0.000152757 -0.00626166 0.999981 -0.0258423 -0.0120903 0.0331599
FixedParameters: 0 0 0

#Transform 161
Transform: AffineTransform_float_3_3
Parameters: 0.999997 -0.00194431 0.00184298 0.00192869 0.999964 0.00827358 -0.00185902 -0.00826942 0.999964 -0.0869309 -0.0508369 0.0824041
FixedParameters: 0 0 0

#Transform 162
Transform: AffineTransform_float_3_3
Parameters: 0.999996 -0.00186209 0.00184388 0.00184691 0.999965 0.00815343 -0.00185812 -0.00814957 0.999965 -0.0765466 -0.0367729 0.0133773
FixedParameters: 0 0 0

#Transform 163
Transform: AffineTransform_float_3_3
Parameters: 0.999995 -0.00220928 0.00200043 0.00219572 0.999975 0.00661542 -0.00201556 -0.00661058 0.999976 -0.0901759 0.00227301 0.102595
FixedParameters: 0 0 0

#Transform 164
Transform: AffineTransform_float_3_3
Parameters: 0.999996 -0.00274346 0.00133578 0.00273654 0.999981 0.00555768 -0.00135123 -0.00555432 0.999983 -0.0507775 -0.016743 0.0703906
FixedParameters: 0 0 0

#Transform 165
Transform: AffineTransform_float_3_3
Parameters: 0.999994 -0.00327422 0.00120726 0.00326778 0.999981 0.00512097 -0.00122374 -0.00511702 0.999986 -0.0457253 0.0232307 0.230987
FixedParameters: 0 0 0

#Transform 166
Transform: AffineTransform_float_3_3
Parameters: 0.999996 -0.00293666 0.00066435 0.00293434 0.999988 0.00396997 -0.000675652 -0.00396803 0.999992 0.0233887 0.0224633 0.2013
FixedParameters: 0 0 0

#Transform 167
Transform: AffineTransform_float_3_3
Parameters: 0.999996 -0.00255655 0.00104076 0.00255445 0.999994 0.00244367 -0.00104624 -0.00244034 0.999997 -0.028627 0.0443775 0.0319919
FixedParameters: 0 0 0

#Transform 168
Transform: AffineTransform_float_3_3
Parameters: 0.999995 -0.00311832 0.000508041 0.00311568 0.999974 0.00640461 -0.000527964 -0.00640339 0.99998 -0.0181472 -0.0167992 -0.0148807
FixedParameters: 0 0 0

#Transform 169
Transform: AffineTransform_float_3_3
Parameters: 0.999995 -0.00312061 0.00079119 0.00311539 0.99997 0.0069965 -0.000812811 -0.0069935 0.999975 -0.0600534 -0.0313457 -0.0931107
FixedParameters: 0 0 0

#Transform 170
Transform: AffineTransform_float_3_3
Parameters: 0.999981 -0.00404987 0.00459437 0.00401613 0.999965 0.00735759 -0.00462364 -0.00733841 0.999963 -0.134976 0.00171481 -0.0263463
FixedParameters: 0 0 0

#Transform 171
Transform: AffineTransform_float_3_3
Parameters: 0.999989 -0.00401702 0.0023199 0.00400299 0.999974 0.00601435 -0.0023441 -0.00600565 0.999979 -0.0939081 0.0246571 -0.0476479
FixedParameters: 0 0 0

#Transform 172
Transform: AffineTransform_float_3_3
Parameters: 0.999993 -0.00358676 0.00155163 0.00357724 0.999974 0.0062496 -0.00157338 -0.00624341 0.99998 -0.0253931 0.0162014 -0.0639106
FixedParameters: 0 0 0

#Transform 173
Transform: AffineTransform_float_3_3
Parameters: 0.999993 -0.00358259 0.0012268 0.00357741 0.999984 0.00452742 -0.0012432 -0.00452258 0.999989 -0.00489502 0.0485491 0.0361764
FixedParameters: 0 0 0

#Transform 174
Transform: AffineTransform_float_3_3
Parameters: 0.999993 -0.00369521 0.000466804 0.00369279 0.999983 0.00465576 -0.000484196 -0.00465424 0.999989 -0.0201481 0.0508562 -0.0110544
FixedParameters: 0 0 0

#Transform 175
Transform: AffineTransform_float_3_3
Parameters: 0.999987 -0.00486515 0.00142278 0.00485785 0.999976 0.00498597 -0.00144722 -0.00497902 0.999986 -0.10491 0.0415291 0.0339389
FixedParameters: 0 0 0

#Transform 176
Transform: AffineTransform_float_3_3
Parameters: 0.999985 -0.00534312 0.00135025 0.00533488 0.999968 0.0059503 -0.00138175 -0.00594271 0.999982 -0.065553 0.0360339 0.0185688
FixedParameters: 0 0 0

#Transform 177
Transform: AffineTransform_float_3_3
Parameters: 0.999995 -0.00334786 0.000389141 0.00334514 0.999969 0.00713034 -0.000413862 -0.00712965 0.999974 -0.00841385 -0.0123235 0.016038
FixedParameters: 0 0 0

#Transform 178
Transform: AffineTransform_float_3_3
Parameters: 0.999991 -0.00436975 -0.000310457 0.00437225 0.999961 0.00765371 0.00027654 -0.00765528 0.99997 -0.01528 -0.0283674 0.0471145
FixedParameters: 0 0 0

#Transform 179
Transform: AffineTransform_float_3_3
Parameters: 0.99999 -0.00440428 -0.000357842 0.00440572 0.999978 0.00495747 0.000336161 -0.00495853 0.999987 0.0148933 -0.0069373 -0.0200968
FixedParameters: 0 0 0
