# transform file /out/sourcedata/freesurfer/sub-v2s12x28884_ses-1/mri/transforms/cc_up.lta
# created by oesteban on Wed Mar 11 02:54:32 2026

type      = 0 # LINEAR_VOX_TO_VOX
nxforms   = 1
mean      = 127.0000 96.0000 127.0000
sigma     = 10000.0000
1 4 4
9.951951503753662e-01 6.418897956609726e-02 7.393762469291687e-02 -1.513096523284912e+01 
-6.401255726814270e-02 9.979379773139954e-01 -4.755787551403046e-03 5.303284454345703e+01 
-7.409042119979858e-02 4.656613983300417e-10 9.972516894340515e-01 1.290990924835205e+01 
0.000000000000000e+00 0.000000000000000e+00 0.000000000000000e+00 1.000000000000000e+00 
src volume info
valid = 1  # volume info valid
filename = /out/sourcedata/freesurfer/sub-v2s12x28884_ses-1/mri/norm.mgz
volume = 256 256 256
voxelsize = 1.000000000000000e+00 1.000000000000000e+00 1.000000000000000e+00
xras   = -1.000000000000000e+00 0.000000000000000e+00 0.000000000000000e+00
yras   = 0.000000000000000e+00 0.000000000000000e+00 -1.000000000000000e+00
zras   = 0.000000000000000e+00 1.000000000000000e+00 0.000000000000000e+00
cras   = 4.601303100585938e+00 5.000000000000000e-01 1.163299560546875e+01
dst volume info
valid = 1  # volume info valid
filename = /out/sourcedata/freesurfer/sub-v2s12x28884_ses-1/mri/norm.mgz
volume = 256 256 256
voxelsize = 1.000000000000000e+00 1.000000000000000e+00 1.000000000000000e+00
xras   = -1.000000000000000e+00 0.000000000000000e+00 0.000000000000000e+00
yras   = 0.000000000000000e+00 0.000000000000000e+00 -1.000000000000000e+00
zras   = 0.000000000000000e+00 1.000000000000000e+00 0.000000000000000e+00
cras   = 4.601303100585938e+00 5.000000000000000e-01 1.163299560546875e+01
