# transform file /out/sourcedata/freesurfer/sub-v2s12x28890_ses-1/mri/transforms/cc_up.lta
# created by oesteban on Wed Mar 11 03:39:36 2026

type      = 0 # LINEAR_VOX_TO_VOX
nxforms   = 1
mean      = 130.0000 106.0000 128.0000
sigma     = 10000.0000
1 4 4
9.966948032379150e-01 -7.647055387496948e-02 2.741879411041737e-02 3.375765800476074e+00 
7.644163072109222e-02 9.970718622207642e-01 2.102887956425548e-03 2.918056106567383e+01 
-2.749931812286377e-02 -2.328306436538696e-10 9.996218681335449e-01 9.580062866210938e+00 
0.000000000000000e+00 0.000000000000000e+00 0.000000000000000e+00 1.000000000000000e+00 
src volume info
valid = 1  # volume info valid
filename = /out/sourcedata/freesurfer/sub-v2s12x28890_ses-1/mri/norm.mgz
volume = 256 256 256
voxelsize = 1.000000000000000e+00 1.000000000000000e+00 1.000000000000000e+00
xras   = -1.000000000000000e+00 0.000000000000000e+00 0.000000000000000e+00
yras   = 0.000000000000000e+00 0.000000000000000e+00 -1.000000000000000e+00
zras   = 0.000000000000000e+00 1.000000000000000e+00 0.000000000000000e+00
cras   = 6.710700988769531e+00 5.000000000000000e-01 -2.030029296875000e-01
dst volume info
valid = 1  # volume info valid
filename = /out/sourcedata/freesurfer/sub-v2s12x28890_ses-1/mri/norm.mgz
volume = 256 256 256
voxelsize = 1.000000000000000e+00 1.000000000000000e+00 1.000000000000000e+00
xras   = -1.000000000000000e+00 0.000000000000000e+00 0.000000000000000e+00
yras   = 0.000000000000000e+00 0.000000000000000e+00 -1.000000000000000e+00
zras   = 0.000000000000000e+00 1.000000000000000e+00 0.000000000000000e+00
cras   = 6.710700988769531e+00 5.000000000000000e-01 -2.030029296875000e-01
