#Insight Transform File V1.0
#Transform 0
Transform: AffineTransform_float_3_3
Parameters: 1 8.16511e-05 0.000673165 -8.33485e-05 0.999998 0.00200394 -0.000672834 -0.00200405 0.999998 0.028574 -0.121561 0.0509027
FixedParameters: 0 0 0

#Transform 1
Transform: AffineTransform_float_3_3
Parameters: 1 7.79218e-06 0.000610016 -9.20778e-06 0.999998 0.00197999 -0.000609983 -0.00198 0.999998 0.0370291 -0.126192 0.0177236
FixedParameters: 0 0 0

#Transform 2
Transform: AffineTransform_float_3_3
Parameters: 1 -3.99593e-06 0.000502993 3.00405e-06 0.999998 0.00198 -0.000503007 -0.00198 0.999998 0.0315069 -0.101029 0.0513828
FixedParameters: 0 0 0

#Transform 3
Transform: AffineTransform_float_3_3
Parameters: 1 -5.35601e-05 0.000417929 5.34398e-05 0.999999 0.00134002 -0.000418072 -0.00133998 0.999999 0.0211624 -0.0620673 0.0484877
FixedParameters: 0 0 0

#Transform 4
Transform: AffineTransform_float_3_3
Parameters: 1 -5.34969e-05 0.000282907 5.3503e-05 0.999999 0.00175602 -0.000283094 -0.00175599 0.999999 0.0295949 -0.0873164 0.0510718
FixedParameters: 0 0 0

#Transform 5
Transform: AffineTransform_float_3_3
Parameters: 1 -5.31313e-05 8.59189e-05 5.28685e-05 0.999999 0.001528 -8.60809e-05 -0.00152799 0.999999 0.0467959 -0.0834865 0.0507125
FixedParameters: 0 0 0

#Transform 6
Transform: AffineTransform_float_3_3
Parameters: 1 0.000211735 0.000210267 -0.000212265 0.999999 0.00126196 -0.000209732 -0.00126204 0.999999 0.0379021 -0.0584357 0.00778794
FixedParameters: 0 0 0

#Transform 7
Transform: AffineTransform_float_3_3
Parameters: 1 0.000215828 0.000190196 -0.000216172 0.999999 0.000906958 -0.000189804 -0.00090604 0.999999 0.0390912 -0.0369207 -0.00188107
FixedParameters: 0 0 0

#Transform 8
Transform: AffineTransform_float_3_3
Parameters: 1 0.000215909 0.000190103 -0.000216091 1 0.000477959 -0.000189897 -0.000478041 1 0.0390878 -0.021552 -0.036933
FixedParameters: 0 0 0

#Transform 9
Transform: AffineTransform_float_3_3
Parameters: 1 0.000215922 0.000190089 -0.000216078 1 0.000410959 -0.000189911 -0.000411041 1 0.0390808 -0.0277494 -0.0668694
FixedParameters: 0 0 0

#Transform 10
Transform: AffineTransform_float_3_3
Parameters: 1 0.000126036 0.000329986 -0.000125964 1 -0.000108042 -0.000330014 0.000107958 1 0.0309877 -0.01075 -0.0599054
FixedParameters: 0 0 0

#Transform 11
Transform: AffineTransform_float_3_3
Parameters: 1 0.000215864 0.000276107 -0.000216136 1 0.00049394 -0.000275893 -0.000494059 1 -0.00265777 -0.0631964 -0.0160848
FixedParameters: 0 0 0

#Transform 12
Transform: AffineTransform_float_3_3
Parameters: 1 -0.000159363 0.000430866 0.000159637 0.999999 0.000842068 -0.000431134 -0.000841931 0.999999 -0.00760374 -0.0529344 0.00229603
FixedParameters: 0 0 0

#Transform 13
Transform: AffineTransform_float_3_3
Parameters: 1 0.000215928 7.52077e-05 -0.000216072 0.999999 0.000961983 -7.47921e-05 -0.000962015 0.999999 -0.00667394 -0.0437307 0.0138674
FixedParameters: 0 0 0

#Transform 14
Transform: AffineTransform_float_3_3
Parameters: 1 -0.000254392 0.000340708 0.000254608 1 0.00114909 -0.000341293 -0.00114891 1 0.0127016 -0.0469817 0.0441939
FixedParameters: 0 0 0

#Transform 15
Transform: AffineTransform_float_3_3
Parameters: 0.999999 -0.000671523 0.000483274 0.000671477 0.999999 0.00108133 -0.000483726 -0.00108068 1 0.00845691 -0.0264061 0.0605246
FixedParameters: 0 0 0

#Transform 16
Transform: AffineTransform_float_3_3
Parameters: 1 -0.000180224 0.000313871 0.000179775 0.999999 0.000715056 -0.000314128 -0.000714943 0.999999 -0.00531603 -0.0204299 0.0298376
FixedParameters: 0 0 0

#Transform 17
Transform: AffineTransform_float_3_3
Parameters: 1 8.07855e-05 0.000395044 -8.12144e-05 1 0.000542968 -0.000394956 -0.000543032 1 -0.00651591 -0.0127707 -0.00608572
FixedParameters: 0 0 0

#Transform 18
Transform: AffineTransform_float_3_3
Parameters: 1 0.000251969 0.000108073 -0.000252031 1 0.000289973 -0.000107927 -0.000290027 1 0.00272632 -0.00775109 -0.0247822
FixedParameters: 0 0 0

#Transform 19
Transform: AffineTransform_float_3_3
Parameters: 1 0.000219957 0.000395024 -0.000220043 1 0.000109913 -0.000394976 -0.000110087 1 -0.0140738 -0.0189673 0.000316213
FixedParameters: 0 0 0

#Transform 20
Transform: AffineTransform_float_3_3
Parameters: 1 1.80002e-05 -1.79998e-05 -1.79998e-05 1 1.00003e-05 1.80002e-05 -9.99968e-06 1 -0.00758881 0.00279669 -0.000301902
FixedParameters: 0 0 0

#Transform 21
Transform: AffineTransform_float_3_3
Parameters: 1 0.000152182 -0.000531948 -0.000151817 1 0.000343081 0.000532052 -0.000342919 1 0.0318449 -0.0112733 0.060635
FixedParameters: 0 0 0

#Transform 22
Transform: AffineTransform_float_3_3
Parameters: 1 0.00015205 -0.000146948 -0.00015195 1 0.000343022 0.000147052 -0.000342978 1 0.0249056 -0.0179284 0.0864329
FixedParameters: 0 0 0

#Transform 23
Transform: AffineTransform_float_3_3
Parameters: 1 -6.30909e-05 0.000264978 6.29091e-05 1 0.000343017 -0.000265022 -0.000342983 1 -0.00745881 0.00762619 0.0847731
FixedParameters: 0 0 0

#Transform 24
Transform: AffineTransform_float_3_3
Parameters: 1 0.000151902 0.000343043 -0.000152098 1 0.000285948 -0.000342956 -0.000286052 1 -0.00627808 0.0101604 0.0677244
FixedParameters: 0 0 0

#Transform 25
Transform: AffineTransform_float_3_3
Parameters: 1 0.000152006 0.000318997 -0.000151994 1 -2.00485e-05 -0.000319003 1.99515e-05 1 0.00043129 0.00365814 0.0495158
FixedParameters: 0 0 0

#Transform 26
Transform: AffineTransform_float_3_3
Parameters: 1 0.000151905 -0.000178081 -0.000152096 1 -0.000535973 0.000178918 0.000536027 1 0.0333144 0.041123 0.0339494
FixedParameters: 0 0 0

#Transform 27
Transform: AffineTransform_float_3_3
Parameters: 1 0.000152036 -0.000177969 -0.000151964 1 0.000204027 0.000178031 -0.000203973 1 0.0263022 -0.00840789 0.0374674
FixedParameters: 0 0 0

#Transform 28
Transform: AffineTransform_float_3_3
Parameters: 1 0.000152109 -0.000619973 -0.000151891 1 0.000176094 0.000620026 -0.000175906 1 0.0634866 -0.00321525 0.0247207
FixedParameters: 0 0 0

#Transform 29
Transform: AffineTransform_float_3_3
Parameters: 1 -0.000250406 -0.000456327 0.000251594 0.999999 0.00130289 0.000455673 -0.00130311 0.999999 0.0535202 -0.0697729 0.0631605
FixedParameters: 0 0 0

#Transform 30
Transform: AffineTransform_float_3_3
Parameters: 1 -7.26805e-05 -0.000456212 7.43189e-05 0.999996 0.00289297 0.000455787 -0.00289303 0.999995 0.0507795 -0.169405 0.120972
FixedParameters: 0 0 0

#Transform 31
Transform: AffineTransform_float_3_3
Parameters: 0.999999 -0.000251552 -0.000852026 0.000255447 0.999992 0.00404878 0.000850973 -0.00404922 0.999992 0.0674327 -0.219407 0.16793
FixedParameters: 0 0 0

#Transform 32
Transform: AffineTransform_float_3_3
Parameters: 0.999999 -0.000264206 -0.00142771 0.000267795 0.999997 0.00265762 0.00142729 -0.00265838 0.999996 0.0951156 -0.135169 0.154866
FixedParameters: 0 0 0

#Transform 33
Transform: AffineTransform_float_3_3
Parameters: 0.999999 -0.000265471 -0.00130352 0.000267528 0.999998 0.00194065 0.00130248 -0.00194035 0.999998 0.0795561 -0.0797045 0.110398
FixedParameters: 0 0 0

#Transform 34
Transform: AffineTransform_float_3_3
Parameters: 0.999999 -0.000267579 -0.000925122 0.000267421 1 0.000455753 0.000924878 -0.000455248 1 0.0469599 -0.00226272 0.075934
FixedParameters: 0 0 0

#Transform 35
Transform: AffineTransform_float_3_3
Parameters: 0.999999 0.000225572 -0.000924618 -0.000223427 0.999998 0.00170021 0.000925381 -0.00169979 0.999998 0.0496108 -0.108837 0.0728365
FixedParameters: 0 0 0

#Transform 36
Transform: AffineTransform_float_3_3
Parameters: 0.999999 -0.00016659 -0.000925074 0.00016741 1 0.000442845 0.000924926 -0.000443154 1 0.0574683 -0.0215222 0.0698692
FixedParameters: 0 0 0

#Transform 37
Transform: AffineTransform_float_3_3
Parameters: 1 -0.000166556 -0.000624118 0.000167444 0.999999 0.000711895 0.000623881 -0.000712104 0.999999 0.0393024 -0.0293892 0.0684199
FixedParameters: 0 0 0

#Transform 38
Transform: AffineTransform_float_3_3
Parameters: 0.999999 -0.000166043 -0.000859185 0.000166958 1 0.00111486 0.000858814 -0.00111414 0.999999 0.0534569 -0.043416 0.0482337
FixedParameters: 0 0 0

#Transform 39
Transform: AffineTransform_float_3_3
Parameters: 0.999999 -0.000489454 -0.000625427 0.000490545 0.999999 0.000871693 0.000625572 -0.000872306 1 0.0409699 -0.018028 0.0617308
FixedParameters: 0 0 0

#Transform 40
Transform: AffineTransform_float_3_3
Parameters: 1 -0.000166044 -0.00099716 0.000166956 0.999999 0.000958834 0.000996841 -0.000959166 0.999999 0.0546874 -0.0246382 0.0480684
FixedParameters: 0 0 0

#Transform 41
Transform: AffineTransform_float_3_3
Parameters: 1 4.90625e-07 -0.000624999 4.90625e-07 0.999999 0.000784999 0.000624999 -0.000784999 0.999999 0.0357233 -0.0147779 0.0456249
FixedParameters: 0 0 0

#Transform 42
Transform: AffineTransform_float_3_3
Parameters: 1 0.000262669 -0.00108984 -0.000261331 1 0.000614285 0.00109016 -0.000613714 0.999999 0.0465194 -0.0053833 0.06523
FixedParameters: 0 0 0

#Transform 43
Transform: AffineTransform_float_3_3
Parameters: 0.999999 -1.77009e-05 -0.000877005 1.8299e-05 1 0.000340984 0.000876993 -0.000341015 0.999999 0.0538427 -0.00681174 0.0467497
FixedParameters: 0 0 0

#Transform 44
Transform: AffineTransform_float_3_3
Parameters: 0.999999 0.000262285 -0.000918918 -0.000261715 1 0.00031024 0.00091908 -0.000309759 0.999999 0.0549635 -0.00600028 0.0534921
FixedParameters: 0 0 0

#Transform 45
Transform: AffineTransform_float_3_3
Parameters: 0.999999 0.00019532 -0.000769918 -0.00019468 1 0.00041615 0.000770081 -0.00041585 0.999999 0.0462907 -0.0121408 0.0401018
FixedParameters: 0 0 0

#Transform 46
Transform: AffineTransform_float_3_3
Parameters: 1 0.000262455 -0.000624809 -0.000261545 0.999999 0.000728163 0.00062519 -0.000728836 0.999999 0.0371913 -0.0313091 0.0639865
FixedParameters: 0 0 0

#Transform 47
Transform: AffineTransform_float_3_3
Parameters: 1 -5.0675e-05 -0.000625026 5.0325e-05 1 0.000519968 0.000624974 -0.000520032 0.999999 0.036662 -0.0144144 0.0507138
FixedParameters: 0 0 0

#Transform 48
Transform: AffineTransform_float_3_3
Parameters: 1 -0.000144616 -0.000625089 0.000144384 1 0.00061391 0.000625911 -0.00061409 0.999999 0.0392454 -0.0228148 0.0840091
FixedParameters: 0 0 0

#Transform 49
Transform: AffineTransform_float_3_3
Parameters: 1 -0.000144792 -0.000625048 0.000145207 1 0.000331909 0.000624952 -0.00033209 0.999999 0.0392593 -0.00574329 0.0577986
FixedParameters: 0 0 0

#Transform 50
Transform: AffineTransform_float_3_3
Parameters: 1 -0.000144389 -0.000625142 0.000144612 0.999999 0.00097791 0.000625859 -0.00097809 1 0.0416503 -0.0448509 0.065218
FixedParameters: 0 0 0

#Transform 51
Transform: AffineTransform_float_3_3
Parameters: 1 0.00025774 -0.000624695 -0.00025626 1 0.00118416 0.000625304 -0.00118484 0.999999 0.0372171 -0.0589064 0.0571164
FixedParameters: 0 0 0

#Transform 52
Transform: AffineTransform_float_3_3
Parameters: 0.999999 0.000309449 -0.000839834 -0.000308551 1 0.000534259 0.000840164 -0.00053474 0.999999 0.0468225 -0.0412269 0.0814139
FixedParameters: 0 0 0

#Transform 53
Transform: AffineTransform_float_3_3
Parameters: 0.999999 -4.39142e-05 -0.000917052 4.50857e-05 1 0.00118396 0.000916947 -0.00118404 0.999999 0.056448 -0.0498756 0.0873164
FixedParameters: 0 0 0

#Transform 54
Transform: AffineTransform_float_3_3
Parameters: 1 6.64393e-05 -0.000624953 -6.65612e-05 1 0.000702041 0.000625047 -0.000702958 0.999999 0.0285478 -0.0211761 0.102875
FixedParameters: 0 0 0

#Transform 55
Transform: AffineTransform_float_3_3
Parameters: 1 6.61668e-05 -0.000624982 -6.58331e-05 1 0.000267041 0.000625017 -0.000266959 1 0.0382467 0.00522758 0.0976743
FixedParameters: 0 0 0

#Transform 56
Transform: AffineTransform_float_3_3
Parameters: 1 0.000194319 -0.000624901 -0.000193681 1 0.000510121 0.000625099 -0.000509878 0.999999 0.037575 -0.0100031 0.0801892
FixedParameters: 0 0 0

#Transform 57
Transform: AffineTransform_float_3_3
Parameters: 0.999999 0.000240242 -0.000908935 -0.000239757 1 0.000267218 0.000909063 -0.000266782 0.999999 0.0377408 0.00445649 0.070674
FixedParameters: 0 0 0

#Transform 58
Transform: AffineTransform_float_3_3
Parameters: 1 6.41668e-05 -0.000624983 -6.38331e-05 1 0.00026704 0.000625017 -0.00026696 1 0.0215063 0.00514851 0.0329649
FixedParameters: 0 0 0

#Transform 59
Transform: AffineTransform_float_3_3
Parameters: 1 0.000249005 -0.000624998 -0.000248995 1 8.15562e-06 0.000625002 -7.84437e-06 1 0.0291675 0.0200898 0.0464378
FixedParameters: 0 0 0

#Transform 60
Transform: AffineTransform_float_3_3
Parameters: 1 0.000248982 -0.000625007 -0.000249018 1 -2.88444e-05 0.000624992 2.91556e-05 1 0.0307316 0.013297 0.0483954
FixedParameters: 0 0 0

#Transform 61
Transform: AffineTransform_float_3_3
Parameters: 1 3.80362e-05 -0.000624998 -3.79637e-05 1 5.80237e-05 0.000625002 -5.79762e-05 1 0.0216196 0.0123603 0.0809616
FixedParameters: 0 0 0

#Transform 62
Transform: AffineTransform_float_3_3
Parameters: 1 -0.000227082 -0.00062497 0.000226917 1 -0.000132142 0.00062503 0.000131858 1 0.0229171 0.0248353 0.071284
FixedParameters: 0 0 0

#Transform 63
Transform: AffineTransform_float_3_3
Parameters: 0.999999 -0.000136113 -0.000736351 0.000137886 0.999996 0.0025629 0.000735649 -0.0025631 0.999997 0.0582667 -0.138408 0.102759
FixedParameters: 0 0 0

#Transform 64
Transform: AffineTransform_float_3_3
Parameters: 1 3.235e-05 -0.000436974 -3.16499e-05 0.999999 0.000801013 0.000437025 -0.000800985 0.999999 0.0323007 -0.0214905 0.0577679
FixedParameters: 0 0 0

#Transform 65
Transform: AffineTransform_float_3_3
Parameters: 1 0.000257906 -0.000416058 -0.000258094 1 -0.000225893 0.000415942 0.000226107 1 0.0266046 0.0185299 0.0174363
FixedParameters: 0 0 0

#Transform 66
Transform: AffineTransform_float_3_3
Parameters: 0.999999 0.000258373 -0.000876889 -0.000257626 1 0.000426226 0.000877109 -0.000425773 0.999999 0.0357615 -0.0208954 -0.0179457
FixedParameters: 0 0 0

#Transform 67
Transform: AffineTransform_float_3_3
Parameters: 1 -0.000273726 -0.00062512 0.000273274 1 0.000437829 0.00062588 -0.000438171 0.999999 0.029674 0.00595153 0.0583882
FixedParameters: 0 0 0

#Transform 68
Transform: AffineTransform_float_3_3
Parameters: 1 -0.000181075 -0.000110877 0.000180925 1 -0.00067802 0.000111123 0.00067798 1 -0.00829691 0.0692422 0.0113452
FixedParameters: 0 0 0

#Transform 69
Transform: AffineTransform_float_3_3
Parameters: 1 -0.000274176 -0.000157694 0.000273823 1 -0.00111704 0.000158306 0.00111696 1 -0.00504871 0.091389 0.00946423
FixedParameters: 0 0 0

#Transform 70
Transform: AffineTransform_float_3_3
Parameters: 1 -0.000587215 -0.000201374 0.000586785 1 -0.00106612 0.000201626 0.00106588 1 -0.000936321 0.0857947 -0.00484307
FixedParameters: 0 0 0

#Transform 71
Transform: AffineTransform_float_3_3
Parameters: 1 0.000251217 -0.000638309 -0.000252783 0.999999 -0.00122684 0.00063769 0.00122716 0.999999 0.0214156 0.0799214 -0.0383963
FixedParameters: 0 0 0

#Transform 72
Transform: AffineTransform_float_3_3
Parameters: 1 -0.000228331 -0.000201626 0.00022767 0.999998 -0.00163904 0.000201373 0.00163895 0.999998 -0.00267264 0.0877974 -0.0421116
FixedParameters: 0 0 0

#Transform 73
Transform: AffineTransform_float_3_3
Parameters: 1 -0.000646187 -0.0002014 0.000646813 1 -0.00092813 0.0002016 0.00092787 0.999999 -0.000777519 0.0616246 -0.0120399
FixedParameters: 0 0 0

#Transform 74
Transform: AffineTransform_float_3_3
Parameters: 1 -0.000281331 -0.000201539 0.00028067 0.999998 -0.00163906 0.00020146 0.00163894 0.999998 0.00891958 0.0879614 -0.00551697
FixedParameters: 0 0 0

#Transform 75
Transform: AffineTransform_float_3_3
Parameters: 1 -0.000313693 -0.000438505 0.000313306 0.999998 -0.00157914 0.000439495 0.00157886 0.999998 0.0120762 0.0844605 0.0148546
FixedParameters: 0 0 0

#Transform 76
Transform: AffineTransform_float_3_3
Parameters: 1 -0.000377317 -0.000201407 0.000377683 0.999998 -0.00157208 0.000201594 0.00157192 0.999998 -0.00203467 0.103026 0.0139771
FixedParameters: 0 0 0

#Transform 77
Transform: AffineTransform_float_3_3
Parameters: 1 -0.000320629 -0.000404502 0.000319372 0.999998 -0.00155413 0.000404497 0.00155487 0.999998 0.0100561 0.103212 0.0316451
FixedParameters: 0 0 0

#Transform 78
Transform: AffineTransform_float_3_3
Parameters: 1 -0.000302291 -0.000201565 0.00030271 0.999999 -0.00144006 0.000201436 0.00143994 0.999999 0.0119083 0.104847 -0.000279372
FixedParameters: 0 0 0

#Transform 79
Transform: AffineTransform_float_3_3
Parameters: 1 0.000226883 -0.0006354 -0.000228116 0.999999 -0.00175786 0.0006346 0.00175815 0.999999 0.0146093 0.13212 -0.154111
FixedParameters: 0 0 0

#Transform 80
Transform: AffineTransform_float_3_3
Parameters: 1 -0.000293034 -0.000562462 0.000291967 0.999999 -0.00183817 0.000562538 0.00183784 0.999998 0.0194277 0.117664 0.00733042
FixedParameters: 0 0 0

#Transform 81
Transform: AffineTransform_float_3_3
Parameters: 0.999999 -0.000525066 -0.00053195 0.000523934 0.999998 -0.00200228 0.00053305 0.00200272 0.999998 0.0188247 0.134575 0.0334237
FixedParameters: 0 0 0

#Transform 82
Transform: AffineTransform_float_3_3
Parameters: 0.999999 -0.000755174 -0.000510266 0.000753826 0.999997 -0.00229839 0.000511733 0.00229762 0.999997 0.0137403 0.153282 0.0227496
FixedParameters: 0 0 0

#Transform 83
Transform: AffineTransform_float_3_3
Parameters: 0.999999 -0.000755207 -0.000439934 0.000753792 0.999996 -0.00273833 0.000442066 0.00273867 0.999996 0.0102688 0.173503 0.0474485
FixedParameters: 0 0 0

#Transform 84
Transform: AffineTransform_float_3_3
Parameters: 0.999999 -0.000755256 -0.000499103 0.000753743 0.999996 -0.00251338 0.000500895 0.00251262 0.999996 0.0109163 0.161418 0.0585623
FixedParameters: 0 0 0

#Transform 85
Transform: AffineTransform_float_3_3
Parameters: 0.999999 -0.000755509 -0.000549933 0.000754491 0.999996 -0.00273842 0.000552068 0.00273858 0.999996 0.0130406 0.175101 0.0686593
FixedParameters: 0 0 0

#Transform 86
Transform: AffineTransform_float_3_3
Parameters: 1 -0.000755432 -0.000620261 0.000753568 0.999997 -0.00230447 0.000622739 0.00230453 0.999997 0.0252872 0.146391 0.0571283
FixedParameters: 0 0 0

#Transform 87
Transform: AffineTransform_float_3_3
Parameters: 0.999999 -0.000755422 -0.0005952 0.000753578 0.999997 -0.00238545 0.000596799 0.00238555 0.999997 0.0236189 0.154857 0.0668465
FixedParameters: 0 0 0

#Transform 88
Transform: AffineTransform_float_3_3
Parameters: 0.999999 -0.000716251 -0.00045604 0.000715748 0.999996 -0.00273833 0.000457962 0.00273867 0.999996 0.0064998 0.176102 0.0695955
FixedParameters: 0 0 0

#Transform 89
Transform: AffineTransform_float_3_3
Parameters: 1 -0.0002884 0.000238727 0.000288601 0.999997 -0.00251693 -0.000238275 0.00251607 0.999997 -0.0228007 0.146045 0.0990676
FixedParameters: 0 0 0

#Transform 90
Transform: AffineTransform_float_3_3
Parameters: 1 0.000780324 -0.000883714 -0.000779676 0.999999 0.000366689 0.000884286 -0.00036631 0.999999 0.0334449 -0.0422497 -0.000174991
FixedParameters: 0 0 0

#Transform 91
Transform: AffineTransform_float_3_3
Parameters: 0.999997 0.00114668 -0.00205851 -0.00114432 0.999998 0.00130236 0.00205949 -0.00130064 0.999997 0.0912767 -0.0663501 0.0803803
FixedParameters: 0 0 0

#Transform 92
Transform: AffineTransform_float_3_3
Parameters: 0.999998 0.000377666 -0.00195226 -0.000379332 0.999999 -0.00068226 0.00195174 0.000683738 0.999998 0.0839314 0.0787369 0.105896
FixedParameters: 0 0 0

#Transform 93
Transform: AffineTransform_float_3_3
Parameters: 0.999998 0.000383614 -0.0018425 -0.000386388 0.999999 -0.00129529 0.0018425 0.00129571 0.999998 0.0803062 0.114028 0.0849766
FixedParameters: 0 0 0

#Transform 94
Transform: AffineTransform_float_3_3
Parameters: 0.999998 0.000752887 -0.00184286 -0.000755112 0.999999 -0.00114561 0.00184213 0.00114739 0.999997 0.0728016 0.1105 0.0480239
FixedParameters: 0 0 0

#Transform 95
Transform: AffineTransform_float_3_3
Parameters: 0.999998 0.000493529 -0.00184266 -0.000495472 0.999999 -0.00134109 0.00184234 0.00134191 0.999998 0.0786082 0.140417 0.0277662
FixedParameters: 0 0 0

#Transform 96
Transform: AffineTransform_float_3_3
Parameters: 0.999999 0.000350709 -0.00153352 -0.000352289 0.999999 -0.00149346 0.00153247 0.00149454 0.999997 0.0730611 0.114352 0.0256389
FixedParameters: 0 0 0

#Transform 97
Transform: AffineTransform_float_3_3
Parameters: 0.999999 0.000310442 -0.00171247 -0.000312559 0.999999 -0.00149347 0.00171254 0.00149453 0.999998 0.0731029 0.116812 0.0428261
FixedParameters: 0 0 0

#Transform 98
Transform: AffineTransform_float_3_3
Parameters: 0.999999 0.00081077 -0.00161862 -0.00081323 0.999997 -0.00199569 0.00161738 0.00199731 0.999996 0.0263921 0.130886 0.0582913
FixedParameters: 0 0 0

#Transform 99
Transform: AffineTransform_float_3_3
Parameters: 0.999999 0.000483919 -0.00139272 -0.00048608 0.999999 -0.00149332 0.00139227 0.00149467 0.999998 0.046399 0.11789 0.113047
FixedParameters: 0 0 0

#Transform 100
Transform: AffineTransform_float_3_3
Parameters: 0.999998 0.000206874 -0.00185935 -0.000209126 0.999998 -0.00168061 0.00185965 0.00168139 0.999997 0.0823871 0.118602 0.100178
FixedParameters: 0 0 0

#Transform 101
Transform: AffineTransform_float_3_3
Parameters: 0.999999 -2.97773e-05 -0.00185896 2.62226e-05 0.999999 -0.00149405 0.00185904 0.00149395 0.999997 0.0860891 0.092846 0.0930779
FixedParameters: 0 0 0

#Transform 102
Transform: AffineTransform_float_3_3
Parameters: 0.999999 0.000383082 -0.00128357 -0.000384916 0.999999 -0.00149351 0.00128243 0.00149449 0.999998 0.0588827 0.106884 0.0880661
FixedParameters: 0 0 0

#Transform 103
Transform: AffineTransform_float_3_3
Parameters: 0.999999 -2.66087e-05 -0.00133101 2.63913e-05 1 0.000293965 0.00133099 -0.000294036 0.999999 0.0653628 -0.00510477 0.0938661
FixedParameters: 0 0 0

#Transform 104
Transform: AffineTransform_float_3_3
Parameters: 0.999999 -2.71131e-05 -0.000774996 2.68868e-05 1 -0.000146021 0.000775003 0.000145979 0.999999 0.0364209 0.0301199 0.112522
FixedParameters: 0 0 0

#Transform 105
Transform: AffineTransform_float_3_3
Parameters: 1 -2.69948e-05 -0.001041 2.70052e-05 1 4.97189e-06 0.001041 -5.02811e-06 1 0.0434852 0.05257 0.137441
FixedParameters: 0 0 0

#Transform 106
Transform: AffineTransform_float_3_3
Parameters: 1 -2.75168e-05 -0.00114599 2.64831e-05 1 -0.000451031 0.00114601 0.000450969 0.999999 0.0552729 0.0580039 0.0838724
FixedParameters: 0 0 0

#Transform 107
Transform: AffineTransform_float_3_3
Parameters: 1 0.000164763 -0.000975041 -0.000165237 1 -0.000242839 0.000974961 0.000243161 1 0.0606612 0.0425275 0.0017134
FixedParameters: 0 0 0

#Transform 108
Transform: AffineTransform_float_3_3
Parameters: 1 0.000303616 -0.0011461 -0.000303385 1 -0.000335653 0.0011459 0.000335348 1 0.070282 0.041884 0.00215679
FixedParameters: 0 0 0

#Transform 109
Transform: AffineTransform_float_3_3
Parameters: 1 0.000407962 -0.00114637 -0.000409038 0.999999 -0.000905531 0.00114563 0.000905468 0.999999 0.0698112 0.0814288 -0.000649427
FixedParameters: 0 0 0

#Transform 110
Transform: AffineTransform_float_3_3
Parameters: 0.999999 0.00080069 -0.00114692 -0.00080231 0.999999 -0.00114208 0.00114608 0.00114292 0.999998 0.0713216 0.0442884 -0.00771549
FixedParameters: 0 0 0

#Transform 111
Transform: AffineTransform_float_3_3
Parameters: 1 -5.96612e-05 -0.00114597 5.93387e-05 1 -0.000577068 0.00114604 0.000576932 0.999999 0.085882 0.031753 0.0448523
FixedParameters: 0 0 0

#Transform 112
Transform: AffineTransform_float_3_3
Parameters: 1 0.000194976 -0.00114617 -0.000196023 0.999999 -0.000892776 0.00114583 0.000893224 0.999999 0.070777 0.0718295 0.0432741
FixedParameters: 0 0 0

#Transform 113
Transform: AffineTransform_float_3_3
Parameters: 0.999999 0.000600289 -0.00121884 -0.00060171 0.999999 -0.00140327 0.00121816 0.00140473 0.999999 0.0731333 0.101177 0.0743088
FixedParameters: 0 0 0

#Transform 114
Transform: AffineTransform_float_3_3
Parameters: 0.999998 0.000600224 -0.00155469 -0.000601776 0.999999 -0.00114207 0.00155431 0.00114293 0.999998 0.0933988 0.0852893 0.0769239
FixedParameters: 0 0 0

#Transform 115
Transform: AffineTransform_float_3_3
Parameters: 0.999998 0.000327208 -0.00156937 -0.000329794 1 -0.00114248 0.00156962 0.00114252 0.999998 0.0914447 0.086268 0.0770213
FixedParameters: 0 0 0

#Transform 116
Transform: AffineTransform_float_3_3
Parameters: 0.999999 0.000601179 -0.00114343 -0.000601822 0.999999 -0.000718312 0.00114357 0.000718688 0.999999 0.0613276 0.0376905 0.0148443
FixedParameters: 0 0 0

#Transform 117
Transform: AffineTransform_float_3_3
Parameters: 1 0.000101108 -0.00114308 -0.000101891 0.999999 -0.000779884 0.00114292 0.000780116 0.999999 0.0589696 0.065509 0.057461
FixedParameters: 0 0 0

#Transform 118
Transform: AffineTransform_float_3_3
Parameters: 0.999999 9.99879e-05 -0.00127916 -0.000102013 0.999999 -0.00157387 0.00127884 0.00157313 0.999998 0.0792604 0.0942477 0.0414149
FixedParameters: 0 0 0

#Transform 119
Transform: AffineTransform_float_3_3
Parameters: 1 0.000349201 -0.00114355 -0.0003508 0.999998 -0.0015736 0.00114345 0.0015734 0.999998 0.0566955 0.0933422 0.019776
FixedParameters: 0 0 0

#Transform 120
Transform: AffineTransform_float_3_3
Parameters: 1 0.000225555 -0.00114329 -0.000226446 0.999999 -0.00126374 0.00114371 0.00126426 0.999998 0.0553102 0.106408 -0.0163606
FixedParameters: 0 0 0

#Transform 121
Transform: AffineTransform_float_3_3
Parameters: 0.999999 0.000586331 -0.00114386 -0.000587668 0.999999 -0.00145833 0.00114314 0.00145967 0.999999 0.0495371 0.0801492 -0.0174708
FixedParameters: 0 0 0

#Transform 122
Transform: AffineTransform_float_3_3
Parameters: 0.999999 0.00019493 -0.000680307 -0.00019607 0.999998 -0.00157387 0.000679692 0.00157313 0.999998 0.020121 0.0885239 0.00768786
FixedParameters: 0 0 0

#Transform 123
Transform: AffineTransform_float_3_3
Parameters: 1 0.000195272 -0.000542262 -0.000195728 0.999999 -0.00134189 0.000542738 0.00134211 0.999999 0.0149824 0.0745077 0.00822791
FixedParameters: 0 0 0

#Transform 124
Transform: AffineTransform_float_3_3
Parameters: 1 0.000260457 -0.000549258 -0.000260542 1 -0.000987858 0.000548743 0.000988144 1 0.015045 0.0711376 0.0236053
FixedParameters: 0 0 0

#Transform 125
Transform: AffineTransform_float_3_3
Parameters: 0.999999 0.00048347 -0.00065839 -0.00048453 0.999999 -0.000805681 0.00065761 0.000805318 1 0.0206155 0.0541616 0.023978
FixedParameters: 0 0 0

#Transform 126
Transform: AffineTransform_float_3_3
Parameters: 0.999999 0.000294681 -0.00072013 -0.000295319 1 -0.000442787 0.000719869 0.000443212 0.999999 0.0253198 0.0847356 0.0486358
FixedParameters: 0 0 0

#Transform 127
Transform: AffineTransform_float_3_3
Parameters: 0.999999 0.000346712 -0.00071114 -0.000347287 1 -0.000403753 0.000710859 0.000404246 0.999999 0.0244742 0.0586093 0.0562065
FixedParameters: 0 0 0

#Transform 128
Transform: AffineTransform_float_3_3
Parameters: 0.999999 0.000266517 -0.000715179 -0.000266482 0.999999 -0.000674809 0.00071482 0.00067519 0.999999 0.0174235 0.058959 0.0437728
FixedParameters: 0 0 0

#Transform 129
Transform: AffineTransform_float_3_3
Parameters: 0.999999 0.00045958 -0.00062231 -0.00046042 0.999999 -0.000674713 0.000622689 0.000675286 0.999999 0.0186012 0.0581792 -0.0155269
FixedParameters: 0 0 0

#Transform 130
Transform: AffineTransform_float_3_3
Parameters: 0.999999 0.000277554 -0.000715173 -0.000278446 1 -0.000623801 0.000714826 0.000624198 0.999999 0.0278731 0.0278436 0.0598589
FixedParameters: 0 0 0

#Transform 131
Transform: AffineTransform_float_3_3
Parameters: 0.999999 0.000237024 -0.000714992 -0.000236976 1 3.41694e-05 0.000715008 -3.38305e-05 0.999999 0.0302678 0.00775749 0.0846795
FixedParameters: 0 0 0

#Transform 132
Transform: AffineTransform_float_3_3
Parameters: 0.999999 0.000111408 -0.000715093 -0.000112592 0.999999 -0.00082792 0.000714907 0.00082808 1 0.0323354 0.0619851 0.0674564
FixedParameters: 0 0 0

#Transform 133
Transform: AffineTransform_float_3_3
Parameters: 0.999999 0.000670186 -0.00120445 -0.000670812 0.999999 -0.000674192 0.00120355 0.000675807 0.999999 0.0526757 0.0506388 0.0487687
FixedParameters: 0 0 0

#Transform 134
Transform: AffineTransform_float_3_3
Parameters: 0.999999 0.000670761 -0.00120413 -0.000670238 1 -0.000197193 0.00120387 0.000198808 1 0.0526683 0.0218138 0.0388346
FixedParameters: 0 0 0

#Transform 135
Transform: AffineTransform_float_3_3
Parameters: 1 0.000252082 -0.000985979 -0.000251918 1 8.32484e-05 0.000986021 -8.27514e-05 0.999999 0.0338324 0.024539 -0.0428903
FixedParameters: 0 0 0

#Transform 136
Transform: AffineTransform_float_3_3
Parameters: 1 -0.000292682 -0.000320291 0.000293318 1 0.000994907 0.000319709 -0.000994095 1 0.0267732 -0.0286865 0.0559617
FixedParameters: 0 0 0

#Transform 137
Transform: AffineTransform_float_3_3
Parameters: 0.999998 0.000492971 -0.00164971 -0.000492029 0.999999 0.000588813 0.00165029 -0.000588187 0.999999 0.0539522 -0.0144234 0.00414126
FixedParameters: 0 0 0

#Transform 138
Transform: AffineTransform_float_3_3
Parameters: 0.999998 5.0357e-05 -0.00165702 -5.16428e-05 1 -0.000387915 0.00165698 0.000388084 0.999998 0.0829413 0.0579665 0.0307751
FixedParameters: 0 0 0

#Transform 139
Transform: AffineTransform_float_3_3
Parameters: 0.999998 4.73403e-05 -0.00170002 -4.86595e-05 1 -0.000387918 0.00169998 0.000388081 0.999998 0.067371 0.0535093 0.0121901
FixedParameters: 0 0 0

#Transform 140
Transform: AffineTransform_float_3_3
Parameters: 0.999999 0.000117518 -0.00124105 -0.000118481 1 -0.000387853 0.00124095 0.000388146 0.999999 0.0575875 0.0476418 0.00233174
FixedParameters: 0 0 0

#Transform 141
Transform: AffineTransform_float_3_3
Parameters: 0.999999 0.000219088 -0.00125016 -0.000220912 0.999999 -0.000728724 0.00125084 0.000729274 0.999999 0.057664 0.0653689 0.0157501
FixedParameters: 0 0 0

#Transform 142
Transform: AffineTransform_float_3_3
Parameters: 0.999999 0.000490019 -0.00116841 -0.000490982 1 -0.000839427 0.00116859 0.000840574 0.999999 0.0513482 0.063801 0.0266119
FixedParameters: 0 0 0

#Transform 143
Transform: AffineTransform_float_3_3
Parameters: 0.999999 0.000489886 -0.00144438 -0.000491112 0.999999 -0.000770291 0.00144362 0.000771708 0.999998 0.0514919 0.0643551 0.0316432
FixedParameters: 0 0 0

#Transform 144
Transform: AffineTransform_float_3_3
Parameters: 0.999999 8.57533e-05 -0.000975934 -8.52464e-05 0.999999 0.000772084 0.000976066 -0.000771917 0.999999 0.0607943 -0.01067 0.0499506
FixedParameters: 0 0 0

#Transform 145
Transform: AffineTransform_float_3_3
Parameters: 0.999999 8.55416e-05 -0.000975953 -8.54582e-05 1 0.000555084 0.000976047 -0.000554917 1 0.0416032 0.0203183 0.0916837
FixedParameters: 0 0 0

#Transform 146
Transform: AffineTransform_float_3_3
Parameters: 0.999999 8.58656e-05 -0.000975924 -8.51341e-05 0.999999 0.000887083 0.000976076 -0.000886916 0.999999 0.0415728 -0.0422187 0.117408
FixedParameters: 0 0 0

#Transform 147
Transform: AffineTransform_float_3_3
Parameters: 1 -0.000474599 -0.000976196 0.000475401 1 0.000410536 0.000976805 -0.000411464 1 0.0615155 0.0160983 0.145505
FixedParameters: 0 0 0

#Transform 148
Transform: AffineTransform_float_3_3
Parameters: 1 -0.000474645 -0.000976174 0.000475356 1 0.000364536 0.000976828 -0.000364464 1 0.0705301 0.000175938 0.134112
FixedParameters: 0 0 0

#Transform 149
Transform: AffineTransform_float_3_3
Parameters: 0.999999 -0.000474432 -0.00120422 0.000475567 1 0.000470428 0.00120378 -0.000471571 0.999999 0.0705536 -0.00640346 0.105539
FixedParameters: 0 0 0

#Transform 150
Transform: AffineTransform_float_3_3
Parameters: 0.999999 -0.000474871 -0.00123805 0.00047513 1 0.000104412 0.00123795 -0.000104588 0.999999 0.069602 0.034247 0.110008
FixedParameters: 0 0 0

#Transform 151
Transform: AffineTransform_float_3_3
Parameters: 0.999999 -0.000475074 -0.000717951 0.000474926 1 -0.000103341 0.000718048 0.000102659 0.999999 0.0407438 0.0192038 0.111583
FixedParameters: 0 0 0

#Transform 152
Transform: AffineTransform_float_3_3
Parameters: 1 -0.000475164 -0.00112393 0.000474837 1 -0.000145534 0.00112407 0.000145466 1 0.0570652 0.0416812 0.0984954
FixedParameters: 0 0 0

#Transform 153
Transform: AffineTransform_float_3_3
Parameters: 1 -0.000475061 -0.00101197 0.000474939 1 -6.04807e-05 0.00101203 5.95193e-05 1 0.0480246 0.0231955 0.0945173
FixedParameters: 0 0 0

#Transform 154
Transform: AffineTransform_float_3_3
Parameters: 0.999999 -0.000475155 -0.000768903 0.000474844 1 -0.000202365 0.000768095 0.000201635 0.999999 0.0390812 0.0296892 0.0843528
FixedParameters: 0 0 0

#Transform 155
Transform: AffineTransform_float_3_3
Parameters: 0.999999 -0.000475422 -0.000768738 0.000475578 0.999999 -0.000549365 0.000768261 0.000549635 0.999999 0.0336752 0.0251191 0.0664472
FixedParameters: 0 0 0

#Transform 156
Transform: AffineTransform_float_3_3
Parameters: 0.999999 -0.000290128 -0.000885957 0.000289871 1 -0.000145257 0.000886041 0.000144743 0.999999 0.0406319 0.036155 0.0689616
FixedParameters: 0 0 0

#Transform 157
Transform: AffineTransform_float_3_3
Parameters: 1 -0.000290021 -0.000141958 0.000289979 1 -0.000145041 0.000142042 0.000144959 1 0.00924292 0.0456197 0.132315
FixedParameters: 0 0 0

#Transform 158
Transform: AffineTransform_float_3_3
Parameters: 1 -0.000245023 -3.28258e-05 0.000244976 0.999999 -0.000711008 3.31742e-05 0.000710992 0.999999 -0.0191488 0.0744045 0.0948208
FixedParameters: 0 0 0

#Transform 159
Transform: AffineTransform_float_3_3
Parameters: 1 -0.000462918 -0.000223171 0.000463082 1 0.000368897 0.000222829 -0.000369103 1 0.0111642 0.0139752 0.199645
FixedParameters: 0 0 0

#Transform 160
Transform: AffineTransform_float_3_3
Parameters: 1 -0.000462594 -0.000221848 0.000463406 0.999998 0.0018329 0.000221151 -0.0018331 0.999999 0.0154155 -0.0643811 0.253704
FixedParameters: 0 0 0

#Transform 161
Transform: AffineTransform_float_3_3
Parameters: 1 -0.000537135 0.000184606 0.000536864 0.999999 0.000734099 -0.000185394 -0.0007339 0.999999 -0.00792098 0.0176438 0.236651
FixedParameters: 0 0 0

#Transform 162
Transform: AffineTransform_float_3_3
Parameters: 1 -0.000462862 0.000185345 0.000463137 0.999999 -0.000744914 -0.000184655 0.000745085 0.999999 -0.00922225 0.105722 0.200012
FixedParameters: 0 0 0

#Transform 163
Transform: AffineTransform_float_3_3
Parameters: 1 -0.000462526 0.00031769 0.000463474 0.999999 -0.00149185 -0.000317309 0.00149215 0.999999 -0.0238884 0.138938 0.169085
FixedParameters: 0 0 0

#Transform 164
Transform: AffineTransform_float_3_3
Parameters: 0.999999 -0.000463895 0.000857516 0.000463105 1 0.0010444 -0.000857484 -0.0010436 0.999999 -0.0439979 -0.0131401 0.212928
FixedParameters: 0 0 0

#Transform 165
Transform: AffineTransform_float_3_3
Parameters: 0.999999 -0.000916207 0.00105609 0.000913794 0.999998 0.00208797 -0.00105791 -0.00208703 0.999998 -0.0423629 -0.0963865 0.248087
FixedParameters: 0 0 0

#Transform 166
Transform: AffineTransform_float_3_3
Parameters: 0.999999 4.39118e-05 0.000808292 -4.90926e-05 0.99998 0.00629596 -0.000808707 -0.00629604 0.99998 -0.0325789 -0.298258 0.354007
FixedParameters: 0 0 0

#Transform 167
Transform: AffineTransform_float_3_3
Parameters: 0.999999 -0.00127482 -2.46461e-05 0.00127518 0.99995 0.00991897 1.13521e-05 -0.00991902 0.999951 0.0384948 -0.541649 0.450774
FixedParameters: 0 0 0

#Transform 168
Transform: AffineTransform_float_3_3
Parameters: 1 -0.000513254 -0.000304958 0.000514747 0.999984 0.00575385 0.000302043 -0.00575416 0.999984 0.0341919 -0.294087 0.320468
FixedParameters: 0 0 0

#Transform 169
Transform: AffineTransform_float_3_3
Parameters: 0.999999 -0.0014305 0.000105464 0.0014305 0.999988 0.00457015 -0.00011154 -0.00457084 0.999989 0.0170382 -0.18762 0.317112
FixedParameters: 0 0 0

#Transform 170
Transform: AffineTransform_float_3_3
Parameters: 0.999999 -0.000870676 -9.88893e-05 0.000871323 0.999994 0.00331791 9.61094e-05 -0.00331808 0.999994 0.00948949 -0.147224 0.215864
FixedParameters: 0 0 0

#Transform 171
Transform: AffineTransform_float_3_3
Parameters: 0.999999 -0.000470952 0.00118383 0.000468046 0.999997 0.00249356 -0.00118517 -0.00249244 0.999996 -0.093471 -0.0885546 0.294242
FixedParameters: 0 0 0

#Transform 172
Transform: AffineTransform_float_3_3
Parameters: 1 -0.000467868 0.00041215 0.000468132 1 -0.000319807 -0.00041185 0.000320193 1 -0.0230192 0.0416141 0.149315
FixedParameters: 0 0 0

#Transform 173
Transform: AffineTransform_float_3_3
Parameters: 1 -0.000244115 0.000119766 0.000243886 1 0.000959029 -0.000119234 -0.000958971 0.999999 0.0087503 -0.0281811 0.0879125
FixedParameters: 0 0 0

#Transform 174
Transform: AffineTransform_float_3_3
Parameters: 1 -0.000337043 0.00036496 0.000336957 1 0.000117123 -0.000365039 -0.000116877 1 -0.00567581 0.0322653 0.116603
FixedParameters: 0 0 0

#Transform 175
Transform: AffineTransform_float_3_3
Parameters: 1 -4.30859e-05 -4.39159e-05 4.39139e-05 0.999998 -0.001955 4.40859e-05 0.001955 0.999998 0.00139818 0.186321 0.0929093
FixedParameters: 0 0 0

#Transform 176
Transform: AffineTransform_float_3_3
Parameters: 1 -0.000403988 0.000279406 0.000407008 0.999941 -0.0108659 -0.000274594 0.0108661 0.999941 -0.0992657 0.721411 -0.411973
FixedParameters: 0 0 0

#Transform 177
Transform: AffineTransform_float_3_3
Parameters: 1 -2.86915e-05 -0.000539572 1.93007e-05 0.999839 -0.017953 0.000540433 0.017953 0.999838 -0.15293 0.997914 -1.15975
FixedParameters: 0 0 0

#Transform 178
Transform: AffineTransform_float_3_3
Parameters: 1 -0.000254451 -0.000321527 0.000250556 0.999905 -0.0137691 0.000324481 0.0137689 0.999905 -0.119481 0.793944 -0.620779
FixedParameters: 0 0 0

#Transform 179
Transform: AffineTransform_float_3_3
Parameters: 1 -0.000970738 -0.000672974 0.000963263 0.999935 -0.0114037 0.000684028 0.0114023 0.999935 -0.0898126 0.701703 -0.394541
FixedParameters: 0 0 0
