# transform file /out/sourcedata/freesurfer/sub-v2s12x28861_ses-1/mri/transforms/cc_up.lta
# created by oesteban on Wed Mar 11 00:12:46 2026

type      = 0 # LINEAR_VOX_TO_VOX
nxforms   = 1
mean      = 129.0000 125.0000 126.0000
sigma     = 10000.0000
1 4 4
9.970148205757141e-01 1.166714541614056e-02 -7.632514834403992e-02 7.691450119018555e+00 
-1.163310743868351e-02 9.999320507049561e-01 8.905571303330362e-04 1.640773010253906e+01 
7.633034884929657e-02 5.820766785236131e-11 9.970826506614685e-01 5.483057498931885e+00 
0.000000000000000e+00 0.000000000000000e+00 0.000000000000000e+00 1.000000000000000e+00 
src volume info
valid = 1  # volume info valid
filename = /out/sourcedata/freesurfer/sub-v2s12x28861_ses-1/mri/norm.mgz
volume = 256 256 256
voxelsize = 1.000000000000000e+00 1.000000000000000e+00 1.000000000000000e+00
xras   = -1.000000000000000e+00 0.000000000000000e+00 0.000000000000000e+00
yras   = 0.000000000000000e+00 0.000000000000000e+00 -1.000000000000000e+00
zras   = 0.000000000000000e+00 1.000000000000000e+00 0.000000000000000e+00
cras   = 1.788803100585938e+00 8.703002929687500e+00 5.421997070312500e+00
dst volume info
valid = 1  # volume info valid
filename = /out/sourcedata/freesurfer/sub-v2s12x28861_ses-1/mri/norm.mgz
volume = 256 256 256
voxelsize = 1.000000000000000e+00 1.000000000000000e+00 1.000000000000000e+00
xras   = -1.000000000000000e+00 0.000000000000000e+00 0.000000000000000e+00
yras   = 0.000000000000000e+00 0.000000000000000e+00 -1.000000000000000e+00
zras   = 0.000000000000000e+00 1.000000000000000e+00 0.000000000000000e+00
cras   = 1.788803100585938e+00 8.703002929687500e+00 5.421997070312500e+00
