#Insight Transform File V1.0
#Transform 0
Transform: AffineTransform_float_3_3
Parameters: 1 -0.000491715 -0.000377372 0.000491286 0.999999 0.000756814 0.000377628 -0.000756185 0.999999 0.00305119 -0.0637708 -0.0902329
FixedParameters: 0 0 0

#Transform 1
Transform: AffineTransform_float_3_3
Parameters: 1 -0.000491744 -0.000376335 0.000491256 0.999999 0.000680815 0.000376665 -0.000681185 0.999999 0.00474507 -0.0443585 -0.0904218
FixedParameters: 0 0 0

#Transform 2
Transform: AffineTransform_float_3_3
Parameters: 0.999999 -0.000352708 -0.000708145 0.000352292 1 0.00041275 0.000707854 -0.00041225 0.999999 0.0217489 -0.0457059 -0.102859
FixedParameters: 0 0 0

#Transform 3
Transform: AffineTransform_float_3_3
Parameters: 1 -0.000147996 -9.06926e-06 0.000148004 1 0.000467999 8.93073e-06 -0.000468001 1 0.00085262 -0.0789909 -0.131107
FixedParameters: 0 0 0

#Transform 4
Transform: AffineTransform_float_3_3
Parameters: 1 -0.000212038 0.000207961 0.000211962 1 0.000183044 -0.000208039 -0.000182956 1 0.000596537 -0.0107455 -0.0852971
FixedParameters: 0 0 0

#Transform 5
Transform: AffineTransform_float_3_3
Parameters: 1 -0.000212239 0.000376865 0.000211761 1 0.00063408 -0.000377134 -0.00063392 0.999999 -0.00426298 -0.0554325 -0.108323
FixedParameters: 0 0 0

#Transform 6
Transform: AffineTransform_float_3_3
Parameters: 1 -0.000212141 0.000361917 0.000211859 1 0.000389077 -0.000362082 -0.000388923 1 -0.0160405 -0.0265589 -0.103489
FixedParameters: 0 0 0

#Transform 7
Transform: AffineTransform_float_3_3
Parameters: 1 -0.000212215 0.000388883 0.000211785 1 0.000552082 -0.000389117 -0.000551917 1 -0.0172924 -0.0340407 -0.11093
FixedParameters: 0 0 0

#Transform 8
Transform: AffineTransform_float_3_3
Parameters: 1 -0.000449054 0.00011078 0.000448946 1 0.00048905 -0.00011122 -0.00048895 1 0.00335049 -0.0215961 -0.110595
FixedParameters: 0 0 0

#Transform 9
Transform: AffineTransform_float_3_3
Parameters: 1 -0.00021213 0.000334917 0.00021187 1 0.000389071 -0.000335082 -0.000388929 1 -0.014814 -0.0296343 -0.120747
FixedParameters: 0 0 0

#Transform 10
Transform: AffineTransform_float_3_3
Parameters: 1 -0.000212127 0.000363926 0.000211873 1 0.000350077 -0.000364074 -0.000349923 1 -0.0160982 -0.0320719 -0.107844
FixedParameters: 0 0 0

#Transform 11
Transform: AffineTransform_float_3_3
Parameters: 1 -0.000354111 0.000363892 0.000354888 1 0.000306129 -0.000364109 -0.000305871 1 -0.0156889 0.0115186 -0.0930832
FixedParameters: 0 0 0

#Transform 12
Transform: AffineTransform_float_3_3
Parameters: 1 -0.000212024 0.000363986 0.000211976 1 6.50772e-05 -0.000364014 -6.49228e-05 1 -0.010667 -0.00866635 -0.107437
FixedParameters: 0 0 0

#Transform 13
Transform: AffineTransform_float_3_3
Parameters: 1 -0.00021209 0.000363948 0.00021191 1 0.000247077 -0.000364052 -0.000246923 1 0.00169909 -0.0321578 -0.0933489
FixedParameters: 0 0 0

#Transform 14
Transform: AffineTransform_float_3_3
Parameters: 1 -0.000211941 0.000364034 0.000212059 1 -0.000162923 -0.000363965 0.000163077 1 0.00170433 0.00804664 -0.0555185
FixedParameters: 0 0 0

#Transform 15
Transform: AffineTransform_float_3_3
Parameters: 1 -0.00021205 0.000363971 0.00021195 1 0.000138077 -0.000364029 -0.000137923 1 0.00171446 -0.0058018 -0.0357518
FixedParameters: 0 0 0

#Transform 16
Transform: AffineTransform_float_3_3
Parameters: 1 -0.00021202 0.000363988 0.00021198 1 5.60772e-05 -0.000364012 -5.59228e-05 1 0.0104345 -0.019903 -0.0548702
FixedParameters: 0 0 0

#Transform 17
Transform: AffineTransform_float_3_3
Parameters: 1 -0.000353967 0.000261045 0.000354033 1 -0.000125908 -0.000261955 0.000126093 1 0.00691369 0.0134082 -0.0391232
FixedParameters: 0 0 0

#Transform 18
Transform: AffineTransform_float_3_3
Parameters: 1 -0.000211982 0.00036401 0.000212017 1 -4.79228e-05 -0.00036399 4.80772e-05 1 0.00171631 0.0103644 -0.0212677
FixedParameters: 0 0 0

#Transform 19
Transform: AffineTransform_float_3_3
Parameters: 1 -0.000377919 0.000119257 0.000378081 0.999999 -0.000678955 -0.000118743 0.000679045 1 0.0135659 0.0248192 -0.0125267
FixedParameters: 0 0 0

#Transform 20
Transform: AffineTransform_float_3_3
Parameters: 1 -3.90204e-05 0.000363998 3.89796e-05 1 5.60142e-05 -0.000364002 -5.59858e-05 1 -0.012337 -0.00943336 -0.00123651
FixedParameters: 0 0 0

#Transform 21
Transform: AffineTransform_float_3_3
Parameters: 1 -0.000212065 0.000138901 0.000211935 1 0.000466029 -0.000139099 -0.00046597 1 0.00646122 -0.0045111 -0.0191671
FixedParameters: 0 0 0

#Transform 22
Transform: AffineTransform_float_3_3
Parameters: 1 -0.000212143 0.000363917 0.000211857 1 0.000392077 -0.000364083 -0.000391923 1 0.00172333 -0.0397777 -0.0311775
FixedParameters: 0 0 0

#Transform 23
Transform: AffineTransform_float_3_3
Parameters: 1 -0.000212227 0.000363868 0.000211773 1 0.000624077 -0.000364132 -0.000623922 0.999999 0.00172997 -0.050486 -0.0191725
FixedParameters: 0 0 0

#Transform 24
Transform: AffineTransform_float_3_3
Parameters: 1 -0.000212285 0.000363834 0.000211715 0.999999 0.000783077 -0.000364166 -0.000782922 0.999999 0.00173842 -0.0370451 0.0118625
FixedParameters: 0 0 0

#Transform 25
Transform: AffineTransform_float_3_3
Parameters: 1 -0.000212111 0.000141834 0.000211889 0.999999 0.00078303 -0.000142166 -0.000782969 0.999999 0.0119523 -0.0561839 0.000436838
FixedParameters: 0 0 0

#Transform 26
Transform: AffineTransform_float_3_3
Parameters: 1 -9.82849e-05 0.000363923 9.87149e-05 0.999999 0.000783035 -0.000364077 -0.000782964 0.999999 0.00133965 -0.0390687 0.0163012
FixedParameters: 0 0 0

#Transform 27
Transform: AffineTransform_float_3_3
Parameters: 1 -0.000211949 -6.5166e-05 0.000212051 0.999999 0.000782986 6.4834e-05 -0.000783013 0.999999 0.0215256 -0.038863 0.0411226
FixedParameters: 0 0 0

#Transform 28
Transform: AffineTransform_float_3_3
Parameters: 1 0.000123715 0.000364097 -0.000124285 0.999999 0.000782954 -0.000363903 -0.000783045 0.999999 0.00975969 -0.0395863 0.0423385
FixedParameters: 0 0 0

#Transform 29
Transform: AffineTransform_float_3_3
Parameters: 1 -0.00021236 0.00036379 0.00021164 0.999999 0.000989077 -0.00036421 -0.000988923 1 0.00176119 -0.0483927 0.0595772
FixedParameters: 0 0 0

#Transform 30
Transform: AffineTransform_float_3_3
Parameters: 1 -0.00021238 0.000363778 0.00021162 1 0.00104508 -0.000364221 -0.00104492 1 0.00175762 -0.0511162 0.0426855
FixedParameters: 0 0 0

#Transform 31
Transform: AffineTransform_float_3_3
Parameters: 1 -0.000158285 0.000363876 0.000157715 0.999999 0.000783057 -0.000364123 -0.000782942 0.999999 0.00158735 -0.0299366 0.072908
FixedParameters: 0 0 0

#Transform 32
Transform: AffineTransform_float_3_3
Parameters: 1 -0.000212139 0.000142794 0.000211861 0.999999 0.000973029 -0.000143206 -0.000972969 0.999999 0.0243423 -0.0383683 0.072728
FixedParameters: 0 0 0

#Transform 33
Transform: AffineTransform_float_3_3
Parameters: 1 -0.000212364 0.000363788 0.000211635 0.999999 0.00100108 -0.000364212 -0.00100092 1 0.011441 -0.0334544 0.0786883
FixedParameters: 0 0 0

#Transform 34
Transform: AffineTransform_float_3_3
Parameters: 1 -0.000212285 0.000363834 0.000211715 0.999999 0.000783077 -0.000364166 -0.000782922 0.999999 0.00175708 -0.0333713 0.0652666
FixedParameters: 0 0 0

#Transform 35
Transform: AffineTransform_float_3_3
Parameters: 1 -0.000212029 2.27358e-05 0.000211971 0.999999 0.00124601 -2.32641e-05 -0.001246 0.999999 0.0174429 -0.0427544 0.0478422
FixedParameters: 0 0 0

#Transform 36
Transform: AffineTransform_float_3_3
Parameters: 1 -0.000212174 0.000363899 0.000211826 1 0.000477077 -0.000364101 -0.000476923 1 0.0107833 0.0103529 0.0445313
FixedParameters: 0 0 0

#Transform 37
Transform: AffineTransform_float_3_3
Parameters: 1 -0.000212041 7.18776e-05 0.000211958 1 0.000577015 -7.21223e-05 -0.000576985 1 0.0313557 -0.0269327 0.0454942
FixedParameters: 0 0 0

#Transform 38
Transform: AffineTransform_float_3_3
Parameters: 1 -0.000212174 0.000363899 0.000211826 1 0.000477077 -0.000364101 -0.000476923 1 0.0179138 -0.00168121 0.0745774
FixedParameters: 0 0 0

#Transform 39
Transform: AffineTransform_float_3_3
Parameters: 1 -0.000151101 0.000363958 0.000150899 1 0.000277055 -0.000364042 -0.000276945 1 0.0154007 0.038452 0.0845616
FixedParameters: 0 0 0

#Transform 40
Transform: AffineTransform_float_3_3
Parameters: 0.999999 -0.00044727 0.000551781 0.000447729 1 0.000490247 -0.000552219 -0.000489753 0.999999 0.00989219 0.011116 0.0854587
FixedParameters: 0 0 0

#Transform 41
Transform: AffineTransform_float_3_3
Parameters: 1 -0.000212744 0.00118187 0.000212256 1 0.000629251 -0.00118213 -0.000629749 0.999999 -0.027834 -0.0393289 -0.0669824
FixedParameters: 0 0 0

#Transform 42
Transform: AffineTransform_float_3_3
Parameters: 0.999999 -0.000212526 0.00124891 0.000212475 1 0.000420266 -0.00124909 -0.000420735 0.999999 -0.0334466 -0.0381416 -0.0677874
FixedParameters: 0 0 0

#Transform 43
Transform: AffineTransform_float_3_3
Parameters: 1 -0.000128863 0.00112746 0.000124139 0.99999 0.00431214 -0.00112755 -0.00431186 0.99999 -0.0175104 -0.229295 0.0498275
FixedParameters: 0 0 0

#Transform 44
Transform: AffineTransform_float_3_3
Parameters: 1 0.00012473 0.00112837 -0.000128269 0.999996 0.00289886 -0.00112763 -0.00289814 0.999995 -0.0183345 -0.1528 0.0123767
FixedParameters: 0 0 0

#Transform 45
Transform: AffineTransform_float_3_3
Parameters: 1 -0.000214956 0.00112744 0.000212046 0.999996 0.00262024 -0.00112756 -0.00262076 0.999996 -0.0245882 -0.115047 0.0309542
FixedParameters: 0 0 0

#Transform 46
Transform: AffineTransform_float_3_3
Parameters: 1 8.87927e-05 0.00112826 -9.22065e-05 0.999996 0.0028429 -0.00112774 -0.0028431 0.999996 -0.0182466 -0.151504 0.0284391
FixedParameters: 0 0 0

#Transform 47
Transform: AffineTransform_float_3_3
Parameters: 1 0.000155148 0.0011284 -0.000157851 0.999997 0.00252782 -0.00112761 -0.00252818 0.999996 -0.0184761 -0.123955 0.0376726
FixedParameters: 0 0 0

#Transform 48
Transform: AffineTransform_float_3_3
Parameters: 0.999999 8.89103e-05 0.00130322 -9.20891e-05 0.999997 0.00237088 -0.00130279 -0.00237112 0.999997 -0.0263208 -0.116694 0.0375113
FixedParameters: 0 0 0

#Transform 49
Transform: AffineTransform_float_3_3
Parameters: 0.999999 8.92415e-05 0.00132819 -9.1758e-05 0.999998 0.00207688 -0.00132781 -0.00207712 0.999997 -0.0274998 -0.103054 0.0364694
FixedParameters: 0 0 0

#Transform 50
Transform: AffineTransform_float_3_3
Parameters: 0.999999 8.88564e-05 0.00146419 -9.21429e-05 0.999997 0.00214687 -0.0014638 -0.00214713 0.999996 -0.0390222 -0.106284 0.0376375
FixedParameters: 0 0 0

#Transform 51
Transform: AffineTransform_float_3_3
Parameters: 0.999999 8.86968e-05 0.00136222 -9.13049e-05 0.999997 0.00242488 -0.00136278 -0.00242512 0.999996 -0.0290838 -0.09755 0.0686789
FixedParameters: 0 0 0

#Transform 52
Transform: AffineTransform_float_3_3
Parameters: 0.999999 8.89187e-05 0.00143519 -9.20806e-05 0.999997 0.00214687 -0.00143481 -0.00214713 0.999996 -0.0324224 -0.0910052 0.0554093
FixedParameters: 0 0 0

#Transform 53
Transform: AffineTransform_float_3_3
Parameters: 1 8.96671e-05 0.00112819 -9.13325e-05 0.999998 0.0020679 -0.00112781 -0.0020681 0.999997 -0.0182446 -0.115539 0.0317556
FixedParameters: 0 0 0

#Transform 54
Transform: AffineTransform_float_3_3
Parameters: 1 8.96084e-05 0.00112819 -9.13922e-05 0.999997 0.0021209 -0.00112781 -0.0021201 0.999997 -0.0182265 -0.0889807 0.0553809
FixedParameters: 0 0 0

#Transform 55
Transform: AffineTransform_float_3_3
Parameters: 0.999999 8.89228e-05 0.00128922 -9.20778e-05 0.999997 0.00238788 -0.00128878 -0.00238712 0.999997 -0.0256349 -0.0741159 0.0660517
FixedParameters: 0 0 0

#Transform 56
Transform: AffineTransform_float_3_3
Parameters: 0.999999 8.87889e-05 0.00130222 -9.12104e-05 0.999997 0.00246588 -0.00130178 -0.00246612 0.999996 -0.0169888 -0.127024 0.056292
FixedParameters: 0 0 0

#Transform 57
Transform: AffineTransform_float_3_3
Parameters: 1 8.87137e-05 0.00112826 -9.12854e-05 0.999996 0.0029129 -0.00112774 -0.0029131 0.999995 -0.00574964 -0.124222 0.0580999
FixedParameters: 0 0 0

#Transform 58
Transform: AffineTransform_float_3_3
Parameters: 1 8.93952e-05 0.00112821 -9.16043e-05 0.999998 0.0023089 -0.00112779 -0.0023091 0.999996 -0.0101523 -0.0730823 0.0559905
FixedParameters: 0 0 0

#Transform 59
Transform: AffineTransform_float_3_3
Parameters: 1 0.00042351 0.00112894 -0.000425492 0.999998 0.00220752 -0.00112806 -0.00220748 0.999997 -0.00274713 -0.0828948 0.0747488
FixedParameters: 0 0 0

#Transform 60
Transform: AffineTransform_float_3_3
Parameters: 1 0.000370553 0.00112881 -0.000373447 0.999997 0.00216758 -0.00112819 -0.00216842 0.999997 -0.00948715 -0.0929041 0.0831657
FixedParameters: 0 0 0

#Transform 61
Transform: AffineTransform_float_3_3
Parameters: 1 -3.74193e-05 0.00112786 3.25802e-05 0.999993 0.00391804 -0.00112814 -0.00391796 0.999991 -0.0176334 -0.153711 0.0968697
FixedParameters: 0 0 0

#Transform 62
Transform: AffineTransform_float_3_3
Parameters: 0.999999 0.000313568 0.000724621 -0.000314433 0.999998 0.00197677 -0.000724379 -0.00197723 0.999998 0.0161337 -0.0872593 0.0472352
FixedParameters: 0 0 0

#Transform 63
Transform: AffineTransform_float_3_3
Parameters: 1 0.000313244 0.00112849 -0.000314755 0.999998 0.00155565 -0.00112751 -0.00155635 0.999998 -0.0188231 -0.0573962 0.0627539
FixedParameters: 0 0 0

#Transform 64
Transform: AffineTransform_float_3_3
Parameters: 0.999999 1.28875e-05 0.000821018 -1.41124e-05 0.999999 0.00135499 -0.000820981 -0.00135501 0.999998 -0.0111047 -0.0382559 0.0448995
FixedParameters: 0 0 0

#Transform 65
Transform: AffineTransform_float_3_3
Parameters: 1 -9.14377e-05 0.000426907 9.15623e-05 1 0.00102504 -0.000427094 -0.00102496 1 0.0109561 -0.0343792 0.0446179
FixedParameters: 0 0 0

#Transform 66
Transform: AffineTransform_float_3_3
Parameters: 1 0.000175332 0.00065118 -0.000175667 0.999999 0.00102489 -0.00065082 -0.00102511 1 0.0200721 -0.0421119 0.0100624
FixedParameters: 0 0 0

#Transform 67
Transform: AffineTransform_float_3_3
Parameters: 1 -9.13603e-05 0.000426923 9.16395e-05 0.999999 0.000844039 -0.000427077 -0.00084396 0.999999 0.00803592 -0.0170367 0.0268559
FixedParameters: 0 0 0

#Transform 68
Transform: AffineTransform_float_3_3
Parameters: 1 0.00010061 0.000588066 -0.00010139 1 0.00066294 -0.000587933 -0.000663059 0.999999 -0.00484558 -0.017005 0.0396998
FixedParameters: 0 0 0

#Transform 69
Transform: AffineTransform_float_3_3
Parameters: 1 0.000525699 0.00042737 -0.000526301 0.999999 0.000703775 -0.000427629 -0.000704224 0.999999 0.000918645 -0.0197647 0.032232
FixedParameters: 0 0 0

#Transform 70
Transform: AffineTransform_float_3_3
Parameters: 1 0.000214715 0.000427143 -0.000215285 1 0.000667908 -0.000426856 -0.000668091 0.999999 0.00214168 -0.0174579 0.0526924
FixedParameters: 0 0 0

#Transform 71
Transform: AffineTransform_float_3_3
Parameters: 1 -9.12996e-05 0.000556951 9.17003e-05 1 0.000538051 -0.000557049 -0.000537949 0.999999 0.00236662 -0.0019507 0.0556701
FixedParameters: 0 0 0

#Transform 72
Transform: AffineTransform_float_3_3
Parameters: 1 -9.12045e-05 0.000426956 9.07954e-05 1 0.000479039 -0.000427043 -0.000478961 1 0.00372488 -0.021321 0.0633287
FixedParameters: 0 0 0

#Transform 73
Transform: AffineTransform_float_3_3
Parameters: 1 -9.13091e-05 0.000426934 9.16908e-05 0.999999 0.000724039 -0.000427066 -0.000723961 0.999999 0.0190619 -0.00728739 0.0662517
FixedParameters: 0 0 0

#Transform 74
Transform: AffineTransform_float_3_3
Parameters: 1 -9.1327e-05 0.000510941 9.16729e-05 1 0.000640047 -0.000511059 -0.000639953 0.999999 -0.00556136 0.0184249 0.0990017
FixedParameters: 0 0 0

#Transform 75
Transform: AffineTransform_float_3_3
Parameters: 1 -9.11108e-05 0.000667985 9.08891e-05 1 0.000166061 -0.000668015 -0.000165939 1 0.00607195 0.00424503 0.0971782
FixedParameters: 0 0 0

#Transform 76
Transform: AffineTransform_float_3_3
Parameters: 1 2.07703e-05 0.000427011 -2.12297e-05 1 0.000537991 -0.000426989 -0.000538009 1 0.0117945 -0.00769403 0.075949
FixedParameters: 0 0 0

#Transform 77
Transform: AffineTransform_float_3_3
Parameters: 1 -9.12579e-05 0.000676965 9.0742e-05 1 0.000381061 -0.000677034 -0.000380938 0.999999 0.00598503 0.017496 0.134633
FixedParameters: 0 0 0

#Transform 78
Transform: AffineTransform_float_3_3
Parameters: 1 -9.09671e-05 0.000427007 9.10329e-05 1 -7.69611e-05 -0.000426993 7.70388e-05 1 0.0115923 0.0246347 0.120861
FixedParameters: 0 0 0

#Transform 79
Transform: AffineTransform_float_3_3
Parameters: 1 -9.09978e-05 0.000427 9.10021e-05 1 -4.96114e-06 -0.000426999 5.03886e-06 1 0.0162836 0.0352782 0.126319
FixedParameters: 0 0 0

#Transform 80
Transform: AffineTransform_float_3_3
Parameters: 1 -9.09112e-05 0.000427019 9.10888e-05 1 -0.000207961 -0.000426981 0.000208039 1 0.0140887 0.018072 0.101842
FixedParameters: 0 0 0

#Transform 81
Transform: AffineTransform_float_3_3
Parameters: 1 0.000225929 0.000427038 -0.000226072 1 0.000167903 -0.000426962 -0.000167096 1 0.0121094 0.00423645 0.143423
FixedParameters: 0 0 0

#Transform 82
Transform: AffineTransform_float_3_3
Parameters: 1 0.000144033 0.000426989 -0.000143967 1 -7.70615e-05 -0.000427011 7.69385e-05 1 0.00590167 0.0183232 0.152715
FixedParameters: 0 0 0

#Transform 83
Transform: AffineTransform_float_3_3
Parameters: 1 0.000421083 8.3584e-05 -0.000420918 1 -0.000988035 -8.34159e-05 0.000987965 0.999999 0.00913945 0.027435 0.0683225
FixedParameters: 0 0 0

#Transform 84
Transform: AffineTransform_float_3_3
Parameters: 1 0.000166816 0.000427072 -0.000167184 1 0.000430929 -0.000426928 -0.000431071 1 0.00701161 0.0384827 0.16183
FixedParameters: 0 0 0

#Transform 85
Transform: AffineTransform_float_3_3
Parameters: 1 0.000333404 0.000427465 -0.000333596 0.999999 0.00139386 -0.000427535 -0.00139414 0.999999 0.0298446 -0.116604 0.172526
FixedParameters: 0 0 0

#Transform 86
Transform: AffineTransform_float_3_3
Parameters: 1 0.000333848 0.000427119 -0.000334152 1 0.000355857 -0.000426881 -0.000356142 1 0.0298452 -0.0839033 0.169506
FixedParameters: 0 0 0

#Transform 87
Transform: AffineTransform_float_3_3
Parameters: 1 0.000334141 0.000426889 -0.000333859 1 -0.000331142 -0.00042711 0.000330857 1 0.0298644 -0.0369907 0.168385
FixedParameters: 0 0 0

#Transform 88
Transform: AffineTransform_float_3_3
Parameters: 1 0.000334157 0.000231774 -0.000333844 0.999999 -0.000676077 -0.000231226 0.000675922 0.999999 0.0316609 -0.0209306 0.14155
FixedParameters: 0 0 0

#Transform 89
Transform: AffineTransform_float_3_3
Parameters: 1 0.000334595 0.000426534 -0.000334404 0.999999 -0.00139514 -0.000427467 0.00139486 0.999999 0.0180412 0.00146755 0.158911
FixedParameters: 0 0 0

#Transform 90
Transform: AffineTransform_float_3_3
Parameters: 1 0.000311539 0.000426607 -0.00031046 0.999999 -0.00126413 -0.000427393 0.00126387 0.999999 0.0122483 -0.000605627 0.170753
FixedParameters: 0 0 0

#Transform 91
Transform: AffineTransform_float_3_3
Parameters: 1 0.0004681 7.13471e-05 -0.000467899 0.999999 -0.00139503 -7.26528e-05 0.00139497 0.999999 0.0318354 -0.0108176 0.187523
FixedParameters: 0 0 0

#Transform 92
Transform: AffineTransform_float_3_3
Parameters: 1 0.000359213 0.000152499 -0.000358788 0.999999 -0.00139505 -0.000152501 0.00139495 0.999999 0.0289508 6.62721e-06 0.187459
FixedParameters: 0 0 0

#Transform 93
Transform: AffineTransform_float_3_3
Parameters: 0.999999 0.000740694 -0.000358632 -0.000741306 1 -0.000852734 0.000358367 0.000853266 0.999999 0.0647264 -0.00727362 0.163894
FixedParameters: 0 0 0

#Transform 94
Transform: AffineTransform_float_3_3
Parameters: 1 -5.3937e-05 4.70723e-05 5.40629e-05 0.999999 -0.001339 -4.69277e-05 0.001339 0.999999 0.0657691 0.00764498 0.21694
FixedParameters: 0 0 0

#Transform 95
Transform: AffineTransform_float_3_3
Parameters: 1 0.000617992 -6.72924e-06 -0.000618007 0.999999 -0.00118 5.27076e-06 0.00118 1 0.0488264 -0.0452396 0.167657
FixedParameters: 0 0 0

#Transform 96
Transform: AffineTransform_float_3_3
Parameters: 1 0.000407769 -0.000143657 -0.00040723 0.999998 -0.00161194 0.000142344 0.00161206 0.999998 0.0248544 0.0404236 0.198896
FixedParameters: 0 0 0

#Transform 97
Transform: AffineTransform_float_3_3
Parameters: 1 0.000469696 -0.00012911 -0.000469304 0.999997 -0.00236294 0.000127891 0.00236306 0.999997 0.0205088 0.0446822 0.159666
FixedParameters: 0 0 0

#Transform 98
Transform: AffineTransform_float_3_3
Parameters: 1 0.000316781 -0.000100692 -0.00031722 0.999997 -0.00218497 0.000100307 0.00218503 0.999997 0.0251996 0.0380433 0.157914
FixedParameters: 0 0 0

#Transform 99
Transform: AffineTransform_float_3_3
Parameters: 1 0.000242567 -0.000358294 -0.000243434 0.999999 -0.00120891 0.000358706 0.00120909 0.999999 0.0523048 0.0318612 0.164591
FixedParameters: 0 0 0

#Transform 100
Transform: AffineTransform_float_3_3
Parameters: 1 0.000200938 -3.04106e-05 -0.000201063 0.999998 -0.00204299 3.05893e-05 0.00204301 0.999998 0.0316062 0.0435825 0.146884
FixedParameters: 0 0 0

#Transform 101
Transform: AffineTransform_float_3_3
Parameters: 1 0.00052288 -5.80872e-05 -0.000523119 0.999997 -0.00207897 5.69125e-05 0.00207903 0.999998 0.0169635 0.0840978 0.172486
FixedParameters: 0 0 0

#Transform 102
Transform: AffineTransform_float_3_3
Parameters: 1 0.000522302 -0.000359017 -0.000522697 0.999998 -0.00194581 0.000357983 0.00194619 0.999998 0.0286289 0.0745839 0.159082
FixedParameters: 0 0 0

#Transform 103
Transform: AffineTransform_float_3_3
Parameters: 1 0.000522194 -0.000359174 -0.000522808 0.999998 -0.00224681 0.000358826 0.00224719 0.999998 0.0378643 0.0886855 0.170161
FixedParameters: 0 0 0

#Transform 104
Transform: AffineTransform_float_3_3
Parameters: 1 0.000522863 -5.82393e-05 -0.000523136 0.999997 -0.00236997 5.67603e-05 0.00237003 0.999997 0.0180199 0.122407 0.183095
FixedParameters: 0 0 0

#Transform 105
Transform: AffineTransform_float_3_3
Parameters: 1 0.000468386 -0.00029996 -0.000468614 0.999998 -0.00204886 0.00029904 0.00204914 0.999998 0.0352817 0.0517707 0.154184
FixedParameters: 0 0 0

#Transform 106
Transform: AffineTransform_float_3_3
Parameters: 1 0.000315772 -0.000106678 -0.000316229 0.999997 -0.00214496 0.000106322 0.00214503 0.999997 0.0268305 0.0893808 0.176417
FixedParameters: 0 0 0

#Transform 107
Transform: AffineTransform_float_3_3
Parameters: 1 0.000289506 0.000236381 -0.000288494 0.999997 -0.00213907 -0.000236618 0.00213893 0.999997 0.0111028 0.103512 0.170645
FixedParameters: 0 0 0

#Transform 108
Transform: AffineTransform_float_3_3
Parameters: 1 0.000123217 0.000186857 -0.000122783 1 -0.00116202 -0.000187143 0.00116198 1 0.0138978 0.0642015 0.171842
FixedParameters: 0 0 0

#Transform 109
Transform: AffineTransform_float_3_3
Parameters: 1 0.000123279 0.000242859 -0.000122721 1 -0.00114903 -0.000243141 0.00114897 1 0.0112912 0.0503503 0.164499
FixedParameters: 0 0 0

#Transform 110
Transform: AffineTransform_float_3_3
Parameters: 1 0.000123074 4.78111e-05 -0.000122928 0.999999 -0.00153501 -4.71887e-05 0.00153499 0.999999 0.0315993 0.0914664 0.204321
FixedParameters: 0 0 0

#Transform 111
Transform: AffineTransform_float_3_3
Parameters: 1 0.000259705 -0.000192399 -0.000260296 0.999999 -0.00153495 0.000192601 0.00153505 0.999999 0.0444504 0.0644256 0.168879
FixedParameters: 0 0 0

#Transform 112
Transform: AffineTransform_float_3_3
Parameters: 1 0.000122959 -4.21185e-05 -0.00012304 0.999999 -0.000963994 4.18814e-05 0.000964004 0.999999 0.0405644 0.0402729 0.195454
FixedParameters: 0 0 0

#Transform 113
Transform: AffineTransform_float_3_3
Parameters: 1 0.000122953 -4.01444e-05 -0.000123047 1 -0.001174 3.98556e-05 0.00117401 1 0.040471 0.0675863 0.248013
FixedParameters: 0 0 0

#Transform 114
Transform: AffineTransform_float_3_3
Parameters: 1 0.000202118 0.000142833 -0.000201882 0.999999 -0.000827028 -0.000143167 0.00082697 0.999999 0.0317745 0.0375171 0.220349
FixedParameters: 0 0 0

#Transform 115
Transform: AffineTransform_float_3_3
Parameters: 1 0.000122902 -8.41434e-05 -0.000123098 1 -0.00116599 8.38565e-05 0.00116601 1 0.0347438 0.0914365 0.253307
FixedParameters: 0 0 0

#Transform 116
Transform: AffineTransform_float_3_3
Parameters: 1 0.00012259 -0.000358141 -0.000122411 1 -0.00114496 0.00035886 0.00114504 1 0.0551575 0.101537 0.241189
FixedParameters: 0 0 0

#Transform 117
Transform: AffineTransform_float_3_3
Parameters: 1 0.000122611 -0.000286167 -0.000122388 0.999999 -0.00135797 0.000285834 0.00135804 0.999999 0.0518018 0.0787156 0.201734
FixedParameters: 0 0 0

#Transform 118
Transform: AffineTransform_float_3_3
Parameters: 1 0.000123149 9.3804e-05 -0.00012285 0.999998 -0.00159201 -9.41957e-05 0.00159199 0.999998 0.0342803 0.0895049 0.227496
FixedParameters: 0 0 0

#Transform 119
Transform: AffineTransform_float_3_3
Parameters: 1 0.000123305 0.000198811 -0.000122694 0.999999 -0.00153502 -0.000199189 0.00153497 0.999999 0.0294178 0.0999661 0.247734
FixedParameters: 0 0 0

#Transform 120
Transform: AffineTransform_float_3_3
Parameters: 1 0.000122881 -8.71686e-05 -0.000123119 0.999999 -0.00137099 8.68313e-05 0.00137101 0.999999 0.0426191 0.0748276 0.24723
FixedParameters: 0 0 0

#Transform 121
Transform: AffineTransform_float_3_3
Parameters: 1 -4.75295e-05 0.000349064 4.74704e-05 0.999999 -0.00134798 -0.000348936 0.00134802 0.999999 0.0231426 0.1007 0.272606
FixedParameters: 0 0 0

#Transform 122
Transform: AffineTransform_float_3_3
Parameters: 1 0.000123429 0.000353851 -0.000122571 1 -0.00121204 -0.000354149 0.00121196 0.999999 0.0222443 0.0940919 0.264686
FixedParameters: 0 0 0

#Transform 123
Transform: AffineTransform_float_3_3
Parameters: 1 0.000123278 0.000180811 -0.000122722 0.999999 -0.00153502 -0.000181189 0.00153498 0.999999 0.0259539 0.083285 0.246062
FixedParameters: 0 0 0

#Transform 124
Transform: AffineTransform_float_3_3
Parameters: 1 0.000122973 -2.11595e-05 -0.000123027 0.999999 -0.001297 2.08405e-05 0.001297 0.999999 0.0369023 0.0886128 0.225762
FixedParameters: 0 0 0

#Transform 125
Transform: AffineTransform_float_3_3
Parameters: 1 0.000122671 -0.000273148 -0.000122329 1 -0.00120397 0.000272853 0.00120403 0.999999 0.0511989 0.101414 0.275649
FixedParameters: 0 0 0

#Transform 126
Transform: AffineTransform_float_3_3
Parameters: 1 0.000122917 -5.41887e-05 -0.000123083 0.999999 -0.00153499 5.38111e-05 0.00153501 0.999999 0.0578807 0.10639 0.271491
FixedParameters: 0 0 0

#Transform 127
Transform: AffineTransform_float_3_3
Parameters: 1 0.000123167 9.1777e-05 -0.000122833 0.999999 -0.00181201 -9.22228e-05 0.00181199 0.999999 0.0511064 0.107612 0.240293
FixedParameters: 0 0 0

#Transform 128
Transform: AffineTransform_float_3_3
Parameters: 1 0.00012253 -0.000190303 -0.000122471 0.999997 -0.00246998 0.000190698 0.00247002 0.999997 0.0525211 0.133548 0.238807
FixedParameters: 0 0 0

#Transform 129
Transform: AffineTransform_float_3_3
Parameters: 1 0.000122694 -0.000168224 -0.000122306 0.999999 -0.00182198 0.000167777 0.00182202 0.999999 0.0571706 0.074038 0.240827
FixedParameters: 0 0 0

#Transform 130
Transform: AffineTransform_float_3_3
Parameters: 1 0.000183778 -0.000494456 -0.000185223 0.999997 -0.00247191 0.000494543 0.00247209 0.999997 0.0690485 0.134947 0.252549
FixedParameters: 0 0 0

#Transform 131
Transform: AffineTransform_float_3_3
Parameters: 1 0.000189254 -0.000292484 -0.000190744 0.999996 -0.00255094 0.000291514 0.00255105 0.999996 0.0521127 0.148282 0.270863
FixedParameters: 0 0 0

#Transform 132
Transform: AffineTransform_float_3_3
Parameters: 1 0.000121483 -0.000532348 -0.000122519 0.999996 -0.00285093 0.000532653 0.00285106 0.999996 0.0685332 0.162281 0.277769
FixedParameters: 0 0 0

#Transform 133
Transform: AffineTransform_float_3_3
Parameters: 1 0.000319133 -0.00030491 -0.000319867 0.999996 -0.0028479 0.00030409 0.0028481 0.999996 0.0641923 0.161689 0.292386
FixedParameters: 0 0 0

#Transform 134
Transform: AffineTransform_float_3_3
Parameters: 1 0.000283242 7.003e-05 -0.000283759 0.999994 -0.00342602 -7.09726e-05 0.00342598 0.999994 0.0470293 0.188334 0.313245
FixedParameters: 0 0 0

#Transform 135
Transform: AffineTransform_float_3_3
Parameters: 1 0.000463126 -0.000228777 -0.000463874 0.999992 -0.00383289 0.000227224 0.0038331 0.999992 0.0605586 0.195586 0.333744
FixedParameters: 0 0 0

#Transform 136
Transform: AffineTransform_float_3_3
Parameters: 1 0.000293113 2.78345e-05 -0.000292886 0.999992 -0.00397701 -2.9165e-05 0.00397699 0.999992 0.0534668 0.194072 0.32652
FixedParameters: 0 0 0

#Transform 137
Transform: AffineTransform_float_3_3
Parameters: 1 0.00031862 -9.72539e-05 -0.000318379 0.999992 -0.00393297 9.57486e-05 0.00393303 0.999993 0.0590823 0.191884 0.347755
FixedParameters: 0 0 0

#Transform 138
Transform: AffineTransform_float_3_3
Parameters: 1 0.00031875 -6.71971e-05 -0.000319249 0.999993 -0.00375398 6.5802e-05 0.00375402 0.999993 0.0426712 0.220381 0.348315
FixedParameters: 0 0 0

#Transform 139
Transform: AffineTransform_float_3_3
Parameters: 1 0.000318959 -1.1245e-05 -0.000319041 0.999993 -0.003903 9.75486e-06 0.00390301 0.999993 0.045088 0.207973 0.347645
FixedParameters: 0 0 0

#Transform 140
Transform: AffineTransform_float_3_3
Parameters: 1 0.000318866 -3.52285e-05 -0.000319132 0.999992 -0.00385199 3.37709e-05 0.00385201 0.999992 0.0563007 0.188139 0.342318
FixedParameters: 0 0 0

#Transform 141
Transform: AffineTransform_float_3_3
Parameters: 1 0.000387434 -0.000139581 -0.000387563 0.999991 -0.00407694 0.000137421 0.00407705 0.999991 0.0608314 0.229458 0.347442
FixedParameters: 0 0 0

#Transform 142
Transform: AffineTransform_float_3_3
Parameters: 1 0.000319095 2.27072e-05 -0.000318908 0.999991 -0.00405201 -2.32924e-05 0.00405199 0.999992 0.0536332 0.242573 0.349759
FixedParameters: 0 0 0

#Transform 143
Transform: AffineTransform_float_3_3
Parameters: 1 0.0003179 -0.000269304 -0.000319103 0.999991 -0.00409591 0.000268695 0.00409508 0.999991 0.0671265 0.230432 0.339612
FixedParameters: 0 0 0

#Transform 144
Transform: AffineTransform_float_3_3
Parameters: 1 0.000318628 -9.13065e-05 -0.000318374 0.999991 -0.00409797 9.0696e-05 0.00409803 0.999991 0.0438289 0.242183 0.327458
FixedParameters: 0 0 0

#Transform 145
Transform: AffineTransform_float_3_3
Parameters: 1 0.000504615 -0.000109782 -0.000504381 0.999993 -0.00353094 0.00010722 0.00353105 0.999994 0.0370092 0.174861 0.301374
FixedParameters: 0 0 0

#Transform 146
Transform: AffineTransform_float_3_3
Parameters: 1 0.00055244 0.00017562 -0.000551561 0.999996 -0.0024981 -0.000176378 0.0024979 0.999997 0.0289683 0.176618 0.349434
FixedParameters: 0 0 0

#Transform 147
Transform: AffineTransform_float_3_3
Parameters: 1 0.000610526 -0.000201441 -0.000610472 0.999997 -0.00235888 0.00019956 0.00235912 0.999997 0.062965 0.152364 0.332016
FixedParameters: 0 0 0

#Transform 148
Transform: AffineTransform_float_3_3
Parameters: 1 0.000253362 -0.000222728 -0.000254639 0.999996 -0.00287094 0.00022227 0.00287106 0.999996 0.0652919 0.177293 0.304841
FixedParameters: 0 0 0

#Transform 149
Transform: AffineTransform_float_3_3
Parameters: 1 0.000435431 -0.000168479 -0.000436568 0.999994 -0.00339493 0.000166519 0.00339507 0.999994 0.0449534 0.205272 0.324629
FixedParameters: 0 0 0

#Transform 150
Transform: AffineTransform_float_3_3
Parameters: 1 0.000254211 9.74501e-05 -0.000254789 0.999997 -0.00216402 -9.75516e-05 0.00216397 0.999997 0.0364202 0.162049 0.341001
FixedParameters: 0 0 0

#Transform 151
Transform: AffineTransform_float_3_3
Parameters: 1 0.000254702 0.000315435 -0.000254297 0.999998 -0.00222308 -0.000316566 0.00222292 0.999998 0.0403794 0.166933 0.364507
FixedParameters: 0 0 0

#Transform 152
Transform: AffineTransform_float_3_3
Parameters: 1 0.000254673 0.000252323 -0.000254328 0.999997 -0.00266307 -0.000252678 0.00266294 0.999997 0.0433756 0.174566 0.339046
FixedParameters: 0 0 0

#Transform 153
Transform: AffineTransform_float_3_3
Parameters: 1 0.000253954 -1.76779e-05 -0.000254047 0.999997 -0.002669 1.7322e-05 0.00266901 0.999997 0.0430249 0.190577 0.316398
FixedParameters: 0 0 0

#Transform 154
Transform: AffineTransform_float_3_3
Parameters: 1 8.34722e-05 -0.000511252 -8.55275e-05 0.999995 -0.00298996 0.000510747 0.00298904 0.999996 0.0617019 0.181181 0.304848
FixedParameters: 0 0 0

#Transform 155
Transform: AffineTransform_float_3_3
Parameters: 1 6.99631e-05 -0.0003652 -7.10391e-05 0.999996 -0.00283997 0.0003658 0.00284003 0.999996 0.0526966 0.195663 0.323368
FixedParameters: 0 0 0

#Transform 156
Transform: AffineTransform_float_3_3
Parameters: 1 0.00012355 -0.00019229 -0.00012345 0.999997 -0.00234298 0.000191711 0.00234302 0.999997 0.0393243 0.185057 0.351485
FixedParameters: 0 0 0

#Transform 157
Transform: AffineTransform_float_3_3
Parameters: 1 0.00025409 3.43412e-05 -0.000253908 0.999996 -0.00259301 -3.56585e-05 0.00259299 0.999996 0.0368793 0.17448 0.333963
FixedParameters: 0 0 0

#Transform 158
Transform: AffineTransform_float_3_3
Parameters: 1 -0.000116726 0.000136235 0.000117274 0.999998 -0.00201298 -0.000135764 0.00201302 0.999998 0.0498744 0.183732 0.325636
FixedParameters: 0 0 0

#Transform 159
Transform: AffineTransform_float_3_3
Parameters: 1 -0.000214953 1.95192e-05 0.000215045 0.999997 -0.002415 -1.84807e-05 0.002415 0.999997 0.0555841 0.184627 0.312136
FixedParameters: 0 0 0

#Transform 160
Transform: AffineTransform_float_3_3
Parameters: 1 -0.000164169 -6.6585e-05 0.000163833 0.999997 -0.00252901 6.64145e-05 0.00252899 0.999997 0.0526978 0.189805 0.329021
FixedParameters: 0 0 0

#Transform 161
Transform: AffineTransform_float_3_3
Parameters: 1 -0.000164359 -0.000177669 0.000163643 0.999998 -0.00201703 0.00017733 0.00201697 0.999998 0.0455129 0.187699 0.344673
FixedParameters: 0 0 0

#Transform 162
Transform: AffineTransform_float_3_3
Parameters: 1 -0.000165205 -0.000624683 0.000163795 0.999998 -0.0019271 0.000625317 0.0019279 0.999998 0.0689565 0.18198 0.341415
FixedParameters: 0 0 0

#Transform 163
Transform: AffineTransform_float_3_3
Parameters: 0.999999 -0.000165685 -0.000781645 0.000163314 0.999997 -0.00215513 0.000782354 0.00215587 0.999998 0.0793585 0.206053 0.336005
FixedParameters: 0 0 0

#Transform 164
Transform: AffineTransform_float_3_3
Parameters: 1 -0.000164666 -0.000294629 0.000163335 0.999998 -0.00226005 0.00029437 0.00225995 0.999998 0.0536188 0.223918 0.351811
FixedParameters: 0 0 0

#Transform 165
Transform: AffineTransform_float_3_3
Parameters: 1 -0.000164573 -0.000238606 0.000163429 0.999997 -0.00239904 0.000238393 0.00239896 0.999997 0.0389626 0.204562 0.344925
FixedParameters: 0 0 0

#Transform 166
Transform: AffineTransform_float_3_3
Parameters: 1 -0.000165014 -0.000364542 0.000163984 0.999996 -0.00278106 0.000365457 0.00278094 0.999996 0.0542516 0.16921 0.343849
FixedParameters: 0 0 0

#Transform 167
Transform: AffineTransform_float_3_3
Parameters: 1 0.000298531 -0.000193724 -0.00029947 0.999997 -0.00242494 0.000193274 0.00242506 0.999997 0.030449 0.179527 0.373981
FixedParameters: 0 0 0

#Transform 168
Transform: AffineTransform_float_3_3
Parameters: 0.999999 0.000492112 -0.000570766 -0.000492887 0.999998 -0.00155572 0.000570233 0.00155628 0.999998 0.0570757 0.0957954 0.399891
FixedParameters: 0 0 0

#Transform 169
Transform: AffineTransform_float_3_3
Parameters: 1 0.000369018 -0.000545665 -0.000369983 0.999999 -0.0018008 0.000545335 0.0018012 0.999998 0.0674615 0.134182 0.391258
FixedParameters: 0 0 0

#Transform 170
Transform: AffineTransform_float_3_3
Parameters: 1 0.000197514 -0.000225427 -0.000198487 0.999997 -0.00215895 0.000225572 0.00215904 0.999997 0.0626278 0.126643 0.330222
FixedParameters: 0 0 0

#Transform 171
Transform: AffineTransform_float_3_3
Parameters: 1 -3.66569e-05 -0.000220892 3.53428e-05 0.999995 -0.00297301 0.000221106 0.00297299 0.999995 0.0627995 0.139307 0.303489
FixedParameters: 0 0 0

#Transform 172
Transform: AffineTransform_float_3_3
Parameters: 1 0.000300099 3.82298e-05 -0.000300901 0.999996 -0.00256701 -3.87725e-05 0.00256699 0.999996 0.053061 0.183674 0.365853
FixedParameters: 0 0 0

#Transform 173
Transform: AffineTransform_float_3_3
Parameters: 1 0.00021146 -0.000205557 -0.000212541 0.999996 -0.00263196 0.000205441 0.00263204 0.999997 0.0645897 0.198487 0.393845
FixedParameters: 0 0 0

#Transform 174
Transform: AffineTransform_float_3_3
Parameters: 1 -5.5133e-05 -0.000409849 5.38666e-05 0.999996 -0.00276402 0.00041015 0.00276398 0.999996 0.0748797 0.188868 0.364893
FixedParameters: 0 0 0

#Transform 175
Transform: AffineTransform_float_3_3
Parameters: 1 -0.000109933 -0.000382733 0.000109066 0.999997 -0.00243704 0.000383267 0.00243696 0.999997 0.0700526 0.209115 0.380808
FixedParameters: 0 0 0

#Transform 176
Transform: AffineTransform_float_3_3
Parameters: 1 0.000346794 -0.000103691 -0.000347207 0.999998 -0.00199296 0.000103308 0.00199304 0.999998 0.0712374 0.184409 0.334038
FixedParameters: 0 0 0

#Transform 177
Transform: AffineTransform_float_3_3
Parameters: 1 -0.000126544 -0.000656704 0.000125456 0.999997 -0.00235008 0.000657296 0.00234992 0.999997 0.0864407 0.207032 0.322085
FixedParameters: 0 0 0

#Transform 178
Transform: AffineTransform_float_3_3
Parameters: 0.999999 0.00017489 -0.000719516 -0.000177109 0.999995 -0.00293387 0.000718484 0.00293313 0.999996 0.0883742 0.189829 0.293502
FixedParameters: 0 0 0

#Transform 179
Transform: AffineTransform_float_3_3
Parameters: 0.999999 0.000448862 -0.000801201 -0.000451138 0.999997 -0.00267064 0.000799798 0.00267036 0.999996 0.0955282 0.165003 0.299035
FixedParameters: 0 0 0
