#Insight Transform File V1.0
#Transform 0
Transform: AffineTransform_float_3_3
Parameters: 1 0.000563 7.03187e-07 -0.000563001 0.999999 0.001249 -2.96812e-07 -0.001249 0.999999 -0.0188918 -0.0310243 0.0470652
FixedParameters: 0 0 0

#Transform 1
Transform: AffineTransform_float_3_3
Parameters: 1 0.000670999 8.38079e-07 -0.000671001 0.999999 0.001249 -1.6192e-07 -0.001249 0.999999 -0.00837454 -0.0518968 0.0300642
FixedParameters: 0 0 0

#Transform 2
Transform: AffineTransform_float_3_3
Parameters: 1 0.000617999 8.14524e-07 -0.000618001 0.999999 0.001318 -1.85475e-07 -0.001318 0.999999 -0.00913126 -0.0282265 0.034409
FixedParameters: 0 0 0

#Transform 3
Transform: AffineTransform_float_3_3
Parameters: 1 0.000591999 7.39408e-07 -0.000592001 0.999999 0.001249 -2.60591e-07 -0.001249 0.999999 0.000322069 -0.0311337 0.0235233
FixedParameters: 0 0 0

#Transform 4
Transform: AffineTransform_float_3_3
Parameters: 1 0.000306 3.82194e-07 -0.000306 0.999999 0.001249 3.82194e-07 -0.001249 0.999999 0.000157214 -0.0285088 0.016835
FixedParameters: 0 0 0

#Transform 5
Transform: AffineTransform_float_3_3
Parameters: 1 0.000569999 7.41e-07 -0.000570001 0.999999 0.0013 -2.58999e-07 -0.0013 0.999999 -0.00174635 -0.0105971 0.0220905
FixedParameters: 0 0 0

#Transform 6
Transform: AffineTransform_float_3_3
Parameters: 1 0.000580815 0.000113943 -0.000581184 0.999998 0.00162293 -0.000113057 -0.00162306 0.999998 0.0010506 -0.0315007 0.0133752
FixedParameters: 0 0 0

#Transform 7
Transform: AffineTransform_float_3_3
Parameters: 1 0.000401 3.86163e-07 -0.000401 1 0.000963 3.86163e-07 -0.000963 0.999999 0.000287277 -0.00234867 0.0163961
FixedParameters: 0 0 0

#Transform 8
Transform: AffineTransform_float_3_3
Parameters: 1 0.000363 2.73702e-07 -0.000363 0.999999 0.000753999 2.73702e-07 -0.000753999 0.999999 0.00572996 -0.0163758 0.00047041
FixedParameters: 0 0 0

#Transform 9
Transform: AffineTransform_float_3_3
Parameters: 1 0.000362951 6.52737e-05 -0.000363049 0.999999 0.000753976 -6.47263e-05 -0.000754023 0.999999 -0.00122551 -0.00545539 0.00962172
FixedParameters: 0 0 0

#Transform 10
Transform: AffineTransform_float_3_3
Parameters: 1 0.000363113 -0.000169759 -0.000362887 0.999999 0.000664061 0.000170241 -0.000663938 1 0.00445281 0.00512478 0.0187957
FixedParameters: 0 0 0

#Transform 11
Transform: AffineTransform_float_3_3
Parameters: 1 0.000363 2.52285e-07 -0.000363 0.999999 0.000695 2.52285e-07 -0.000695 1 0.00030212 -0.0214509 -0.0209246
FixedParameters: 0 0 0

#Transform 12
Transform: AffineTransform_float_3_3
Parameters: 1 0.000362948 0.000110172 -0.000363052 1 0.00047296 -0.000110828 -0.00047304 1 -0.00237128 0.00968061 -0.0102466
FixedParameters: 0 0 0

#Transform 13
Transform: AffineTransform_float_3_3
Parameters: 1 0.0002618 0.000527099 -0.0002612 1 0.000379862 -0.000526901 -0.000380138 1 -0.0125269 -0.0213822 -0.022753
FixedParameters: 0 0 0

#Transform 14
Transform: AffineTransform_float_3_3
Parameters: 1 4.1e-05 1.2095e-08 -4.1e-05 1 0.000295 1.2095e-08 -0.000295 1 0.000141585 0.00282928 -0.00724487
FixedParameters: 0 0 0

#Transform 15
Transform: AffineTransform_float_3_3
Parameters: 1 3.9e-05 1.1505e-08 -3.9e-05 1 0.000295 1.1505e-08 -0.000295 1 -0.00255017 -0.00516154 -0.00724251
FixedParameters: 0 0 0

#Transform 16
Transform: AffineTransform_float_3_3
Parameters: 1 -6.9e-05 -2.7255e-08 6.9e-05 1 0.000395 -2.7255e-08 -0.000395 1 5.88435e-06 0.0220565 0.00914638
FixedParameters: 0 0 0

#Transform 17
Transform: AffineTransform_float_3_3
Parameters: 1 0.000363023 0.000202959 -0.000362977 1 -0.000113074 -0.000203041 0.000112926 1 -0.0045947 -0.00801946 -0.00728667
FixedParameters: 0 0 0

#Transform 18
Transform: AffineTransform_float_3_3
Parameters: 1 0.000362929 0.000250103 -0.000363071 1 0.000283909 -0.000249897 -0.000284091 1 -0.00573719 0.00303718 0.0090937
FixedParameters: 0 0 0

#Transform 19
Transform: AffineTransform_float_3_3
Parameters: 1 7.5e-05 2.445e-08 -7.5e-05 1 0.000326 2.445e-08 -0.000326 1 0.000165519 -0.0184905 -0.00726028
FixedParameters: 0 0 0

#Transform 20
Transform: AffineTransform_float_3_3
Parameters: 1 0.000143015 -0.000169988 -0.000142985 1 8.70243e-05 0.000170012 -8.69757e-05 1 0.00704136 0.00812544 -0.00690341
FixedParameters: 0 0 0

#Transform 21
Transform: AffineTransform_float_3_3
Parameters: 1 0.000178993 7.50156e-05 -0.000179007 1 8.69866e-05 -7.49844e-05 -8.70134e-05 1 -0.00165329 0.00802531 -0.00720403
FixedParameters: 0 0 0

#Transform 22
Transform: AffineTransform_float_3_3
Parameters: 1 -5.1e-05 -4.437e-09 5.1e-05 1 8.7e-05 -4.437e-09 -8.7e-05 1 1.89175e-05 0.00835699 -0.00713026
FixedParameters: 0 0 0

#Transform 23
Transform: AffineTransform_float_3_3
Parameters: 1 -5.1e-05 1.734e-09 5.1e-05 1 -3.4e-05 1.734e-09 3.4e-05 1 1.87698e-05 0.0112541 -0.00709618
FixedParameters: 0 0 0

#Transform 24
Transform: AffineTransform_float_3_3
Parameters: 1 -5.1e-05 -4.437e-09 5.1e-05 1 8.7e-05 -4.437e-09 -8.7e-05 1 1.98969e-05 -0.0108465 -0.0123846
FixedParameters: 0 0 0

#Transform 25
Transform: AffineTransform_float_3_3
Parameters: 1 -5.1e-05 -4.437e-09 5.1e-05 1 8.7e-05 -4.437e-09 -8.7e-05 1 -0.00842808 0.00835656 -0.00713026
FixedParameters: 0 0 0

#Transform 26
Transform: AffineTransform_float_3_3
Parameters: 1 -5.10311e-05 0.000287994 5.09689e-05 1 0.000108015 -0.000288005 -0.000107985 1 -0.00691409 0.007856 -0.00761871
FixedParameters: 0 0 0

#Transform 27
Transform: AffineTransform_float_3_3
Parameters: 1 7.8e-05 -1.0998e-08 -7.8e-05 1 -0.000141 -1.0998e-08 0.000141 1 -0.00383387 0.0136982 -0.0298117
FixedParameters: 0 0 0

#Transform 28
Transform: AffineTransform_float_3_3
Parameters: 1 -5.09653e-05 0.000144012 5.10347e-05 1 -0.000240993 -0.000143988 0.000241007 1 -0.00343081 0.00235176 -0.0181443
FixedParameters: 0 0 0

#Transform 29
Transform: AffineTransform_float_3_3
Parameters: 1 -5.1e-05 7.191e-09 5.1e-05 1 -0.000141 7.191e-09 0.000141 1 1.86374e-05 0.0138499 -0.0152147
FixedParameters: 0 0 0

#Transform 30
Transform: AffineTransform_float_3_3
Parameters: 1 -5.1e-05 2.295e-09 5.1e-05 1 -4.5e-05 2.295e-09 4.5e-05 1 -0.00756089 0.00464835 -0.00544045
FixedParameters: 0 0 0

#Transform 31
Transform: AffineTransform_float_3_3
Parameters: 1 -5.10154e-05 -0.000108993 5.09846e-05 1 -0.000141006 0.000109007 0.000140994 1 -0.0166497 0.01385 -0.0360053
FixedParameters: 0 0 0

#Transform 32
Transform: AffineTransform_float_3_3
Parameters: 1 0.000122968 -0.000229017 -0.000123032 1 -0.000140972 0.000228983 0.000141028 1 -0.0108174 0.0136375 -0.0151493
FixedParameters: 0 0 0

#Transform 33
Transform: AffineTransform_float_3_3
Parameters: 1 0.000156974 -0.000125032 -0.000157026 1 -0.00020698 0.000124967 0.00020702 1 -0.00463778 -0.00257763 -0.0243435
FixedParameters: 0 0 0

#Transform 34
Transform: AffineTransform_float_3_3
Parameters: 1 -5.1e-05 1.4484e-08 5.1e-05 1 -0.000284 1.4484e-08 0.000284 1 -0.00712854 0.017288 -0.00362097
FixedParameters: 0 0 0

#Transform 35
Transform: AffineTransform_float_3_3
Parameters: 1 -5.1e-05 7.191e-09 5.1e-05 1 -0.000141 7.191e-09 0.000141 1 1.9715e-05 -0.00727869 -0.0250887
FixedParameters: 0 0 0

#Transform 36
Transform: AffineTransform_float_3_3
Parameters: 1 -5.1e-05 1.5606e-08 5.1e-05 1 -0.000306 1.5606e-08 0.000306 1 1.89279e-05 0.00815482 -0.0333166
FixedParameters: 0 0 0

#Transform 37
Transform: AffineTransform_float_3_3
Parameters: 1 -5.10345e-05 -0.000244993 5.09655e-05 1 -0.000141012 0.000245007 0.000140987 1 0.00596698 0.013846 -0.0133047
FixedParameters: 0 0 0

#Transform 38
Transform: AffineTransform_float_3_3
Parameters: 1 -5.1e-05 2.4888e-08 5.1e-05 1 -0.000488 2.4888e-08 0.000488 1 1.89941e-05 0.00685553 -0.0289409
FixedParameters: 0 0 0

#Transform 39
Transform: AffineTransform_float_3_3
Parameters: 1 -0.00016003 -0.000209977 0.00016097 1 -0.000141034 0.000210023 0.000140966 1 0.0049837 0.0140963 -0.0313934
FixedParameters: 0 0 0

#Transform 40
Transform: AffineTransform_float_3_3
Parameters: 1 -5.1e-05 2.6928e-08 5.1e-05 1 -0.000528 2.6928e-08 0.000528 1 1.92982e-05 0.000892344 -0.031863
FixedParameters: 0 0 0

#Transform 41
Transform: AffineTransform_float_3_3
Parameters: 1 -5.10209e-05 -0.000147993 5.09791e-05 1 -0.000141008 0.000148007 0.000140992 1 0.00362282 0.0138529 -0.0489934
FixedParameters: 0 0 0

#Transform 42
Transform: AffineTransform_float_3_3
Parameters: 1 -5.1e-05 2.3562e-08 5.1e-05 1 -0.000462 2.3562e-08 0.000462 1 1.82394e-05 0.0216538 -0.0243919
FixedParameters: 0 0 0

#Transform 43
Transform: AffineTransform_float_3_3
Parameters: 1 -5.10251e-05 -0.000177993 5.09749e-05 1 -0.000141009 0.000178007 0.000140991 1 0.00432749 0.013851 -0.042641
FixedParameters: 0 0 0

#Transform 44
Transform: AffineTransform_float_3_3
Parameters: 1 -5.1101e-05 -0.000213976 5.0899e-05 1 -0.000472011 0.000214024 0.000471989 1 -0.0024836 0.0218585 -0.0154396
FixedParameters: 0 0 0

#Transform 45
Transform: AffineTransform_float_3_3
Parameters: 1 -5.10572e-05 -0.000220987 5.09428e-05 1 -0.000259011 0.000221013 0.000258989 1 -0.00502554 -0.00464267 -0.0356025
FixedParameters: 0 0 0

#Transform 46
Transform: AffineTransform_float_3_3
Parameters: 1 1.27308e-05 -0.000416008 -1.22691e-05 1 -0.000646995 0.000415992 0.000647005 0.999999 2.9778e-07 0.0260898 -0.0298289
FixedParameters: 0 0 0

#Transform 47
Transform: AffineTransform_float_3_3
Parameters: 1 -5.10222e-05 -0.000248995 5.09778e-05 1 -8.90127e-05 0.000249005 8.89873e-05 1 -0.00389682 -0.00657468 -0.0156909
FixedParameters: 0 0 0

#Transform 48
Transform: AffineTransform_float_3_3
Parameters: 1 2.4823e-05 -0.000310014 -2.5177e-05 1 -0.000570992 0.000309986 0.000571008 1 -0.00886404 0.00440424 -0.0152587
FixedParameters: 0 0 0

#Transform 49
Transform: AffineTransform_float_3_3
Parameters: 1 -5.10611e-05 -0.00030999 5.09389e-05 1 -0.000197016 0.00031001 0.000196984 1 -0.00711805 0.00151655 -0.00494022
FixedParameters: 0 0 0

#Transform 50
Transform: AffineTransform_float_3_3
Parameters: 1 -5.11426e-05 -0.000309976 5.08574e-05 1 -0.000460016 0.000310023 0.000459984 1 -0.000633588 0.0164018 -0.0153419
FixedParameters: 0 0 0

#Transform 51
Transform: AffineTransform_float_3_3
Parameters: 1 -5.11838e-05 -0.00030997 5.08161e-05 1 -0.000593016 0.00031003 0.000592984 1 -0.00626074 0.0248044 0.00312608
FixedParameters: 0 0 0

#Transform 52
Transform: AffineTransform_float_3_3
Parameters: 1 -5.11922e-05 -0.000309968 5.08078e-05 1 -0.000620016 0.000310031 0.000619984 1 0.00210994 0.0254179 -0.0152889
FixedParameters: 0 0 0

#Transform 53
Transform: AffineTransform_float_3_3
Parameters: 1 -5.11178e-05 -0.000245975 5.08822e-05 1 -0.000479012 0.000246024 0.000478987 1 0.00596098 0.0220552 -0.0154471
FixedParameters: 0 0 0

#Transform 54
Transform: AffineTransform_float_3_3
Parameters: 1 -0.000283107 -0.00015881 0.000282893 0.999999 -0.000671045 0.00015919 0.000670955 1 -0.00811933 0.0069842 -0.0154861
FixedParameters: 0 0 0

#Transform 55
Transform: AffineTransform_float_3_3
Parameters: 1 -0.000270148 -0.000309871 0.000269851 1 -0.000479084 0.000310129 0.000478916 1 -0.0163942 0.0224699 -0.0153029
FixedParameters: 0 0 0

#Transform 56
Transform: AffineTransform_float_3_3
Parameters: 1 -5.1117e-05 -0.00019997 5.0883e-05 1 -0.00058501 0.00020003 0.00058499 1 -0.0290311 -0.0183439 -0.0154053
FixedParameters: 0 0 0

#Transform 57
Transform: AffineTransform_float_3_3
Parameters: 1 -5.11485e-05 -0.000309975 5.08515e-05 1 -0.000479016 0.000310024 0.000478984 1 -0.007591 0.00467846 -0.0153247
FixedParameters: 0 0 0

#Transform 58
Transform: AffineTransform_float_3_3
Parameters: 1 -0.000463148 -0.000309778 0.000462852 1 -0.000479143 0.000309222 0.000478857 1 0.00727769 -0.00799938 -0.0181213
FixedParameters: 0 0 0

#Transform 59
Transform: AffineTransform_float_3_3
Parameters: 1 -0.000463156 -0.000238697 0.000462843 0.999999 -0.00065511 0.000239303 0.000654889 1 0.00196909 0.0143081 -0.0153741
FixedParameters: 0 0 0

#Transform 60
Transform: AffineTransform_float_3_3
Parameters: 1 -0.000463148 -0.000309778 0.000462852 1 -0.000479143 0.000309222 0.000478857 1 0.00726733 0.0125383 -0.0153914
FixedParameters: 0 0 0

#Transform 61
Transform: AffineTransform_float_3_3
Parameters: 1 -0.000463206 -0.000309691 0.000462794 0.999999 -0.000667143 0.000309309 0.000666856 0.999999 0.00172587 0.0286347 -0.0153469
FixedParameters: 0 0 0

#Transform 62
Transform: AffineTransform_float_3_3
Parameters: 1 -0.000463212 -0.000309683 0.000462788 0.999999 -0.000685143 0.000309317 0.000684856 0.999999 -0.00132723 0.0137888 -0.0219056
FixedParameters: 0 0 0

#Transform 63
Transform: AffineTransform_float_3_3
Parameters: 1 -0.000463148 -0.000309778 0.000462852 1 -0.000479143 0.000309222 0.000478857 1 0.00727438 0.0139422 -0.0402237
FixedParameters: 0 0 0

#Transform 64
Transform: AffineTransform_float_3_3
Parameters: 1 -0.000463201 -0.000309698 0.000462799 0.999999 -0.000651143 0.000309301 0.000650856 0.999999 0.00728319 -0.00055798 -0.0308422
FixedParameters: 0 0 0

#Transform 65
Transform: AffineTransform_float_3_3
Parameters: 1 -0.000463152 -0.000253722 0.000462848 0.999999 -0.000600117 0.000253278 0.000599882 1 -0.00392583 0.0180007 -0.0445031
FixedParameters: 0 0 0

#Transform 66
Transform: AffineTransform_float_3_3
Parameters: 1 -0.000563209 -0.00030962 0.000562791 0.999999 -0.000675174 0.00030938 0.000674825 0.999999 -0.00258809 0.00448856 -0.0288626
FixedParameters: 0 0 0

#Transform 67
Transform: AffineTransform_float_3_3
Parameters: 1 -0.000558234 -0.000309577 0.000558765 0.999999 -0.000758173 0.000309423 0.000757827 0.999999 -0.00361673 0.0219642 -0.0369066
FixedParameters: 0 0 0

#Transform 68
Transform: AffineTransform_float_3_3
Parameters: 1 -0.000463235 -0.000309649 0.000462765 0.999999 -0.000758143 0.000309351 0.000757856 0.999999 -0.00735918 -3.63884e-05 -0.00463544
FixedParameters: 0 0 0

#Transform 69
Transform: AffineTransform_float_3_3
Parameters: 1 -0.00046321 -0.000309685 0.00046279 0.999999 -0.000679143 0.000309314 0.000678856 0.999999 -0.0069093 0.00657067 -0.0334526
FixedParameters: 0 0 0

#Transform 70
Transform: AffineTransform_float_3_3
Parameters: 1 -0.000463216 -0.000309677 0.000462784 0.999999 -0.000697143 0.000309322 0.000696856 0.999999 -0.00282374 0.00199146 -0.0284335
FixedParameters: 0 0 0

#Transform 71
Transform: AffineTransform_float_3_3
Parameters: 1 -0.000463019 -2.66726e-05 0.000462981 0.999999 -0.000707012 2.73273e-05 0.000706987 0.999999 0.000511787 -0.0178927 -0.0585284
FixedParameters: 0 0 0

#Transform 72
Transform: AffineTransform_float_3_3
Parameters: 0.999999 -0.000701175 -0.000309603 0.000701824 0.999999 -0.000566217 0.000309397 0.000565783 1 0.00703618 0.0232918 -0.0522658
FixedParameters: 0 0 0

#Transform 73
Transform: AffineTransform_float_3_3
Parameters: 0.999999 -0.000701901 0.000227304 0.000702098 0.999999 -0.00043284 -0.000227696 0.00043316 1 -0.00587526 0.00541817 -0.068787
FixedParameters: 0 0 0

#Transform 74
Transform: AffineTransform_float_3_3
Parameters: 1 -0.000684058 -0.000125684 0.000683941 0.999999 -0.000462086 0.000126316 0.000461913 1 0.00266032 0.0207346 -0.0595931
FixedParameters: 0 0 0

#Transform 75
Transform: AffineTransform_float_3_3
Parameters: 1 -0.000462973 5.02514e-05 0.000463027 0.999999 -0.000542977 -5.07486e-05 0.000543023 1 0.00918381 -0.00495459 -0.0762499
FixedParameters: 0 0 0

#Transform 76
Transform: AffineTransform_float_3_3
Parameters: 1 -0.000463025 -4.07115e-05 0.000462975 0.999999 -0.000623019 4.02884e-05 0.000622981 1 0.000810862 0.00674549 -0.0676194
FixedParameters: 0 0 0

#Transform 77
Transform: AffineTransform_float_3_3
Parameters: 1 -0.000694933 8.75337e-05 0.000695067 1 -0.000767939 -8.64661e-05 0.00076806 0.999999 -0.00241886 -0.0145829 -0.0699794
FixedParameters: 0 0 0

#Transform 78
Transform: AffineTransform_float_3_3
Parameters: 0.999999 -0.000798034 -5.04733e-05 0.000797967 1 -0.000660041 5.05266e-05 0.00065996 1 0.000732389 0.00181579 -0.0711384
FixedParameters: 0 0 0

#Transform 79
Transform: AffineTransform_float_3_3
Parameters: 0.999999 -0.000873983 -0.000127115 0.000874016 0.999999 0.000131889 0.000127885 -0.000132112 1 0.0026004 -0.0170659 -0.0486423
FixedParameters: 0 0 0

#Transform 80
Transform: AffineTransform_float_3_3
Parameters: 0.999999 -0.000699087 -0.000126517 0.000698912 0.999999 -0.000691088 0.000127483 0.000690911 1 0.00273648 0.00255975 -0.0722793
FixedParameters: 0 0 0

#Transform 81
Transform: AffineTransform_float_3_3
Parameters: 0.999999 -0.000778019 -0.000126878 0.00077798 0.999999 -0.000157099 0.000127122 0.000156901 1 0.00268213 0.00686989 -0.0485978
FixedParameters: 0 0 0

#Transform 82
Transform: AffineTransform_float_3_3
Parameters: 0.999999 -0.000758059 -0.000126644 0.00075794 0.999999 -0.000470096 0.000127356 0.000469903 1 0.00271738 -0.00666215 -0.052368
FixedParameters: 0 0 0

#Transform 83
Transform: AffineTransform_float_3_3
Parameters: 0.999999 -0.000707059 -0.000126668 0.00070694 0.999999 -0.000470089 0.000127332 0.00046991 1 0.0110335 0.0143265 -0.0182171
FixedParameters: 0 0 0

#Transform 84
Transform: AffineTransform_float_3_3
Parameters: 0.999999 -0.000874048 -0.000126663 0.00087395 0.999999 -0.000386111 0.000127338 0.000386889 1 0.0025727 0.0145929 -0.0484409
FixedParameters: 0 0 0

#Transform 85
Transform: AffineTransform_float_3_3
Parameters: 0.999999 -0.000873983 5.02823e-05 0.000874015 0.999999 -0.000322956 -4.97177e-05 0.000323043 1 0.00857102 0.0279898 -0.0486332
FixedParameters: 0 0 0

#Transform 86
Transform: AffineTransform_float_3_3
Parameters: 0.999999 -0.000874008 0.000308974 0.00087399 0.999999 2.927e-05 -0.000309025 -2.87299e-05 1 0.00651786 0.0111012 -0.0387572
FixedParameters: 0 0 0

#Transform 87
Transform: AffineTransform_float_3_3
Parameters: 0.999999 -0.000874008 0.000308974 0.00087399 0.999999 2.927e-05 -0.000309025 -2.87299e-05 1 -0.00799688 0.0334052 -0.0492844
FixedParameters: 0 0 0

#Transform 88
Transform: AffineTransform_float_3_3
Parameters: 0.999999 -0.000755096 0.000308763 0.000754903 0.999999 0.000313233 -0.000309236 -0.000312766 1 -0.0078549 0.0117475 -0.0359283
FixedParameters: 0 0 0

#Transform 89
Transform: AffineTransform_float_3_3
Parameters: 0.999999 -0.000718188 0.000308561 0.00071781 0.999999 0.000611221 -0.000309439 -0.000611778 1 -0.00282483 -0.0485548 -0.0496903
FixedParameters: 0 0 0

#Transform 90
Transform: AffineTransform_float_3_3
Parameters: 0.999999 -0.000873959 0.000309113 0.000874039 0.999999 -0.00012973 -0.000308886 0.00013027 1 -0.00796599 0.0030978 -0.0350177
FixedParameters: 0 0 0

#Transform 91
Transform: AffineTransform_float_3_3
Parameters: 0.999998 -0.00120594 0.00170931 0.00117907 0.999877 0.0156721 -0.00172769 -0.01567 0.999875 -0.0481832 0.0377523 1.42695
FixedParameters: 0 0 0

#Transform 92
Transform: AffineTransform_float_3_3
Parameters: 0.999999 -0.00134471 -6.16799e-05 0.00134529 0.999987 0.00496692 5.43186e-05 -0.00496707 0.999987 -0.0304249 -0.045134 0.875229
FixedParameters: 0 0 0

#Transform 93
Transform: AffineTransform_float_3_3
Parameters: 0.999999 -0.00134498 -1.83961e-05 0.00134502 0.999998 0.00103798 1.66039e-05 -0.00103802 1 -0.00934656 0.060171 0.580539
FixedParameters: 0 0 0

#Transform 94
Transform: AffineTransform_float_3_3
Parameters: 0.999999 -0.00134483 -0.000181298 0.00134517 0.999998 0.000964756 0.000179702 -0.000965242 0.999999 0.00123765 0.0415477 0.5212
FixedParameters: 0 0 0

#Transform 95
Transform: AffineTransform_float_3_3
Parameters: 0.999999 -0.0013451 0.000145035 0.0013449 0.999999 0.000717195 -0.000145964 -0.000716804 0.999999 0.00590848 0.021598 0.427252
FixedParameters: 0 0 0

#Transform 96
Transform: AffineTransform_float_3_3
Parameters: 0.999999 -0.00134539 0.000368569 0.00134561 0.999999 0.0010645 -0.000370433 -0.0010645 1 0.00849654 0.00230189 0.386838
FixedParameters: 0 0 0

#Transform 97
Transform: AffineTransform_float_3_3
Parameters: 0.999999 -0.00134555 0.000763034 0.00134545 0.999999 0.000719028 -0.000763967 -0.000717973 1 0.00553007 0.00388105 0.368689
FixedParameters: 0 0 0

#Transform 98
Transform: AffineTransform_float_3_3
Parameters: 0.999999 -0.00134488 0.000824191 0.00134512 0.999999 -0.000141892 -0.000823808 0.000143108 0.999999 0.00450039 0.0313425 0.386668
FixedParameters: 0 0 0

#Transform 99
Transform: AffineTransform_float_3_3
Parameters: 0.999999 -0.001591 0.000837004 0.001591 0.999998 -1.66833e-06 -0.000836997 2.33166e-06 0.999999 -0.00266932 0.047268 0.408778
FixedParameters: 0 0 0

#Transform 100
Transform: AffineTransform_float_3_3
Parameters: 0.999998 -0.00150712 0.000763766 0.00150688 0.999999 0.000155151 -0.000764232 -0.000153848 0.999999 0.00327496 0.0844806 0.384953
FixedParameters: 0 0 0

#Transform 101
Transform: AffineTransform_float_3_3
Parameters: 0.999999 -0.0012763 0.000931595 0.0012757 0.999999 0.000318189 -0.000932406 -0.000317811 1 0.011405 0.0694164 0.311049
FixedParameters: 0 0 0

#Transform 102
Transform: AffineTransform_float_3_3
Parameters: 0.999999 -0.00134493 0.000764121 0.00134507 0.999999 -8.99723e-05 -0.000763878 9.10275e-05 0.999999 0.0154102 0.0725379 0.29599
FixedParameters: 0 0 0

#Transform 103
Transform: AffineTransform_float_3_3
Parameters: 0.999999 -0.00134701 0.000760453 0.00134499 0.999995 0.00263603 -0.000763547 -0.00263497 0.999996 0.0278959 -0.0898213 0.19822
FixedParameters: 0 0 0

#Transform 104
Transform: AffineTransform_float_3_3
Parameters: 0.999998 -0.00153757 0.00115357 0.00153743 0.999998 -0.000369227 -0.00115243 0.000370773 1 0.00602232 0.054007 0.244536
FixedParameters: 0 0 0

#Transform 105
Transform: AffineTransform_float_3_3
Parameters: 0.999998 -0.00134415 0.00140682 0.00134585 0.999999 -0.000606108 -0.00140618 0.000607891 0.999999 0.00282691 0.0442052 0.232806
FixedParameters: 0 0 0

#Transform 106
Transform: AffineTransform_float_3_3
Parameters: 0.999999 -0.00134401 0.00117813 0.00134499 0.999998 -0.000836417 -0.00117688 0.000837583 0.999999 0.00544371 0.0539302 0.209996
FixedParameters: 0 0 0

#Transform 107
Transform: AffineTransform_float_3_3
Parameters: 0.999998 -0.00146197 0.00123122 0.00146303 0.999998 -0.0008362 -0.00122978 0.000837799 0.999999 0.00416341 0.0609649 0.209648
FixedParameters: 0 0 0

#Transform 108
Transform: AffineTransform_float_3_3
Parameters: 0.999998 -0.0013442 0.00108099 0.0013458 0.999999 -0.000738546 -0.00108 0.000740453 0.999999 0.00762449 0.0501684 0.161828
FixedParameters: 0 0 0

#Transform 109
Transform: AffineTransform_float_3_3
Parameters: 0.999998 -0.00123607 0.00111303 0.00123693 0.999999 -0.000836624 -0.00111196 0.000838376 0.999999 0.00705448 0.0368588 0.141502
FixedParameters: 0 0 0

#Transform 110
Transform: AffineTransform_float_3_3
Parameters: 0.999999 -0.00134401 0.00117913 0.00134499 0.999998 -0.000836415 -0.00117788 0.000837584 0.999999 0.00536919 0.0167266 0.147273
FixedParameters: 0 0 0

#Transform 111
Transform: AffineTransform_float_3_3
Parameters: 0.999999 -0.00134423 0.00103999 0.00134577 0.999999 -0.000736601 -0.00103901 0.000737398 0.999999 0.00874786 0.0222054 0.172748
FixedParameters: 0 0 0

#Transform 112
Transform: AffineTransform_float_3_3
Parameters: 0.999998 -0.00134416 0.00110602 0.00134584 0.999999 -0.000755513 -0.00110498 0.000756486 0.999999 0.00706008 0.0148196 0.172636
FixedParameters: 0 0 0

#Transform 113
Transform: AffineTransform_float_3_3
Parameters: 0.999999 -0.00134416 0.000813381 0.00134583 0.999998 -0.00102691 -0.000812617 0.00102809 0.999999 0.0140979 0.0434515 0.182082
FixedParameters: 0 0 0

#Transform 114
Transform: AffineTransform_float_3_3
Parameters: 0.999999 -0.00134409 0.00108214 0.00134491 0.999998 -0.000843546 -0.00108086 0.000845454 0.999999 0.00775581 0.0282246 0.189091
FixedParameters: 0 0 0

#Transform 115
Transform: AffineTransform_float_3_3
Parameters: 0.999999 -0.00134422 0.000813287 0.00134578 0.999998 -0.000956907 -0.000812712 0.000958094 0.999999 0.0140842 0.0593797 0.184262
FixedParameters: 0 0 0

#Transform 116
Transform: AffineTransform_float_3_3
Parameters: 0.999999 -0.00134416 0.000813387 0.00134584 0.999998 -0.00103091 -0.000812612 0.00103209 0.999999 0.0140823 0.0497314 0.173231
FixedParameters: 0 0 0

#Transform 117
Transform: AffineTransform_float_3_3
Parameters: 0.999998 -0.00134409 0.000882379 0.0013449 0.999998 -0.00102481 -0.000880621 0.00102618 0.999999 0.0124502 0.0609468 0.155789
FixedParameters: 0 0 0

#Transform 118
Transform: AffineTransform_float_3_3
Parameters: 0.999999 -0.00134373 0.000814103 0.00134527 0.999998 -0.00156391 -0.000811898 0.00156409 0.999999 0.0141067 0.019336 0.14554
FixedParameters: 0 0 0

#Transform 119
Transform: AffineTransform_float_3_3
Parameters: 0.999998 -0.0013435 0.000925186 0.0013455 0.999998 -0.00162576 -0.000922813 0.00162724 0.999999 0.0150037 0.0519445 0.155476
FixedParameters: 0 0 0

#Transform 120
Transform: AffineTransform_float_3_3
Parameters: 0.999999 -0.00134399 0.000813669 0.00134501 0.999999 -0.00124091 -0.00081233 0.00124209 0.999999 0.0141 0.0283956 0.146201
FixedParameters: 0 0 0

#Transform 121
Transform: AffineTransform_float_3_3
Parameters: 0.999998 -0.0013436 0.000926029 0.0013454 0.999998 -0.00150876 -0.00092397 0.00151024 0.999999 0.011416 0.0490754 0.16323
FixedParameters: 0 0 0

#Transform 122
Transform: AffineTransform_float_3_3
Parameters: 0.999998 -0.00134395 0.000865631 0.00134505 0.999999 -0.00121284 -0.000863369 0.00121316 0.999999 0.0128994 0.0418015 0.173409
FixedParameters: 0 0 0

#Transform 123
Transform: AffineTransform_float_3_3
Parameters: 0.999999 -0.00152377 0.000814301 0.00152523 0.999997 -0.00150876 -0.000812698 0.00151024 0.999998 0.0140481 0.0351306 0.145965
FixedParameters: 0 0 0

#Transform 124
Transform: AffineTransform_float_3_3
Parameters: 0.999999 -0.00109377 0.000813652 0.00109523 0.999999 -0.00150911 -0.000812347 0.00150989 0.999998 0.0142949 0.0486423 0.173626
FixedParameters: 0 0 0

#Transform 125
Transform: AffineTransform_float_3_3
Parameters: 0.999999 -0.00134377 0.000814029 0.00134523 0.999998 -0.00150891 -0.00081197 0.00151009 0.999998 0.0140952 0.03577 0.158627
FixedParameters: 0 0 0

#Transform 126
Transform: AffineTransform_float_3_3
Parameters: 0.999999 -0.00134344 0.000814578 0.00134556 0.999998 -0.00191791 -0.00081242 0.00191909 0.999998 0.0140624 0.0589417 0.156677
FixedParameters: 0 0 0

#Transform 127
Transform: AffineTransform_float_3_3
Parameters: 0.999998 -0.00139777 0.00081411 0.00139923 0.999998 -0.00150886 -0.000811888 0.00151014 0.999998 0.0140936 0.0317756 0.149488
FixedParameters: 0 0 0

#Transform 128
Transform: AffineTransform_float_3_3
Parameters: 0.999999 -0.00134374 0.000701422 0.00134526 0.999997 -0.00180106 -0.000698578 0.00180194 0.999998 0.0141293 0.0561784 0.156244
FixedParameters: 0 0 0

#Transform 129
Transform: AffineTransform_float_3_3
Parameters: 0.999999 -0.00134369 0.00067561 0.00134531 0.999997 -0.00194109 -0.000673389 0.00194191 0.999998 0.0174394 0.0346589 0.121071
FixedParameters: 0 0 0

#Transform 130
Transform: AffineTransform_float_3_3
Parameters: 0.999999 -0.00143406 0.000583321 0.00143494 0.999997 -0.00161717 -0.00058068 0.00161783 0.999999 0.00689106 0.0518109 0.140841
FixedParameters: 0 0 0

#Transform 131
Transform: AffineTransform_float_3_3
Parameters: 0.999999 -0.00134342 0.000814609 0.00134558 0.999997 -0.00194091 -0.000812389 0.00194209 0.999998 0.00660302 0.0324533 0.140633
FixedParameters: 0 0 0

#Transform 132
Transform: AffineTransform_float_3_3
Parameters: 0.999999 -0.00134445 0.000346126 0.00134555 0.999998 -0.00158054 -0.000343874 0.00158046 0.999998 0.0117206 0.0589506 0.141164
FixedParameters: 0 0 0

#Transform 133
Transform: AffineTransform_float_3_3
Parameters: 0.999998 -0.00134354 0.000889206 0.00134546 0.999997 -0.00164081 -0.000886794 0.00164119 0.999999 0.00538008 0.0491701 0.140451
FixedParameters: 0 0 0

#Transform 134
Transform: AffineTransform_float_3_3
Parameters: 0.999999 -0.00134387 0.000610505 0.00134514 0.999998 -0.00186318 -0.000608495 0.00186382 0.999998 0.0123147 0.0544443 0.155253
FixedParameters: 0 0 0

#Transform 135
Transform: AffineTransform_float_3_3
Parameters: 0.999999 -0.00134382 0.000711233 0.00134518 0.999997 -0.00166005 -0.000708767 0.00166095 0.999999 0.0165719 0.0496746 0.140745
FixedParameters: 0 0 0

#Transform 136
Transform: AffineTransform_float_3_3
Parameters: 0.999998 -0.00147181 0.000717438 0.00147318 0.999997 -0.00165495 -0.000714562 0.00165605 0.999999 0.0163419 0.0497688 0.140673
FixedParameters: 0 0 0

#Transform 137
Transform: AffineTransform_float_3_3
Parameters: 0.999999 -0.00134384 0.000707207 0.00134516 0.999997 -0.00164105 -0.000704793 0.00164195 0.999999 0.0136186 0.0492339 0.121107
FixedParameters: 0 0 0

#Transform 138
Transform: AffineTransform_float_3_3
Parameters: 0.999999 -0.00134371 0.000711435 0.00134529 0.999998 -0.00181105 -0.000708564 0.00181196 0.999998 0.0165676 0.0532865 0.123234
FixedParameters: 0 0 0

#Transform 139
Transform: AffineTransform_float_3_3
Parameters: 0.999998 -0.00134342 0.000889394 0.00134558 0.999998 -0.00178081 -0.000886604 0.00178219 0.999998 0.0153965 0.0158265 0.107294
FixedParameters: 0 0 0

#Transform 140
Transform: AffineTransform_float_3_3
Parameters: 0.999999 -0.00134381 0.000661431 0.00134519 0.999997 -0.00180811 -0.000659568 0.00180889 0.999998 0.017747 0.0532502 0.14079
FixedParameters: 0 0 0

#Transform 141
Transform: AffineTransform_float_3_3
Parameters: 0.999999 -0.00134425 0.000471135 0.00134575 0.999998 -0.00158737 -0.000468864 0.00158763 0.999998 0.0223642 0.0479788 0.115444
FixedParameters: 0 0 0

#Transform 142
Transform: AffineTransform_float_3_3
Parameters: 0.999999 -0.00134434 0.000470901 0.00134566 0.999998 -0.00141337 -0.000469099 0.00141363 0.999999 0.0223519 0.0719862 0.140908
FixedParameters: 0 0 0

#Transform 143
Transform: AffineTransform_float_3_3
Parameters: 0.999999 -0.00134408 0.000720726 0.00134492 0.999999 -0.00128303 -0.000719274 0.00128397 0.999999 0.0163371 0.0653855 0.157037
FixedParameters: 0 0 0

#Transform 144
Transform: AffineTransform_float_3_3
Parameters: 0.999999 -0.0015979 0.000780261 0.0015991 0.999997 -0.00141375 -0.000778739 0.00141525 0.999998 0.0259897 0.053983 0.132602
FixedParameters: 0 0 0

#Transform 145
Transform: AffineTransform_float_3_3
Parameters: 0.999999 -0.00167112 0.000660229 0.00167188 0.999997 -0.0013329 -0.000657771 0.0013341 0.999999 0.028124 0.0590394 0.132235
FixedParameters: 0 0 0

#Transform 146
Transform: AffineTransform_float_3_3
Parameters: 0.999999 -0.00178237 0.000524148 0.00178263 0.999997 -0.00120407 -0.000521853 0.00120493 0.999999 0.0209357 0.038608 0.0981237
FixedParameters: 0 0 0

#Transform 147
Transform: AffineTransform_float_3_3
Parameters: 0.999999 -0.00138642 0.000470702 0.00138758 0.999999 -0.00122735 -0.000469296 0.00122865 0.999999 0.0223199 0.0561453 0.115921
FixedParameters: 0 0 0

#Transform 148
Transform: AffineTransform_float_3_3
Parameters: 0.999999 -0.00163391 0.000712503 0.00163509 0.999998 -0.00153084 -0.000710497 0.00153216 0.999998 0.0220547 0.0459707 0.115746
FixedParameters: 0 0 0

#Transform 149
Transform: AffineTransform_float_3_3
Parameters: 0.999998 -0.00163426 0.000471556 0.00163574 0.999998 -0.00156323 -0.000469443 0.00156377 0.999998 0.0306155 0.0645707 0.125638
FixedParameters: 0 0 0

#Transform 150
Transform: AffineTransform_float_3_3
Parameters: 0.999998 -0.00152907 0.000660148 0.00152992 0.999998 -0.00140399 -0.000657851 0.00140501 0.999999 0.0177267 0.0606204 0.131889
FixedParameters: 0 0 0

#Transform 151
Transform: AffineTransform_float_3_3
Parameters: 0.999999 -0.00163417 0.000574361 0.00163483 0.999997 -0.00144406 -0.000571639 0.00144494 0.999999 0.0197535 0.0525173 0.132064
FixedParameters: 0 0 0

#Transform 152
Transform: AffineTransform_float_3_3
Parameters: 0.999999 -0.00163358 0.000828797 0.00163542 0.999997 -0.00171065 -0.000825202 0.00171235 0.999998 0.0136698 0.0384456 0.148748
FixedParameters: 0 0 0

#Transform 153
Transform: AffineTransform_float_3_3
Parameters: 0.999998 -0.00163347 0.0010903 0.00163553 0.999997 -0.00140822 -0.0010877 0.00140978 0.999999 0.0072605 0.061512 0.148246
FixedParameters: 0 0 0

#Transform 154
Transform: AffineTransform_float_3_3
Parameters: 0.999999 -0.0016343 0.000601915 0.0016357 0.999998 -0.00117102 -0.000600085 0.00117198 0.999999 0.0191407 0.0557341 0.171029
FixedParameters: 0 0 0

#Transform 155
Transform: AffineTransform_float_3_3
Parameters: 0.999999 -0.0016337 0.000876435 0.0016353 0.999997 -0.00148957 -0.000874565 0.00149043 0.999998 0.0124523 0.0633878 0.170851
FixedParameters: 0 0 0

#Transform 156
Transform: AffineTransform_float_3_3
Parameters: 0.999999 -0.00163378 0.00081246 0.00163522 0.999997 -0.00150467 -0.00081054 0.00150533 0.999998 0.0140247 0.052156 0.156938
FixedParameters: 0 0 0

#Transform 157
Transform: AffineTransform_float_3_3
Parameters: 0.999998 -0.00138374 0.000836085 0.00138526 0.999998 -0.00150584 -0.000833913 0.00150716 0.999998 0.0135193 0.0634606 0.129184
FixedParameters: 0 0 0

#Transform 158
Transform: AffineTransform_float_3_3
Parameters: 0.999999 -0.001634 0.00060271 0.001635 0.999998 -0.00165702 -0.000599291 0.00165798 0.999999 0.01911 0.0479258 0.0934998
FixedParameters: 0 0 0

#Transform 159
Transform: AffineTransform_float_3_3
Parameters: 0.999999 -0.00163397 0.000602791 0.00163503 0.999997 -0.00170702 -0.00059921 0.00170798 0.999999 0.0190872 0.0686195 0.113704
FixedParameters: 0 0 0

#Transform 160
Transform: AffineTransform_float_3_3
Parameters: 0.999998 -0.00163386 0.000603108 0.00163514 0.999997 -0.00190102 -0.000599892 0.00190198 0.999998 0.0190188 0.0368122 0.0913008
FixedParameters: 0 0 0

#Transform 161
Transform: AffineTransform_float_3_3
Parameters: 0.999998 -0.00163397 0.000602796 0.00163503 0.999997 -0.00171002 -0.000599204 0.00171098 0.999999 0.0190001 0.0576907 0.113696
FixedParameters: 0 0 0

#Transform 162
Transform: AffineTransform_float_3_3
Parameters: 0.999998 -0.00163283 0.00112316 0.00163517 0.999997 -0.00193317 -0.00111984 0.00193483 0.999998 0.00654164 0.0425966 0.129105
FixedParameters: 0 0 0

#Transform 163
Transform: AffineTransform_float_3_3
Parameters: 0.999998 -0.00163401 0.000602678 0.00163498 0.999998 -0.00163802 -0.000599322 0.00163898 0.999999 0.0189915 0.0688493 0.129764
FixedParameters: 0 0 0

#Transform 164
Transform: AffineTransform_float_3_3
Parameters: 0.999999 -0.00163409 0.000602481 0.00163491 0.999997 -0.00151702 -0.00059952 0.00151798 0.999998 0.0191221 0.0513175 0.129578
FixedParameters: 0 0 0

#Transform 165
Transform: AffineTransform_float_3_3
Parameters: 0.999999 -0.00163367 0.000883469 0.00163533 0.999997 -0.00150956 -0.000880531 0.00151144 0.999999 0.0168297 0.065898 0.129249
FixedParameters: 0 0 0

#Transform 166
Transform: AffineTransform_float_3_3
Parameters: 0.999999 -0.00163401 0.000770103 0.00163499 0.999998 -0.00128574 -0.000767897 0.00128726 0.999999 0.0211176 0.0455124 0.142348
FixedParameters: 0 0 0

#Transform 167
Transform: AffineTransform_float_3_3
Parameters: 0.999998 -0.00175393 0.000690723 0.00175507 0.999998 -0.00155179 -0.000687276 0.00155321 0.999998 0.0269033 0.0670082 0.123734
FixedParameters: 0 0 0

#Transform 168
Transform: AffineTransform_float_3_3
Parameters: 0.999999 -0.00163389 0.00075541 0.00163511 0.999997 -0.00147377 -0.000752591 0.00147423 0.999998 0.0153882 0.0649384 0.129434
FixedParameters: 0 0 0

#Transform 169
Transform: AffineTransform_float_3_3
Parameters: 0.999998 -0.00163416 0.000602286 0.00163484 0.999997 -0.00139802 -0.000599714 0.00139898 0.999999 0.0250182 0.0566952 0.0844787
FixedParameters: 0 0 0

#Transform 170
Transform: AffineTransform_float_3_3
Parameters: 0.999998 -0.00163416 0.000602286 0.00163484 0.999997 -0.00139802 -0.000599714 0.00139898 0.999999 0.0190071 0.0414163 0.084461
FixedParameters: 0 0 0

#Transform 171
Transform: AffineTransform_float_3_3
Parameters: 0.999998 -0.00163418 0.000490739 0.00163482 0.999998 -0.0016752 -0.000488262 0.0016758 0.999999 0.0216514 0.0521436 0.0639228
FixedParameters: 0 0 0

#Transform 172
Transform: AffineTransform_float_3_3
Parameters: 0.999998 -0.00163394 0.000602868 0.00163505 0.999997 -0.00175402 -0.000600132 0.00175498 0.999999 0.0190138 0.0324804 0.0662991
FixedParameters: 0 0 0

#Transform 173
Transform: AffineTransform_float_3_3
Parameters: 0.999998 -0.00148791 0.000602693 0.00148909 0.999998 -0.00180911 -0.000599306 0.00180989 0.999998 0.0191115 0.0551057 0.0691103
FixedParameters: 0 0 0

#Transform 174
Transform: AffineTransform_float_3_3
Parameters: 0.999998 -0.00153895 0.000602676 0.00154004 0.999998 -0.00173808 -0.000599324 0.00173893 0.999999 0.0190936 0.0287947 0.0659106
FixedParameters: 0 0 0

#Transform 175
Transform: AffineTransform_float_3_3
Parameters: 0.999998 -0.00163391 0.000602957 0.00163509 0.999997 -0.00180902 -0.000600042 0.00180998 0.999998 0.0189846 0.0553096 0.0847757
FixedParameters: 0 0 0

#Transform 176
Transform: AffineTransform_float_3_3
Parameters: 0.999999 -0.00163381 0.000603236 0.00163519 0.999996 -0.00197902 -0.000599765 0.00197998 0.999998 0.0191066 0.0387418 0.0644594
FixedParameters: 0 0 0

#Transform 177
Transform: AffineTransform_float_3_3
Parameters: 0.999998 -0.00163432 0.000456422 0.00163567 0.999997 -0.00148125 -0.000453577 0.00148174 0.999999 0.0128707 0.0615231 0.0946631
FixedParameters: 0 0 0

#Transform 178
Transform: AffineTransform_float_3_3
Parameters: 0.999998 -0.00163436 0.000352958 0.00163564 0.999997 -0.00180943 -0.000350041 0.00180958 0.999999 0.0250354 0.0483238 0.0851894
FixedParameters: 0 0 0

#Transform 179
Transform: AffineTransform_float_3_3
Parameters: 0.999999 -0.0014925 0.000303467 0.0014935 0.999998 -0.00165255 -0.000301533 0.00165245 0.999999 0.0182206 0.0623454 0.0862484
FixedParameters: 0 0 0
