# transform file /out/sourcedata/freesurfer/sub-v2s12x28854_ses-1/mri/transforms/cc_up.lta
# created by oesteban on Wed Mar 11 00:07:02 2026

type      = 0 # LINEAR_VOX_TO_VOX
nxforms   = 1
mean      = 126.0000 101.0000 126.0000
sigma     = 10000.0000
1 4 4
9.900804758071899e-01 -1.395911574363708e-01 -1.597267575562000e-02 1.872962570190430e+01 
1.395730078220367e-01 9.902093410491943e-01 -2.251690253615379e-03 2.459481430053711e+01 
1.613060571253300e-02 2.328306714094452e-10 9.998699426651001e-01 1.989455461502075e+00 
0.000000000000000e+00 0.000000000000000e+00 0.000000000000000e+00 1.000000000000000e+00 
src volume info
valid = 1  # volume info valid
filename = /out/sourcedata/freesurfer/sub-v2s12x28854_ses-1/mri/norm.mgz
volume = 256 256 256
voxelsize = 1.000000000000000e+00 1.000000000000000e+00 1.000000000000000e+00
xras   = -1.000000000000000e+00 0.000000000000000e+00 0.000000000000000e+00
yras   = 0.000000000000000e+00 0.000000000000000e+00 -1.000000000000000e+00
zras   = 0.000000000000000e+00 1.000000000000000e+00 0.000000000000000e+00
cras   = 3.780998229980469e+00 6.593994140625000e+00 7.061996459960938e+00
dst volume info
valid = 1  # volume info valid
filename = /out/sourcedata/freesurfer/sub-v2s12x28854_ses-1/mri/norm.mgz
volume = 256 256 256
voxelsize = 1.000000000000000e+00 1.000000000000000e+00 1.000000000000000e+00
xras   = -1.000000000000000e+00 0.000000000000000e+00 0.000000000000000e+00
yras   = 0.000000000000000e+00 0.000000000000000e+00 -1.000000000000000e+00
zras   = 0.000000000000000e+00 1.000000000000000e+00 0.000000000000000e+00
cras   = 3.780998229980469e+00 6.593994140625000e+00 7.061996459960938e+00
