#Insight Transform File V1.0
#Transform 0
Transform: AffineTransform_float_3_3
Parameters: 1 0.000470554 -0.00049942 -0.000471445 1 -0.000892766 0.000498579 0.000893236 1 0.00172914 -0.00724245 0.0580419
FixedParameters: 0 0 0

#Transform 1
Transform: AffineTransform_float_3_3
Parameters: 0.999999 0.000503733 -0.00060922 -0.000504266 1 -0.000436693 0.000608779 0.000437307 0.999999 0.0165283 -0.0983389 0.0194584
FixedParameters: 0 0 0

#Transform 2
Transform: AffineTransform_float_3_3
Parameters: 1 0.000363533 -0.00049934 -0.000364466 0.999999 -0.000933818 0.00049866 0.000934181 1 0.0167734 -0.00679094 0.143248
FixedParameters: 0 0 0

#Transform 3
Transform: AffineTransform_float_3_3
Parameters: 0.999999 0.000506575 -0.000499431 -0.000506425 0.999999 -0.000851746 0.000498569 0.000851252 0.999999 0.0222838 -0.0970832 0.0405761
FixedParameters: 0 0 0

#Transform 4
Transform: AffineTransform_float_3_3
Parameters: 1 0.000151893 -0.000220074 -0.000152107 1 -0.000484966 0.000219926 0.000485033 1 0.0286138 0.0122093 0.14446
FixedParameters: 0 0 0

#Transform 5
Transform: AffineTransform_float_3_3
Parameters: 0.999999 0.000166484 -0.000901281 -0.000167515 0.999998 -0.00168185 0.000900719 0.00168215 0.999998 0.0122249 -0.00949897 0.106061
FixedParameters: 0 0 0

#Transform 6
Transform: AffineTransform_float_3_3
Parameters: 1 0.000191338 -0.000181699 -0.000192663 0.999994 -0.00364797 0.000181298 0.00364804 0.999994 0.058813 -0.0336971 0.129422
FixedParameters: 0 0 0

#Transform 7
Transform: AffineTransform_float_3_3
Parameters: 1 8.7248e-08 0.000133 8.7248e-08 1 -0.000656 -0.000133 0.000656 1 0.0530996 -0.0814573 -0.0587649
FixedParameters: 0 0 0

#Transform 8
Transform: AffineTransform_float_3_3
Parameters: 1 0.000208026 -0.00013596 -0.000207974 1 0.000190028 0.00013604 -0.000189972 1 0.0506307 0.00832075 -0.0503324
FixedParameters: 0 0 0

#Transform 9
Transform: AffineTransform_float_3_3
Parameters: 1 0.000270963 -0.00049902 -0.000271037 1 -7.38647e-05 0.00049898 7.41352e-05 1 0.0366542 0.00436237 -0.0521308
FixedParameters: 0 0 0

#Transform 10
Transform: AffineTransform_float_3_3
Parameters: 1 0.000440022 -0.000267964 -0.000439978 1 8.11179e-05 0.000268036 -8.08821e-05 1 0.0106744 -0.0115012 -0.0511348
FixedParameters: 0 0 0

#Transform 11
Transform: AffineTransform_float_3_3
Parameters: 0.999999 0.000429003 -0.000617998 -0.000428997 1 5.26512e-06 0.000618002 -4.73488e-06 1 -0.00197321 0.00661056 -0.0686484
FixedParameters: 0 0 0

#Transform 12
Transform: AffineTransform_float_3_3
Parameters: 1 0.000142691 -0.000566078 -0.000143308 1 -0.000544919 0.000565922 0.000545081 0.999999 0.0155517 -0.0165458 -0.0421672
FixedParameters: 0 0 0

#Transform 13
Transform: AffineTransform_float_3_3
Parameters: 1 -3.703e-07 -0.000575 -3.703e-07 1 -0.000644 0.000575 0.000644 0.999999 0.0235232 -0.004901 -0.0785413
FixedParameters: 0 0 0

#Transform 14
Transform: AffineTransform_float_3_3
Parameters: 1 -0.000487986 -0.00103854 0.000487015 1 -0.000949507 0.00103846 0.000948494 0.999999 -0.0136182 -0.0383311 -0.18806
FixedParameters: 0 0 0

#Transform 15
Transform: AffineTransform_float_3_3
Parameters: 1 -0.000486999 -7.06623e-06 0.000487001 1 0.000135997 6.93377e-06 -0.000136003 1 0.00929366 0.0190419 0.149433
FixedParameters: 0 0 0

#Transform 16
Transform: AffineTransform_float_3_3
Parameters: 1 -0.00048744 0.000489562 0.00048756 1 0.00089924 -0.000489439 -0.000898762 1 0.00639902 -0.00778126 0.165461
FixedParameters: 0 0 0

#Transform 17
Transform: AffineTransform_float_3_3
Parameters: 1 -0.000220978 0.000143034 0.000220022 1 -0.000153969 -0.000142966 0.000154032 1 0.0147712 0.0436641 0.11287
FixedParameters: 0 0 0

#Transform 18
Transform: AffineTransform_float_3_3
Parameters: 1 -4.99855e-05 -6.50111e-05 5.00145e-05 1 0.000222997 6.49888e-05 -0.000223003 1 -0.00175763 0.056144 0.0772625
FixedParameters: 0 0 0

#Transform 19
Transform: AffineTransform_float_3_3
Parameters: 1 -0.000156028 -0.000176975 0.000155971 1 -0.000161028 0.000177025 0.000160972 1 -0.00318256 0.0212451 0.0196598
FixedParameters: 0 0 0

#Transform 20
Transform: AffineTransform_float_3_3
Parameters: 1 -0.000141024 0.000142976 0.000140976 1 0.00017002 -0.000143024 -0.00016998 1 0.00145852 0.0185917 0.00591887
FixedParameters: 0 0 0

#Transform 21
Transform: AffineTransform_float_3_3
Parameters: 1 -0.000487027 -0.00016592 0.000486973 1 -0.000164081 0.00016608 0.000163919 1 0.00340172 -0.0201757 -0.015652
FixedParameters: 0 0 0

#Transform 22
Transform: AffineTransform_float_3_3
Parameters: 1 -0.000271041 -0.000125911 0.000270958 1 -0.000329034 0.000126089 0.000328966 1 0.00424807 -0.010075 0.0304144
FixedParameters: 0 0 0

#Transform 23
Transform: AffineTransform_float_3_3
Parameters: 1 5.71939e-05 0.000142923 -5.6806e-05 0.999999 -0.00135601 -0.000143077 0.00135599 0.999999 0.00570452 -0.0368461 0.00760401
FixedParameters: 0 0 0

#Transform 24
Transform: AffineTransform_float_3_3
Parameters: 1 3.90788e-05 0.000142978 -3.89212e-05 1 -0.000551005 -0.000143021 0.000550994 1 0.0140157 -0.0121964 0.021021
FixedParameters: 0 0 0

#Transform 25
Transform: AffineTransform_float_3_3
Parameters: 1 0.000142028 0.000142972 -0.000141972 1 -0.00019602 -0.000143028 0.00019598 1 0.0125397 -0.00992156 0.057931
FixedParameters: 0 0 0

#Transform 26
Transform: AffineTransform_float_3_3
Parameters: 1 0.000146941 -0.00028903 -0.000147059 1 -0.000204957 0.00028897 0.000205042 1 0.0244056 -0.00209683 0.0398513
FixedParameters: 0 0 0

#Transform 27
Transform: AffineTransform_float_3_3
Parameters: 1 0.000146983 -0.000528005 -0.000147017 1 -3.19224e-05 0.000527995 3.20776e-05 1 0.0227192 0.0281475 0.0250169
FixedParameters: 0 0 0

#Transform 28
Transform: AffineTransform_float_3_3
Parameters: 1 -2.30632e-05 -0.000350996 2.39368e-05 1 -0.000180008 0.000351004 0.000179992 1 0.0183663 0.0445874 0.0355775
FixedParameters: 0 0 0

#Transform 29
Transform: AffineTransform_float_3_3
Parameters: 1 0.000146968 -0.000301016 -0.000147032 1 -0.000106956 0.000300984 0.000107044 1 0.0099002 0.0401055 0.0360902
FixedParameters: 0 0 0

#Transform 30
Transform: AffineTransform_float_3_3
Parameters: 1 3.60159e-05 -5.29892e-05 -3.5984e-05 1 0.000301002 5.30108e-05 -0.000300998 1 0.00875717 0.029682 0.0522801
FixedParameters: 0 0 0

#Transform 31
Transform: AffineTransform_float_3_3
Parameters: 1 0.000147038 -9.59424e-05 -0.000146962 1 0.000392014 9.60576e-05 -0.000391986 1 0.00828599 0.048296 0.00379088
FixedParameters: 0 0 0

#Transform 32
Transform: AffineTransform_float_3_3
Parameters: 1 -0.000119999 -0.000293001 0.000120001 1 4.96484e-06 0.000292999 -5.03516e-06 1 0.0182297 0.0278886 0.0361758
FixedParameters: 0 0 0

#Transform 33
Transform: AffineTransform_float_3_3
Parameters: 1 -0.000175966 -9.60619e-05 0.000176034 1 0.000351983 9.5938e-05 -0.000352017 1 0.00970247 0.0485601 0.0879122
FixedParameters: 0 0 0

#Transform 34
Transform: AffineTransform_float_3_3
Parameters: 1 -0.000256999 -9.60028e-05 0.000257001 1 1.09753e-05 9.59972e-05 -1.10247e-05 1 0.00790007 0.0463243 0.0702727
FixedParameters: 0 0 0

#Transform 35
Transform: AffineTransform_float_3_3
Parameters: 1 -0.000257076 0.000132853 0.000256924 1 0.000573034 -0.000133147 -0.000572966 1 0.00375831 0.0303045 0.0431568
FixedParameters: 0 0 0

#Transform 36
Transform: AffineTransform_float_3_3
Parameters: 1 -0.000257058 7.98139e-05 0.000256943 0.999999 0.00072402 -7.9186e-05 -0.000723979 0.999999 0.00178669 0.0144347 0.0492052
FixedParameters: 0 0 0

#Transform 37
Transform: AffineTransform_float_3_3
Parameters: 1 -0.000784399 0.000653722 0.000785602 1 -0.000919487 -0.000653278 0.000920513 1 0.0382201 0.0492718 0.0279753
FixedParameters: 0 0 0

#Transform 38
Transform: AffineTransform_float_3_3
Parameters: 1 -0.000460781 0.00039941 0.000461221 0.999995 -0.00305682 -0.000398592 0.00305719 0.999995 -0.000153453 0.00266584 -0.0323939
FixedParameters: 0 0 0

#Transform 39
Transform: AffineTransform_float_3_3
Parameters: 0.999999 -0.000376003 0.000661567 0.000376995 0.999999 -0.00150675 -0.000660432 0.00150725 0.999998 0.00626015 0.0212686 0.00525885
FixedParameters: 0 0 0

#Transform 40
Transform: AffineTransform_float_3_3
Parameters: 1 -0.000485677 0.000286548 0.000486323 0.999999 -0.00112786 -0.000286452 0.00112814 1 0.0153629 0.0089586 0.00954035
FixedParameters: 0 0 0

#Transform 41
Transform: AffineTransform_float_3_3
Parameters: 1 -0.000323647 0.000595191 0.000323352 1 -0.000591807 -0.000594808 0.000592192 0.999999 0.0161218 0.0332368 0.0140358
FixedParameters: 0 0 0

#Transform 42
Transform: AffineTransform_float_3_3
Parameters: 1 -0.000351808 0.00035519 0.000352191 1 -0.000538875 -0.00035481 0.000539125 1 0.0146185 0.0336798 0.0407585
FixedParameters: 0 0 0

#Transform 43
Transform: AffineTransform_float_3_3
Parameters: 1 -0.000351795 0.000283255 0.000352205 0.999999 -0.0007239 -0.000282745 0.000724099 0.999999 0.0140871 0.00421792 0.0190016
FixedParameters: 0 0 0

#Transform 44
Transform: AffineTransform_float_3_3
Parameters: 1 -0.00035165 0.000552223 0.00035235 0.999999 -0.000633805 -0.000551776 0.000634194 0.999999 0.0160215 -0.0266947 -0.021783
FixedParameters: 0 0 0

#Transform 45
Transform: AffineTransform_float_3_3
Parameters: 1 -0.000406371 0.000557459 0.000406628 1 -0.00112777 -0.000556542 0.00112823 0.999999 0.016545 -0.00490671 -0.0262926
FixedParameters: 0 0 0

#Transform 46
Transform: AffineTransform_float_3_3
Parameters: 1 -0.00035206 0.000586964 0.000351941 1 0.000101207 -0.000586036 -0.000101794 1 0.0162816 -0.0361229 -0.014825
FixedParameters: 0 0 0

#Transform 47
Transform: AffineTransform_float_3_3
Parameters: 1 -0.000351681 0.000555202 0.000352319 1 -0.000574804 -0.000554797 0.000575195 0.999999 0.016047 0.0207642 -0.0394501
FixedParameters: 0 0 0

#Transform 48
Transform: AffineTransform_float_3_3
Parameters: 1 -0.000351593 0.00059624 0.000352406 0.999999 -0.00068179 -0.000595759 0.000682209 0.999999 0.0163539 -0.00895225 -0.0840289
FixedParameters: 0 0 0

#Transform 49
Transform: AffineTransform_float_3_3
Parameters: 0.999999 -0.000351635 0.000722177 0.000352364 1 -0.000504745 -0.000721822 0.000505254 0.999999 0.0172248 -0.00958244 -0.0905074
FixedParameters: 0 0 0

#Transform 50
Transform: AffineTransform_float_3_3
Parameters: 1 -0.000350807 0.0010434 0.000352193 1 -0.00114363 -0.0010426 0.00114437 0.999999 0.0196437 -0.0416296 -0.269302
FixedParameters: 0 0 0

#Transform 51
Transform: AffineTransform_float_3_3
Parameters: 0.999999 -0.000808955 0.00157751 0.000808046 0.999999 0.000605275 -0.00157849 -0.000604723 0.999998 0.0407684 -0.128047 -0.32066
FixedParameters: 0 0 0

#Transform 52
Transform: AffineTransform_float_3_3
Parameters: 0.999999 -0.000352501 0.00150288 0.000352499 1 0.00033353 -0.00150312 -0.00033347 0.999999 0.0482656 0.0398734 -0.104612
FixedParameters: 0 0 0

#Transform 53
Transform: AffineTransform_float_3_3
Parameters: 0.999999 -0.000556368 0.00110832 0.000556631 0.999999 -0.000569383 -0.00110768 0.000570617 0.999999 0.0334418 0.0380393 -0.184049
FixedParameters: 0 0 0

#Transform 54
Transform: AffineTransform_float_3_3
Parameters: 0.999999 -0.000351161 0.00130223 0.000351839 0.999999 -0.000643542 -0.00130277 0.000644458 0.999999 0.0286839 0.0364572 -0.173199
FixedParameters: 0 0 0

#Transform 55
Transform: AffineTransform_float_3_3
Parameters: 0.999999 -0.000351002 0.00123928 0.000351997 0.999999 -0.000804564 -0.00123872 0.000805435 0.999999 0.0263705 0.0207644 -0.15895
FixedParameters: 0 0 0

#Transform 56
Transform: AffineTransform_float_3_3
Parameters: 0.999999 -0.000350535 0.00124441 0.000352464 0.999999 -0.00117656 -0.00124359 0.00117744 0.999998 0.0217934 -0.0214097 -0.188632
FixedParameters: 0 0 0

#Transform 57
Transform: AffineTransform_float_3_3
Parameters: 0.999999 -0.000350804 0.00130232 0.000352196 0.999999 -0.000917541 -0.00130268 0.000918457 0.999998 0.0211966 -0.0736624 -0.2247
FixedParameters: 0 0 0

#Transform 58
Transform: AffineTransform_float_3_3
Parameters: 0.999999 -0.000641162 0.00130192 0.000640838 1 0.000124834 -0.00130208 -0.000124165 0.999999 0.033722 -0.0829754 -0.158331
FixedParameters: 0 0 0

#Transform 59
Transform: AffineTransform_float_3_3
Parameters: 0.999999 -0.000751413 0.00130234 0.000751587 0.999999 -0.000450022 -0.00130266 0.000450979 0.999999 0.0319587 -0.0546784 -0.169497
FixedParameters: 0 0 0

#Transform 60
Transform: AffineTransform_float_3_3
Parameters: 0.999999 -0.000755859 0.00170306 0.00075514 0.999999 -8.1714e-05 -0.00170294 8.32873e-05 0.999998 0.0279718 0.0129422 -0.131985
FixedParameters: 0 0 0

#Transform 61
Transform: AffineTransform_float_3_3
Parameters: 0.999997 -0.00111245 0.00192274 0.00111155 1 0.000234138 -0.00192326 -0.000231861 0.999998 0.0316229 0.0319516 -0.10515
FixedParameters: 0 0 0

#Transform 62
Transform: AffineTransform_float_3_3
Parameters: 0.999998 -0.000787093 0.00186196 0.000786905 0.999999 5.14653e-05 -0.00186204 -4.95345e-05 0.999999 0.0275078 0.0900069 -0.125289
FixedParameters: 0 0 0

#Transform 63
Transform: AffineTransform_float_3_3
Parameters: 0.999999 -0.000786651 0.0013682 0.000787348 0.999999 -0.000253923 -0.0013678 0.000255076 0.999999 0.0148694 0.0878555 -0.110048
FixedParameters: 0 0 0

#Transform 64
Transform: AffineTransform_float_3_3
Parameters: 0.999999 -0.000786206 0.00162538 0.000786793 0.999999 -0.000487722 -0.00162462 0.000489278 0.999998 0.027643 0.0249907 -0.150043
FixedParameters: 0 0 0

#Transform 65
Transform: AffineTransform_float_3_3
Parameters: 0.999999 -0.00120824 0.00130178 0.00120777 1 0.000181573 -0.00130222 -0.000180427 0.999999 0.0413882 0.0252418 -0.141194
FixedParameters: 0 0 0

#Transform 66
Transform: AffineTransform_float_3_3
Parameters: 0.999999 -0.0012456 0.00130143 0.00124441 0.999999 0.00045762 -0.00130257 -0.000456378 0.999999 0.0472355 0.0317085 -0.0796549
FixedParameters: 0 0 0

#Transform 67
Transform: AffineTransform_float_3_3
Parameters: 0.999998 -0.00108246 0.00152968 0.00108255 1 0.000298657 -0.00152932 -0.000297345 0.999999 0.0458809 0.0303708 -0.067191
FixedParameters: 0 0 0

#Transform 68
Transform: AffineTransform_float_3_3
Parameters: 0.999999 -0.00104856 0.00151661 0.00104844 1 0.000371591 -0.00151639 -0.000370411 0.999999 0.0367898 -0.000704772 -0.110972
FixedParameters: 0 0 0

#Transform 69
Transform: AffineTransform_float_3_3
Parameters: 0.999998 -0.00129827 0.00161879 0.00129873 0.999999 0.000165103 -0.00161921 -0.000162898 0.999998 0.036282 0.0298491 -0.127174
FixedParameters: 0 0 0

#Transform 70
Transform: AffineTransform_float_3_3
Parameters: 0.999998 -0.000952078 0.00130194 0.000951922 0.999999 6.02394e-05 -0.00130206 -5.97604e-05 0.999999 0.0473842 0.0414406 -0.14526
FixedParameters: 0 0 0

#Transform 71
Transform: AffineTransform_float_3_3
Parameters: 0.999999 -0.00129808 0.00130192 0.00129792 0.999999 6.06899e-05 -0.00130208 -5.93099e-05 0.999999 0.0697177 0.0460762 -0.122288
FixedParameters: 0 0 0

#Transform 72
Transform: AffineTransform_float_3_3
Parameters: 0.999999 -0.000982472 0.00119861 0.000981528 1 0.000394177 -0.00119939 -0.000392822 0.999999 0.053565 0.0119395 -0.12205
FixedParameters: 0 0 0

#Transform 73
Transform: AffineTransform_float_3_3
Parameters: 0.999999 -0.00115847 0.00071086 0.00115953 0.999999 -0.000741177 -0.000710141 0.000741824 1 0.0474633 -0.0179016 -0.24745
FixedParameters: 0 0 0

#Transform 74
Transform: AffineTransform_float_3_3
Parameters: 0.999999 -0.0010871 0.0010469 0.0010869 1 9.3138e-05 -0.0010471 -9.28618e-05 0.999999 0.0586206 9.11281e-05 -0.144437
FixedParameters: 0 0 0

#Transform 75
Transform: AffineTransform_float_3_3
Parameters: 0.999999 -0.00100115 0.00107286 0.00100085 0.999999 0.000138074 -0.00107214 -0.000136927 1 0.0540596 -0.0523293 -0.0432332
FixedParameters: 0 0 0

#Transform 76
Transform: AffineTransform_float_3_3
Parameters: 0.999999 -0.000652668 0.000710304 0.000653331 0.999999 -0.000466536 -0.000710695 0.000466464 0.999999 0.0451433 -0.0379469 -0.142403
FixedParameters: 0 0 0

#Transform 77
Transform: AffineTransform_float_3_3
Parameters: 0.999999 -0.000902561 0.0011639 0.00090544 0.999998 -0.00209695 -0.0011621 0.00209805 0.999997 0.0266509 -0.0188445 -0.158552
FixedParameters: 0 0 0

#Transform 78
Transform: AffineTransform_float_3_3
Parameters: 1 -0.000942748 0.000711662 0.000944253 0.999998 -0.00176133 -0.000710338 0.00176167 0.999998 0.0296267 -0.00874931 -0.19059
FixedParameters: 0 0 0

#Transform 79
Transform: AffineTransform_float_3_3
Parameters: 0.999999 -0.000942624 0.000894454 0.000944378 0.999999 -0.00154016 -0.000893547 0.00154084 0.999999 0.0384908 -0.0280324 -0.206776
FixedParameters: 0 0 0

#Transform 80
Transform: AffineTransform_float_3_3
Parameters: 0.999999 -0.000869021 0.000993734 0.00087098 0.999997 -0.00199313 -0.000992265 0.00199386 0.999997 0.0319786 -0.050931 -0.255738
FixedParameters: 0 0 0

#Transform 81
Transform: AffineTransform_float_3_3
Parameters: 0.999998 -0.000941713 0.00130765 0.000944285 0.999998 -0.00174877 -0.00130535 0.00175023 0.999997 0.0280988 -0.0535098 -0.203589
FixedParameters: 0 0 0

#Transform 82
Transform: AffineTransform_float_3_3
Parameters: 0.999999 -0.000861372 0.00102253 0.000861628 1 -0.00061412 -0.00102147 0.000614881 1 0.025507 -0.0934857 -0.123722
FixedParameters: 0 0 0

#Transform 83
Transform: AffineTransform_float_3_3
Parameters: 1 -0.000943645 0.00048669 0.000944356 1 -0.000730541 -0.00048631 0.000731459 0.999999 0.0436667 0.000622779 -0.0280445
FixedParameters: 0 0 0

#Transform 84
Transform: AffineTransform_float_3_3
Parameters: 0.999999 -0.000944 0.000263997 0.000943998 0.999999 3.24921e-06 -0.000264003 -2.75078e-06 1 0.0408536 -0.00718914 -0.0992665
FixedParameters: 0 0 0

#Transform 85
Transform: AffineTransform_float_3_3
Parameters: 1 -0.000943971 0.000710037 0.000944028 0.999999 -3.93297e-05 -0.000709962 4.06702e-05 0.999999 0.0407839 0.0161952 -0.0852998
FixedParameters: 0 0 0

#Transform 86
Transform: AffineTransform_float_3_3
Parameters: 1 -0.000943752 0.00071033 0.000944248 0.999999 -0.000349329 -0.00071067 0.000349671 0.999999 0.0239201 0.0377689 -0.078852
FixedParameters: 0 0 0

#Transform 87
Transform: AffineTransform_float_3_3
Parameters: 0.999999 -0.00140282 0.000710359 0.00140218 0.999999 -0.000256004 -0.00071064 0.000256997 0.999999 0.028219 0.0392146 -0.114026
FixedParameters: 0 0 0

#Transform 88
Transform: AffineTransform_float_3_3
Parameters: 0.999998 -0.0014024 0.000868974 0.0014026 0.999999 -0.000693782 -0.000868026 0.000695218 1 0.0293806 0.0185313 -0.10442
FixedParameters: 0 0 0

#Transform 89
Transform: AffineTransform_float_3_3
Parameters: 0.999998 -0.00102776 0.00176472 0.00102924 0.999999 -0.000702185 -0.00176428 0.000703815 0.999998 0.00372097 -0.00301762 -0.150813
FixedParameters: 0 0 0

#Transform 90
Transform: AffineTransform_float_3_3
Parameters: 0.999994 -0.000566915 0.00337068 0.000565082 0.999999 0.000569908 -0.00337132 -0.000567092 0.999994 -0.00366565 -0.0173298 -0.235371
FixedParameters: 0 0 0

#Transform 91
Transform: AffineTransform_float_3_3
Parameters: 0.999995 -0.00124643 0.00314444 0.00124558 0.999999 0.000454919 -0.00314457 -0.000451083 0.999995 0.0230082 -0.0189593 -0.198701
FixedParameters: 0 0 0

#Transform 92
Transform: AffineTransform_float_3_3
Parameters: 0.999997 -0.00116875 0.00244912 0.00116925 1 -0.000102137 -0.00244888 0.000104863 0.999997 0.0257631 -0.00456881 -0.202657
FixedParameters: 0 0 0

#Transform 93
Transform: AffineTransform_float_3_3
Parameters: 0.999996 -0.00149673 0.00262815 0.00149727 0.999999 -0.000101065 -0.00262785 0.000104934 0.999996 0.0220263 0.0173409 -0.188278
FixedParameters: 0 0 0

#Transform 94
Transform: AffineTransform_float_3_3
Parameters: 0.999996 -0.00155359 0.00264942 0.00155641 0.999999 -0.000908881 -0.00264858 0.00091312 0.999996 0.0155501 -0.00480035 -0.193996
FixedParameters: 0 0 0

#Transform 95
Transform: AffineTransform_float_3_3
Parameters: 0.999996 -0.00128081 0.0024491 0.00128119 0.999999 -7.68625e-05 -0.0024489 8.01369e-05 0.999997 0.0270022 0.0217352 -0.0997119
FixedParameters: 0 0 0

#Transform 96
Transform: AffineTransform_float_3_3
Parameters: 0.999996 -0.00148482 0.00244971 0.00148618 0.999999 -0.000479361 -0.00244929 0.000482639 0.999997 0.0406717 0.0134507 0.0410733
FixedParameters: 0 0 0

#Transform 97
Transform: AffineTransform_float_3_3
Parameters: 0.999996 -0.00101495 0.00245318 0.00102405 0.999991 -0.0040995 -0.00244882 0.0041015 0.999988 0.0911507 -0.0299281 0.164723
FixedParameters: 0 0 0

#Transform 98
Transform: AffineTransform_float_3_3
Parameters: 0.999998 -0.00106219 0.00169356 0.00107081 0.999986 -0.0052092 -0.00168744 0.0052118 0.999985 -0.0194311 -0.111497 -0.221983
FixedParameters: 0 0 0

#Transform 99
Transform: AffineTransform_float_3_3
Parameters: 0.999997 -0.00164784 0.00182108 0.00166016 0.999976 -0.006698 -0.00180992 0.006701 0.999976 -0.00437608 -0.102865 -0.273036
FixedParameters: 0 0 0

#Transform 100
Transform: AffineTransform_float_3_3
Parameters: 0.999996 -0.00195719 0.00209703 0.00196981 0.99998 -0.0061229 -0.00208497 0.00612711 0.999979 -0.00827015 -0.0912399 -0.292032
FixedParameters: 0 0 0

#Transform 101
Transform: AffineTransform_float_3_3
Parameters: 0.999996 -0.00168652 0.00217296 0.00169848 0.999984 -0.00529133 -0.00216404 0.00529467 0.999983 -0.0101709 -0.108465 -0.255667
FixedParameters: 0 0 0

#Transform 102
Transform: AffineTransform_float_3_3
Parameters: 0.999998 -0.00143795 0.00181879 0.00144905 0.999981 -0.00608938 -0.00181021 0.00609162 0.99998 -0.00715232 -0.062689 -0.213516
FixedParameters: 0 0 0

#Transform 103
Transform: AffineTransform_float_3_3
Parameters: 0.999997 -0.00166647 0.00181878 0.00167653 0.999985 -0.00525196 -0.00181022 0.00525503 0.999984 5.46356e-05 -0.0528817 -0.163121
FixedParameters: 0 0 0

#Transform 104
Transform: AffineTransform_float_3_3
Parameters: 0.999998 -0.00152294 0.00174595 0.00153206 0.999986 -0.00520034 -0.00173806 0.00520266 0.999985 0.00512531 -0.0683036 -0.16399
FixedParameters: 0 0 0

#Transform 105
Transform: AffineTransform_float_3_3
Parameters: 0.999998 -0.00143391 0.001818 0.00144409 0.999983 -0.00555939 -0.00181 0.00556161 0.999983 0.00299019 -0.0852458 -0.175085
FixedParameters: 0 0 0

#Transform 106
Transform: AffineTransform_float_3_3
Parameters: 0.999997 -0.00159236 0.00181936 0.00160364 0.999981 -0.0058591 -0.00181063 0.0058619 0.999981 -0.005739 -0.100148 -0.217373
FixedParameters: 0 0 0

#Transform 107
Transform: AffineTransform_float_3_3
Parameters: 0.999997 -0.00165962 0.00147449 0.00166739 0.999983 -0.00570356 -0.00146551 0.00570545 0.999982 0.000956981 -0.0835248 -0.225239
FixedParameters: 0 0 0

#Transform 108
Transform: AffineTransform_float_3_3
Parameters: 0.999998 -0.00171512 0.00152803 0.00172388 0.999981 -0.00582938 -0.00151797 0.00583262 0.999982 0.00642443 -0.0990468 -0.204309
FixedParameters: 0 0 0

#Transform 109
Transform: AffineTransform_float_3_3
Parameters: 0.999997 -0.00121065 0.00181694 0.00122135 0.999983 -0.00570379 -0.00181006 0.00570621 0.999982 7.79104e-05 -0.0730376 -0.156422
FixedParameters: 0 0 0

#Transform 110
Transform: AffineTransform_float_3_3
Parameters: 0.999997 -0.0016296 0.00181937 0.00164041 0.999982 -0.00573003 -0.00181063 0.00573297 0.999982 -0.0132986 -0.0721624 -0.202729
FixedParameters: 0 0 0

#Transform 111
Transform: AffineTransform_float_3_3
Parameters: 0.999997 -0.001714 0.00176178 0.001724 0.999983 -0.00568798 -0.00175222 0.00569102 0.999983 -3.97854e-05 -0.0746068 -0.151041
FixedParameters: 0 0 0

#Transform 112
Transform: AffineTransform_float_3_3
Parameters: 0.999997 -0.00164335 0.00181876 0.00165365 0.999984 -0.00531601 -0.00181023 0.00531899 0.999984 0.0139719 -0.0696576 -0.0948068
FixedParameters: 0 0 0

#Transform 113
Transform: AffineTransform_float_3_3
Parameters: 0.999996 -0.00171231 0.0021424 0.00172369 0.999983 -0.00546732 -0.00213361 0.00547067 0.999983 0.0230572 -0.0707159 -0.0902693
FixedParameters: 0 0 0

#Transform 114
Transform: AffineTransform_float_3_3
Parameters: 0.999997 -0.00164529 0.00181883 0.00165571 0.999985 -0.00535101 -0.00181016 0.005354 0.999984 0.0222329 -0.0957313 -0.0710538
FixedParameters: 0 0 0

#Transform 115
Transform: AffineTransform_float_3_3
Parameters: 0.999997 -0.00171449 0.00181901 0.0017235 0.999985 -0.00523688 -0.00181 0.00524012 0.999984 0.0167349 -0.0983976 -0.0860294
FixedParameters: 0 0 0

#Transform 116
Transform: AffineTransform_float_3_3
Parameters: 0.999996 -0.00171382 0.0019052 0.00172417 0.999984 -0.00535173 -0.0018958 0.00535527 0.999984 0.00411513 -0.108781 -0.159271
FixedParameters: 0 0 0

#Transform 117
Transform: AffineTransform_float_3_3
Parameters: 0.999997 -0.00171177 0.0021269 0.00172423 0.999982 -0.00576335 -0.00211609 0.00576764 0.999981 0.00432417 -0.0906023 -0.129937
FixedParameters: 0 0 0

#Transform 118
Transform: AffineTransform_float_3_3
Parameters: 0.999996 -0.00180941 0.00223525 0.00182159 0.999983 -0.00564195 -0.00222575 0.00564605 0.999981 0.00630243 -0.089762 -0.109074
FixedParameters: 0 0 0

#Transform 119
Transform: AffineTransform_float_3_3
Parameters: 0.999996 -0.00171241 0.00226282 0.00172359 0.999986 -0.00513112 -0.00225418 0.00513488 0.999985 0.0113735 -0.0865791 -0.0699592
FixedParameters: 0 0 0

#Transform 120
Transform: AffineTransform_float_3_3
Parameters: 0.999995 -0.00171333 0.00238171 0.00172367 0.999989 -0.00448592 -0.00237429 0.00449009 0.999987 0.0326299 -0.0819006 -0.0749975
FixedParameters: 0 0 0

#Transform 121
Transform: AffineTransform_float_3_3
Parameters: 0.999995 -0.00171214 0.00264472 0.00172386 0.999989 -0.00448847 -0.00263629 0.00449354 0.999987 0.0490621 -0.0819225 -0.06466
FixedParameters: 0 0 0

#Transform 122
Transform: AffineTransform_float_3_3
Parameters: 0.999995 -0.00181888 0.00265604 0.00183212 0.999986 -0.00494716 -0.00264696 0.00495184 0.999984 0.0387145 -0.084891 -0.0689844
FixedParameters: 0 0 0

#Transform 123
Transform: AffineTransform_float_3_3
Parameters: 0.999995 -0.00171067 0.00265564 0.00172433 0.999986 -0.00502644 -0.00264736 0.00503055 0.999984 0.0278038 -0.0858005 -0.0475799
FixedParameters: 0 0 0

#Transform 124
Transform: AffineTransform_float_3_3
Parameters: 0.999993 -0.00210863 0.00305038 0.00212536 0.999984 -0.00537156 -0.00303862 0.00537845 0.999981 0.0294559 -0.0929851 -0.0307727
FixedParameters: 0 0 0

#Transform 125
Transform: AffineTransform_float_3_3
Parameters: 0.999994 -0.00194775 0.00287371 0.00196225 0.999986 -0.00496439 -0.00286429 0.00496961 0.999983 0.0407656 -0.0849109 -0.0479904
FixedParameters: 0 0 0

#Transform 126
Transform: AffineTransform_float_3_3
Parameters: 0.999994 -0.00092848 0.00311615 0.000938519 0.999994 -0.00337609 -0.00311285 0.00337891 0.99999 0.0536611 -0.0756629 -0.0337395
FixedParameters: 0 0 0

#Transform 127
Transform: AffineTransform_float_3_3
Parameters: 0.999995 -0.00117369 0.00311652 0.00118331 0.999995 -0.00298633 -0.00311348 0.00299067 0.99999 0.0559608 -0.0267398 -0.039932
FixedParameters: 0 0 0

#Transform 128
Transform: AffineTransform_float_3_3
Parameters: 0.999994 -0.00129589 0.00326943 0.00130711 0.999994 -0.00339975 -0.00326457 0.00340325 0.999989 0.0473363 -0.0219497 -0.0488774
FixedParameters: 0 0 0

#Transform 129
Transform: AffineTransform_float_3_3
Parameters: 0.999993 -0.00177389 0.00311991 0.00178611 0.999991 -0.00388245 -0.00311308 0.00388855 0.999987 0.0523981 -0.118016 -0.0877824
FixedParameters: 0 0 0

#Transform 130
Transform: AffineTransform_float_3_3
Parameters: 0.999992 -0.00177188 0.00338044 0.00178612 0.999989 -0.00417799 -0.00337256 0.004184 0.999985 0.0442937 -0.0394432 0.0914033
FixedParameters: 0 0 0

#Transform 131
Transform: AffineTransform_float_3_3
Parameters: 0.999993 -0.00177045 0.00334228 0.00178655 0.999987 -0.00465606 -0.00333371 0.00466193 0.999983 0.0371733 -0.00345965 0.0117335
FixedParameters: 0 0 0

#Transform 132
Transform: AffineTransform_float_3_3
Parameters: 0.99999 -0.00175961 0.00394188 0.00178639 0.999976 -0.00670002 -0.00393011 0.00670698 0.99997 0.0370163 -0.0149405 0.578288
FixedParameters: 0 0 0

#Transform 133
Transform: AffineTransform_float_3_3
Parameters: 0.99999 -0.00174168 0.00426138 0.00178631 0.999944 -0.0104175 -0.00424261 0.0104255 0.999936 0.123655 -0.151588 0.595919
FixedParameters: 0 0 0

#Transform 134
Transform: AffineTransform_float_3_3
Parameters: 0.999993 -0.00147838 0.00363553 0.00150362 0.999974 -0.00705359 -0.00362548 0.00705942 0.999969 0.100345 -0.0916991 0.520377
FixedParameters: 0 0 0

#Transform 135
Transform: AffineTransform_float_3_3
Parameters: 0.999992 -0.0017624 0.00363653 0.0017866 0.999978 -0.00649556 -0.00362547 0.00650245 0.999973 0.0518366 -0.121565 0.385898
FixedParameters: 0 0 0

#Transform 136
Transform: AffineTransform_float_3_3
Parameters: 0.999991 -0.00175971 0.00402559 0.00178629 0.999977 -0.00653687 -0.0040144 0.00654412 0.99997 0.0702836 -0.0814958 0.509
FixedParameters: 0 0 0

#Transform 137
Transform: AffineTransform_float_3_3
Parameters: 0.999992 -0.00170895 0.00354915 0.00173605 0.99997 -0.0076319 -0.00353585 0.0076381 0.999964 0.0316482 -0.129444 0.336295
FixedParameters: 0 0 0

#Transform 138
Transform: AffineTransform_float_3_3
Parameters: 0.999995 -0.00168778 0.00270934 0.00170822 0.999967 -0.00785041 -0.00269567 0.00785459 0.999966 0.0175293 -0.128918 0.221364
FixedParameters: 0 0 0

#Transform 139
Transform: AffineTransform_float_3_3
Parameters: 0.999996 -0.00134417 0.00270645 0.00136583 0.99997 -0.00771034 -0.00269555 0.00771466 0.999966 0.0327079 -0.134681 0.0861243
FixedParameters: 0 0 0

#Transform 140
Transform: AffineTransform_float_3_3
Parameters: 0.999993 -0.00176088 0.00327065 0.00178612 0.999969 -0.00769321 -0.00325735 0.00769879 0.999965 0.031968 -0.133795 0.0852008
FixedParameters: 0 0 0

#Transform 141
Transform: AffineTransform_float_3_3
Parameters: 0.999992 -0.00211897 0.00360025 0.00214303 0.999976 -0.00668335 -0.00358575 0.00669066 0.999971 0.0301707 -0.133716 0.13921
FixedParameters: 0 0 0

#Transform 142
Transform: AffineTransform_float_3_3
Parameters: 0.99999 -0.00190321 0.00401979 0.00192979 0.999976 -0.00667031 -0.00400721 0.00667769 0.999969 0.0280528 -0.126825 0.163001
FixedParameters: 0 0 0

#Transform 143
Transform: AffineTransform_float_3_3
Parameters: 0.99999 -0.00218096 0.00407758 0.00220804 0.999975 -0.00663806 -0.00406342 0.00664693 0.999969 0.0211814 -0.125653 0.0972891
FixedParameters: 0 0 0

#Transform 144
Transform: AffineTransform_float_3_3
Parameters: 0.99999 -0.00218298 0.0040765 0.00220803 0.999978 -0.00614406 -0.0040635 0.00615293 0.999973 0.0172051 -0.122204 0.106967
FixedParameters: 0 0 0

#Transform 145
Transform: AffineTransform_float_3_3
Parameters: 0.999987 -0.00243901 0.00432647 0.00246799 0.999975 -0.00670741 -0.00431053 0.0067176 0.999968 0.0414698 -0.110798 0.101195
FixedParameters: 0 0 0

#Transform 146
Transform: AffineTransform_float_3_3
Parameters: 0.99999 -0.00172755 0.00407389 0.00175246 0.999979 -0.00625292 -0.00406312 0.00625908 0.999972 0.0128334 -0.123728 0.0724327
FixedParameters: 0 0 0

#Transform 147
Transform: AffineTransform_float_3_3
Parameters: 0.999987 -0.00218331 0.0044861 0.00220869 0.999983 -0.00550616 -0.00447389 0.00551584 0.999975 0.0409387 -0.0682054 0.136322
FixedParameters: 0 0 0

#Transform 148
Transform: AffineTransform_float_3_3
Parameters: 0.999987 -0.00218228 0.0044866 0.00220872 0.999981 -0.00573617 -0.00447439 0.00574584 0.999974 0.0349806 -0.0684812 0.134184
FixedParameters: 0 0 0

#Transform 149
Transform: AffineTransform_float_3_3
Parameters: 0.999987 -0.0021777 0.00448882 0.00220829 0.999974 -0.00675517 -0.00447417 0.00676583 0.999967 0.0346619 -0.0748213 0.145428
FixedParameters: 0 0 0

#Transform 150
Transform: AffineTransform_float_3_3
Parameters: 0.999987 -0.00217836 0.0044885 0.00220863 0.999975 -0.00660917 -0.00447349 0.00661883 0.999968 0.032114 -0.0622967 0.172636
FixedParameters: 0 0 0

#Transform 151
Transform: AffineTransform_float_3_3
Parameters: 0.999987 -0.00217684 0.00473844 0.00220815 0.999976 -0.00657963 -0.00472356 0.00659037 0.999967 0.0300448 -0.0849256 0.165468
FixedParameters: 0 0 0

#Transform 152
Transform: AffineTransform_float_3_3
Parameters: 0.99999 -0.00218546 0.00405523 0.00220854 0.999982 -0.00556211 -0.00404277 0.0055709 0.999977 0.037735 -0.0607833 0.148406
FixedParameters: 0 0 0

#Transform 153
Transform: AffineTransform_float_3_3
Parameters: 0.999987 -0.00309626 0.00420072 0.00310474 0.999993 -0.00183798 -0.00419528 0.00185101 0.99999 0.065218 0.0486827 0.170773
FixedParameters: 0 0 0

#Transform 154
Transform: AffineTransform_float_3_3
Parameters: 0.999988 -0.00256237 0.00414096 0.00257962 0.999987 -0.00425637 -0.00413004 0.00426763 0.999983 0.0358148 -0.0181878 0.175958
FixedParameters: 0 0 0

#Transform 155
Transform: AffineTransform_float_3_3
Parameters: 0.999988 -0.00308684 0.00381295 0.00310415 0.999985 -0.00450122 -0.00379904 0.00451378 0.999982 0.0301424 0.00908714 0.0994717
FixedParameters: 0 0 0

#Transform 156
Transform: AffineTransform_float_3_3
Parameters: 0.999991 -0.00212669 0.00372249 0.00213831 0.999993 -0.00303707 -0.00371652 0.00304493 0.999989 0.0191824 0.0155214 0.23649
FixedParameters: 0 0 0

#Transform 157
Transform: AffineTransform_float_3_3
Parameters: 0.999992 -0.00230045 0.00346703 0.00231355 0.999989 -0.00390901 -0.00345798 0.00391699 0.999987 0.0130805 -0.014779 0.211634
FixedParameters: 0 0 0

#Transform 158
Transform: AffineTransform_float_3_3
Parameters: 0.99999 -0.00209915 0.0037826 0.00211085 0.999993 -0.00313204 -0.0037754 0.00313995 0.999988 0.0238821 -0.0111364 0.197755
FixedParameters: 0 0 0

#Transform 159
Transform: AffineTransform_float_3_3
Parameters: 0.999992 -0.00205984 0.00346705 0.00207516 0.999989 -0.00437484 -0.00345795 0.00438116 0.999985 0.0095608 -0.0575607 0.154121
FixedParameters: 0 0 0

#Transform 160
Transform: AffineTransform_float_3_3
Parameters: 0.999991 -0.00222221 0.00365603 0.00223779 0.99999 -0.00404586 -0.00364697 0.00405414 0.999985 0.0239307 -0.0397556 0.113406
FixedParameters: 0 0 0

#Transform 161
Transform: AffineTransform_float_3_3
Parameters: 0.99999 -0.00225518 0.00368711 0.00226983 0.99999 -0.00402167 -0.00367889 0.00402934 0.999985 0.0426616 -0.0304079 0.275857
FixedParameters: 0 0 0

#Transform 162
Transform: AffineTransform_float_3_3
Parameters: 0.999988 -0.00267261 0.00410403 0.00269139 0.999987 -0.00448101 -0.00409296 0.00449199 0.999981 0.0426588 0.0233307 0.549751
FixedParameters: 0 0 0

#Transform 163
Transform: AffineTransform_float_3_3
Parameters: 0.999987 -0.00238588 0.00466797 0.00241313 0.99998 -0.00581382 -0.00465404 0.00582519 0.999972 0.0603416 -0.0197783 0.410834
FixedParameters: 0 0 0

#Transform 164
Transform: AffineTransform_float_3_3
Parameters: 0.999988 -0.00267296 0.00393431 0.00269104 0.999986 -0.00458646 -0.00392268 0.00459754 0.999981 0.0388871 -0.0683155 0.317346
FixedParameters: 0 0 0

#Transform 165
Transform: AffineTransform_float_3_3
Parameters: 0.999986 -0.00266054 0.00442944 0.00269146 0.999972 -0.00688516 -0.00441155 0.00689682 0.999966 0.0651745 -0.0800074 0.440134
FixedParameters: 0 0 0

#Transform 166
Transform: AffineTransform_float_3_3
Parameters: 0.999985 -0.00290211 0.00469729 0.00294888 0.999945 -0.0100063 -0.00466771 0.0100197 0.999939 0.0599333 -0.212446 0.370443
FixedParameters: 0 0 0

#Transform 167
Transform: AffineTransform_float_3_3
Parameters: 0.999987 -0.00231822 0.00438373 0.00234378 0.99998 -0.0058848 -0.00437027 0.0058942 0.999973 0.031906 -0.0869694 0.428871
FixedParameters: 0 0 0

#Transform 168
Transform: AffineTransform_float_3_3
Parameters: 0.999986 -0.00185028 0.00493059 0.00187272 0.999987 -0.00460683 -0.00492242 0.00461617 0.999977 0.0169791 -0.078985 0.295153
FixedParameters: 0 0 0

#Transform 169
Transform: AffineTransform_float_3_3
Parameters: 0.999987 -0.00184986 0.004788 0.00187313 0.999986 -0.00483109 -0.004779 0.0048409 0.999977 0.0154764 -0.0932522 0.19295
FixedParameters: 0 0 0

#Transform 170
Transform: AffineTransform_float_3_3
Parameters: 0.999989 -0.00131874 0.00444576 0.00133826 0.999989 -0.00433209 -0.00444024 0.0043379 0.99998 0.00778374 -0.0672289 0.158014
FixedParameters: 0 0 0

#Transform 171
Transform: AffineTransform_float_3_3
Parameters: 0.999989 -0.00144564 0.00447964 0.00146236 0.999992 -0.0038745 -0.00447336 0.00388151 0.999983 0.000660714 -0.0565428 0.195194
FixedParameters: 0 0 0

#Transform 172
Transform: AffineTransform_float_3_3
Parameters: 0.999989 -0.00144458 0.00447998 0.00146242 0.999991 -0.00411149 -0.00447402 0.00411851 0.999981 0.00933472 -0.101564 0.180229
FixedParameters: 0 0 0

#Transform 173
Transform: AffineTransform_float_3_3
Parameters: 0.999991 -0.0014455 0.00384163 0.00146251 0.999989 -0.00455742 -0.00383537 0.00456259 0.999982 -0.000731325 -0.0605162 0.213905
FixedParameters: 0 0 0

#Transform 174
Transform: AffineTransform_float_3_3
Parameters: 0.999992 -0.0014454 0.00375482 0.0014626 0.999988 -0.00468855 -0.00374818 0.00469446 0.999982 -0.0201364 -0.0499323 0.15712
FixedParameters: 0 0 0

#Transform 175
Transform: AffineTransform_float_3_3
Parameters: 0.999991 -0.00144441 0.00393787 0.00146259 0.999988 -0.00472128 -0.00393113 0.00472772 0.999981 -0.0283985 -0.0409298 0.15649
FixedParameters: 0 0 0

#Transform 176
Transform: AffineTransform_float_3_3
Parameters: 0.999992 -0.00144431 0.00390097 0.00146269 0.999988 -0.00479134 -0.00389403 0.00479767 0.999981 -0.0336046 -0.0235059 0.156069
FixedParameters: 0 0 0

#Transform 177
Transform: AffineTransform_float_3_3
Parameters: 0.999991 -0.0013503 0.00396042 0.0013687 0.999988 -0.00472162 -0.00395458 0.00472738 0.999981 -0.0292581 -0.0408088 0.126434
FixedParameters: 0 0 0

#Transform 178
Transform: AffineTransform_float_3_3
Parameters: 0.999995 -0.000494043 0.00304913 0.000506955 0.999991 -0.00424948 -0.00304687 0.00425153 0.999987 -0.12535 -0.0889567 0.0621275
FixedParameters: 0 0 0

#Transform 179
Transform: AffineTransform_float_3_3
Parameters: 0.999998 -0.000871738 0.00212558 0.000878261 0.999996 -0.00294714 -0.00212242 0.00294886 0.999994 -0.0603395 -0.0738911 0.0330698
FixedParameters: 0 0 0
