# transform file /out/sourcedata/freesurfer/sub-v2s12x28882_ses-1/mri/transforms/cc_up.lta
# created by oesteban on Wed Mar 11 02:41:55 2026

type      = 0 # LINEAR_VOX_TO_VOX
nxforms   = 1
mean      = 128.0000 117.0000 136.0000
sigma     = 10000.0000
1 4 4
9.994725584983826e-01 6.454076501540840e-04 3.246625885367393e-02 -3.411677122116089e+00 
-6.450674263760448e-04 9.999997615814209e-01 -2.095397940138355e-05 3.008480262756348e+01 
-3.246626630425453e-02 0.000000000000000e+00 9.994727969169617e-01 -3.805085420608521e+00 
0.000000000000000e+00 0.000000000000000e+00 0.000000000000000e+00 1.000000000000000e+00 
src volume info
valid = 1  # volume info valid
filename = /out/sourcedata/freesurfer/sub-v2s12x28882_ses-1/mri/norm.mgz
volume = 256 256 256
voxelsize = 1.000000000000000e+00 1.000000000000000e+00 1.000000000000000e+00
xras   = -1.000000000000000e+00 0.000000000000000e+00 0.000000000000000e+00
yras   = 0.000000000000000e+00 0.000000000000000e+00 -1.000000000000000e+00
zras   = 0.000000000000000e+00 1.000000000000000e+00 0.000000000000000e+00
cras   = 2.491897583007812e+00 5.000000000000000e-01 -2.781997680664062e+00
dst volume info
valid = 1  # volume info valid
filename = /out/sourcedata/freesurfer/sub-v2s12x28882_ses-1/mri/norm.mgz
volume = 256 256 256
voxelsize = 1.000000000000000e+00 1.000000000000000e+00 1.000000000000000e+00
xras   = -1.000000000000000e+00 0.000000000000000e+00 0.000000000000000e+00
yras   = 0.000000000000000e+00 0.000000000000000e+00 -1.000000000000000e+00
zras   = 0.000000000000000e+00 1.000000000000000e+00 0.000000000000000e+00
cras   = 2.491897583007812e+00 5.000000000000000e-01 -2.781997680664062e+00
