# transform file /out/sourcedata/freesurfer/sub-v2s12x28902_ses-1/mri/transforms/cc_up.lta
# created by oesteban on Wed Mar 11 04:29:40 2026

type      = 0 # LINEAR_VOX_TO_VOX
nxforms   = 1
mean      = 128.0000 104.0000 120.0000
sigma     = 10000.0000
1 4 4
9.996730089187622e-01 -5.708115175366402e-03 2.493037469685078e-02 -6.576602458953857e-01 
5.706341005861759e-03 9.999838471412659e-01 1.423077483195812e-04 4.225851440429688e+01 
-2.493078075349331e-02 0.000000000000000e+00 9.996892809867859e-01 1.721017456054688e+01 
0.000000000000000e+00 0.000000000000000e+00 0.000000000000000e+00 1.000000000000000e+00 
src volume info
valid = 1  # volume info valid
filename = /out/sourcedata/freesurfer/sub-v2s12x28902_ses-1/mri/norm.mgz
volume = 256 256 256
voxelsize = 1.000000000000000e+00 1.000000000000000e+00 1.000000000000000e+00
xras   = -1.000000000000000e+00 0.000000000000000e+00 0.000000000000000e+00
yras   = 0.000000000000000e+00 0.000000000000000e+00 -1.000000000000000e+00
zras   = 0.000000000000000e+00 1.000000000000000e+00 0.000000000000000e+00
cras   = 5.538803100585938e+00 1.651600646972656e+01 7.022994995117188e+00
dst volume info
valid = 1  # volume info valid
filename = /out/sourcedata/freesurfer/sub-v2s12x28902_ses-1/mri/norm.mgz
volume = 256 256 256
voxelsize = 1.000000000000000e+00 1.000000000000000e+00 1.000000000000000e+00
xras   = -1.000000000000000e+00 0.000000000000000e+00 0.000000000000000e+00
yras   = 0.000000000000000e+00 0.000000000000000e+00 -1.000000000000000e+00
zras   = 0.000000000000000e+00 1.000000000000000e+00 0.000000000000000e+00
cras   = 5.538803100585938e+00 1.651600646972656e+01 7.022994995117188e+00
