# transform file /out/sourcedata/freesurfer/sub-v2s12x28888_ses-1/mri/transforms/cc_up.lta
# created by oesteban on Wed Mar 11 03:26:55 2026

type      = 0 # LINEAR_VOX_TO_VOX
nxforms   = 1
mean      = 128.0000 130.0000 134.0000
sigma     = 10000.0000
1 4 4
9.988374710083008e-01 -1.633722707629204e-02 4.535194858908653e-02 -3.163721323013306e+00 
1.632041297852993e-02 9.998665452003479e-01 7.410239777527750e-04 5.840847015380859e+00 
-4.535800218582153e-02 0.000000000000000e+00 9.989708065986633e-01 9.917518615722656e+00 
0.000000000000000e+00 0.000000000000000e+00 0.000000000000000e+00 1.000000000000000e+00 
src volume info
valid = 1  # volume info valid
filename = /out/sourcedata/freesurfer/sub-v2s12x28888_ses-1/mri/norm.mgz
volume = 256 256 256
voxelsize = 1.000000000000000e+00 1.000000000000000e+00 1.000000000000000e+00
xras   = -1.000000000000000e+00 0.000000000000000e+00 0.000000000000000e+00
yras   = 0.000000000000000e+00 0.000000000000000e+00 -1.000000000000000e+00
zras   = 0.000000000000000e+00 1.000000000000000e+00 0.000000000000000e+00
cras   = 7.341003417968750e-01 5.000000000000000e-01 -1.375000000000000e+00
dst volume info
valid = 1  # volume info valid
filename = /out/sourcedata/freesurfer/sub-v2s12x28888_ses-1/mri/norm.mgz
volume = 256 256 256
voxelsize = 1.000000000000000e+00 1.000000000000000e+00 1.000000000000000e+00
xras   = -1.000000000000000e+00 0.000000000000000e+00 0.000000000000000e+00
yras   = 0.000000000000000e+00 0.000000000000000e+00 -1.000000000000000e+00
zras   = 0.000000000000000e+00 1.000000000000000e+00 0.000000000000000e+00
cras   = 7.341003417968750e-01 5.000000000000000e-01 -1.375000000000000e+00
