#Insight Transform File V1.0
#Transform 0
Transform: AffineTransform_float_3_3
Parameters: 1 0.000549 -0.000866 -0.000549 1 4.75434e-07 0.000866 4.75434e-07 0.999999 -0.00536462 -0.00291645 0.0211339
FixedParameters: 0 0 0

#Transform 1
Transform: AffineTransform_float_3_3
Parameters: 1 0.000648001 -0.000866 -0.000648 1 5.61168e-07 0.000866001 -4.38831e-07 0.999999 -0.00395336 0.0149355 0.0363504
FixedParameters: 0 0 0

#Transform 2
Transform: AffineTransform_float_3_3
Parameters: 1 0.000664698 -0.000866232 -0.000665302 0.999999 -0.000348424 0.000865768 0.000348575 0.999999 -0.00488027 0.0180198 0.0622528
FixedParameters: 0 0 0

#Transform 3
Transform: AffineTransform_float_3_3
Parameters: 0.999999 0.000284714 -0.000866094 -0.000284286 1 -0.000330754 0.000865905 0.000330246 0.999999 0.00828448 0.00489974 0.0352816
FixedParameters: 0 0 0

#Transform 4
Transform: AffineTransform_float_3_3
Parameters: 1 0.000385873 -0.000402122 -0.000386127 1 -0.000315845 0.000401878 0.000316155 1 -0.00483941 0.0240777 0.036989
FixedParameters: 0 0 0

#Transform 5
Transform: AffineTransform_float_3_3
Parameters: 1 0.000555862 -0.000395194 -0.000556138 1 -0.00034878 0.000394806 0.000349219 1 -0.00774528 0.034597 0.0237997
FixedParameters: 0 0 0

#Transform 6
Transform: AffineTransform_float_3_3
Parameters: 1 0.000561667 -0.00081523 -0.000561333 1 -0.000408542 0.00081477 0.000409458 0.999999 0.00148425 0.0251569 0.0298999
FixedParameters: 0 0 0

#Transform 7
Transform: AffineTransform_float_3_3
Parameters: 0.999999 0.000522645 -0.000866213 -0.000522354 1 -0.000408547 0.000865785 0.000409452 0.999999 0.00377446 0.0364519 0.0326827
FixedParameters: 0 0 0

#Transform 8
Transform: AffineTransform_float_3_3
Parameters: 1 0.000439792 -0.00050818 -0.000440207 1 -0.000408776 0.00050782 0.000409223 1 -0.00654649 0.0388807 0.0287348
FixedParameters: 0 0 0

#Transform 9
Transform: AffineTransform_float_3_3
Parameters: 1 0.000451832 -0.000409185 -0.000452167 1 -0.000408815 0.000408815 0.000409185 1 -0.0108948 0.0368051 0.0158921
FixedParameters: 0 0 0

#Transform 10
Transform: AffineTransform_float_3_3
Parameters: 0.999999 0.000665802 -0.00041232 -0.000666198 0.999999 -0.000480725 0.00041168 0.000480274 1 -0.00877635 0.0375837 0.0074007
FixedParameters: 0 0 0

#Transform 11
Transform: AffineTransform_float_3_3
Parameters: 1 0.000509647 -0.000412437 -0.000510352 0.999999 -0.000856789 0.000411563 0.000856209 0.999999 -0.00940108 0.0440688 0.0366304
FixedParameters: 0 0 0

#Transform 12
Transform: AffineTransform_float_3_3
Parameters: 0.999999 0.000634727 -0.00041242 -0.000635272 0.999999 -0.000661738 0.00041158 0.000661261 0.999999 -0.00408057 0.0512173 0.0666955
FixedParameters: 0 0 0

#Transform 13
Transform: AffineTransform_float_3_3
Parameters: 1 0.000535787 -0.000412277 -0.000536213 0.999999 -0.000516779 0.000411723 0.00051722 1 -0.0139509 0.0515385 0.0163228
FixedParameters: 0 0 0

#Transform 14
Transform: AffineTransform_float_3_3
Parameters: 1 0.000539831 -0.000412221 -0.000540168 1 -0.000408777 0.000411779 0.000409222 1 -0.0077741 0.0340835 -0.010665
FixedParameters: 0 0 0

#Transform 15
Transform: AffineTransform_float_3_3
Parameters: 1 0.000475831 -0.000412194 -0.000476168 1 -0.000408804 0.000411805 0.000409196 1 -0.0135296 0.022401 -0.00160717
FixedParameters: 0 0 0

#Transform 16
Transform: AffineTransform_float_3_3
Parameters: 1 0.000399928 -0.000130222 -0.000400072 1 -0.000554948 0.000129778 0.000555052 1 -0.0106782 0.0154759 0.0165259
FixedParameters: 0 0 0

#Transform 17
Transform: AffineTransform_float_3_3
Parameters: 1 0.000345072 0.000175859 -0.000344928 1 -0.000409061 -0.000176141 0.000408939 1 -0.0104682 0.0275412 0.0342876
FixedParameters: 0 0 0

#Transform 18
Transform: AffineTransform_float_3_3
Parameters: 1 0.000212017 0.000263986 -0.000211983 1 -6.6056e-05 -0.000264014 6.5944e-05 1 -0.00160491 0.0264827 0.0235554
FixedParameters: 0 0 0

#Transform 19
Transform: AffineTransform_float_3_3
Parameters: 1 0.000227074 0.000267937 -0.000226925 1 -0.000278061 -0.000268063 0.000277939 1 -0.00851337 0.0321971 0.0223182
FixedParameters: 0 0 0

#Transform 20
Transform: AffineTransform_float_3_3
Parameters: 1 -6.12e-09 -0.000136 -6.12e-09 1 -4.5e-05 0.000136 4.5e-05 1 0.00374144 0.0064425 0.00237336
FixedParameters: 0 0 0

#Transform 21
Transform: AffineTransform_float_3_3
Parameters: 1 6.2453e-08 0.000361 6.2453e-08 1 -0.000173 -0.000361 0.000173 1 -0.0164803 0.0333758 0.012597
FixedParameters: 0 0 0

#Transform 22
Transform: AffineTransform_float_3_3
Parameters: 1 -3.0266e-08 -7.4e-05 -3.0266e-08 1 -0.000409 7.4e-05 0.000409 1 -0.0134383 0.0397977 0.0233013
FixedParameters: 0 0 0

#Transform 23
Transform: AffineTransform_float_3_3
Parameters: 1 1.1452e-07 0.00028 1.1452e-07 1 -0.000409 -0.00028 0.000409 1 -0.0037016 0.0296614 0.0189955
FixedParameters: 0 0 0

#Transform 24
Transform: AffineTransform_float_3_3
Parameters: 1 0.000326995 6.50239e-05 -0.000327005 1 7.29787e-05 -6.49761e-05 -7.30212e-05 1 -0.0110635 0.0486627 0.0253968
FixedParameters: 0 0 0

#Transform 25
Transform: AffineTransform_float_3_3
Parameters: 1 -1.4697e-08 -7.1e-05 -1.4697e-08 1 -0.000207 7.1e-05 0.000207 1 -0.00356836 0.0458665 0.0142343
FixedParameters: 0 0 0

#Transform 26
Transform: AffineTransform_float_3_3
Parameters: 1 7.5044e-08 0.000257 7.5044e-08 1 -0.000292 -0.000257 0.000292 1 -0.0173651 0.0401425 -0.00160978
FixedParameters: 0 0 0

#Transform 27
Transform: AffineTransform_float_3_3
Parameters: 1 2.38e-09 0.000238 2.38e-09 1 -1e-05 -0.000238 1e-05 1 -0.0176581 0.0324725 -0.0212059
FixedParameters: 0 0 0

#Transform 28
Transform: AffineTransform_float_3_3
Parameters: 1 0.000396009 0.000236985 -0.000395991 1 -3.70938e-05 -0.000237015 3.69061e-05 1 -0.00848368 0.0376836 -0.0213967
FixedParameters: 0 0 0

#Transform 29
Transform: AffineTransform_float_3_3
Parameters: 1 0.000539001 -1.39606e-05 -0.000538999 1 7.30075e-05 1.40393e-05 -7.29924e-05 1 -0.0050168 0.0273222 -0.00897185
FixedParameters: 0 0 0

#Transform 30
Transform: AffineTransform_float_3_3
Parameters: 0.999999 0.00068897 0.00040005 -0.000689029 1 7.27244e-05 -0.000399949 -7.32756e-05 1 -0.0115079 0.0172808 -0.0327535
FixedParameters: 0 0 0

#Transform 31
Transform: AffineTransform_float_3_3
Parameters: 0.999999 0.00058709 0.000570907 -0.00058691 1 -0.000157335 -0.000570092 0.000157665 1 -0.00594156 0.0186907 -0.0375365
FixedParameters: 0 0 0

#Transform 32
Transform: AffineTransform_float_3_3
Parameters: 1 0.000455002 0.000236995 -0.000454998 1 -1.01078e-05 -0.000237004 9.89216e-06 1 -0.00553241 0.0301457 -0.0211059
FixedParameters: 0 0 0

#Transform 33
Transform: AffineTransform_float_3_3
Parameters: 1 0.000404969 0.000422029 -0.000405031 1 7.28291e-05 -0.00042197 -7.31709e-05 1 -0.00694201 0.0228618 -0.0216555
FixedParameters: 0 0 0

#Transform 34
Transform: AffineTransform_float_3_3
Parameters: 0.999999 0.000370769 0.000761112 -0.00037123 1 0.000302717 -0.000760887 -0.000303282 0.999999 -0.0087858 0.00824925 -0.0220951
FixedParameters: 0 0 0

#Transform 35
Transform: AffineTransform_float_3_3
Parameters: 1 0.000328098 0.000516938 -0.000327902 1 -0.000189169 -0.000517062 0.00018883 1 -0.0138644 0.0355532 -0.00536267
FixedParameters: 0 0 0

#Transform 36
Transform: AffineTransform_float_3_3
Parameters: 1 0.000447142 0.00052988 -0.000446858 1 -0.000267237 -0.00053012 0.000267763 1 -0.0162357 0.0314991 0.0188965
FixedParameters: 0 0 0

#Transform 37
Transform: AffineTransform_float_3_3
Parameters: 0.999999 0.000253285 0.000860915 -0.000252715 1 -0.000331218 -0.000861083 0.000330782 0.999999 -0.0223766 0.0168827 -0.000589304
FixedParameters: 0 0 0

#Transform 38
Transform: AffineTransform_float_3_3
Parameters: 1 0.000104006 0.000532999 -0.000103994 1 -1.20554e-05 -0.000533001 1.19446e-05 1 -0.0198758 -0.00255565 -0.0345247
FixedParameters: 0 0 0

#Transform 39
Transform: AffineTransform_float_3_3
Parameters: 1 7.119e-08 0.000678 7.119e-08 1 -0.000105 -0.000678 0.000105 1 -0.0242454 0.0367006 -0.0243205
FixedParameters: 0 0 0

#Transform 40
Transform: AffineTransform_float_3_3
Parameters: 1 -2.117e-08 0.00029 -2.117e-08 1 7.3e-05 -0.00029 -7.3e-05 1 -0.0182123 0.0427377 0.016927
FixedParameters: 0 0 0

#Transform 41
Transform: AffineTransform_float_3_3
Parameters: 1 -2.1243e-08 0.000291 -2.1243e-08 1 7.3e-05 -0.000291 -7.3e-05 1 -0.0112668 0.0318546 0.0146148
FixedParameters: 0 0 0

#Transform 42
Transform: AffineTransform_float_3_3
Parameters: 1 1.43062e-07 0.000466 1.43062e-07 1 -0.000307 -0.000466 0.000307 1 -0.0190782 0.0275361 -0.00706819
FixedParameters: 0 0 0

#Transform 43
Transform: AffineTransform_float_3_3
Parameters: 1 4.8e-09 0.00016 4.8e-09 1 -3e-05 -0.00016 3e-05 1 -0.00591388 0.0372295 -0.0245373
FixedParameters: 0 0 0

#Transform 44
Transform: AffineTransform_float_3_3
Parameters: 1 7.89714e-05 0.000392006 -7.90286e-05 1 7.2969e-05 -0.000391994 -7.3031e-05 1 -0.0197961 0.0360528 -0.0235285
FixedParameters: 0 0 0

#Transform 45
Transform: AffineTransform_float_3_3
Parameters: 1 -6.82e-09 0.00031 -6.82e-09 1 2.2e-05 -0.00031 -2.2e-05 1 -0.0153462 0.015927 -0.0309283
FixedParameters: 0 0 0

#Transform 46
Transform: AffineTransform_float_3_3
Parameters: 1 6.405e-08 0.000305 6.405e-08 1 -0.00021 -0.000305 0.00021 1 -0.0152485 0.0196527 -0.0310426
FixedParameters: 0 0 0

#Transform 47
Transform: AffineTransform_float_3_3
Parameters: 1 -5.0516e-08 0.000692 -5.0516e-08 1 7.3e-05 -0.000692 -7.3e-05 1 -0.0260787 0.0311556 -0.0257726
FixedParameters: 0 0 0

#Transform 48
Transform: AffineTransform_float_3_3
Parameters: 1 -5.0516e-08 0.000692 -5.0516e-08 1 7.3e-05 -0.000692 -7.3e-05 1 -0.0198235 0.0264485 -0.0139236
FixedParameters: 0 0 0

#Transform 49
Transform: AffineTransform_float_3_3
Parameters: 1 -3.8033e-08 0.000521 -3.8033e-08 1 7.3e-05 -0.000521 -7.3e-05 1 -0.0143685 0.0333926 -0.0531414
FixedParameters: 0 0 0

#Transform 50
Transform: AffineTransform_float_3_3
Parameters: 1 0.000192925 0.00103302 -0.000193075 1 7.28006e-05 -0.00103299 -7.31994e-05 1 -0.0114827 0.0301572 -0.0502587
FixedParameters: 0 0 0

#Transform 51
Transform: AffineTransform_float_3_3
Parameters: 0.999999 0.000183877 0.000844026 -0.000184122 1 0.000144845 -0.000843973 -0.000145155 0.999999 -0.0126584 0.0282913 -0.0359853
FixedParameters: 0 0 0

#Transform 52
Transform: AffineTransform_float_3_3
Parameters: 1 -1.48119e-07 0.000509 -1.48119e-07 1 0.000291 -0.000509 -0.000291 1 -0.0025548 0.0519674 -0.0395381
FixedParameters: 0 0 0

#Transform 53
Transform: AffineTransform_float_3_3
Parameters: 1 -4.7227e-08 0.000569 -4.7227e-08 1 8.3e-05 -0.000569 -8.3e-05 1 -0.00418366 0.0363545 -0.0571228
FixedParameters: 0 0 0

#Transform 54
Transform: AffineTransform_float_3_3
Parameters: 1 -4.3492e-08 0.000524 -4.3492e-08 1 8.3e-05 -0.000524 -8.3e-05 1 -0.00293427 0.031851 -0.0758155
FixedParameters: 0 0 0

#Transform 55
Transform: AffineTransform_float_3_3
Parameters: 1 1.5562e-08 0.000502 1.5562e-08 1 -3.1e-05 -0.000502 3.1e-05 1 -0.0116302 0.034929 -0.0737306
FixedParameters: 0 0 0

#Transform 56
Transform: AffineTransform_float_3_3
Parameters: 1 -3.5773e-08 0.000431 -3.5773e-08 1 8.3e-05 -0.000431 -8.3e-05 1 -0.0193683 0.0318659 -0.0527634
FixedParameters: 0 0 0

#Transform 57
Transform: AffineTransform_float_3_3
Parameters: 1 -2.6643e-08 0.000321 -2.6643e-08 1 8.3e-05 -0.000321 -8.3e-05 1 -0.0139369 0.015475 -0.0748763
FixedParameters: 0 0 0

#Transform 58
Transform: AffineTransform_float_3_3
Parameters: 1 -4.228e-08 0.00028 -4.228e-08 1 0.000151 -0.00028 -0.000151 1 -0.0195964 0.034614 -0.055273
FixedParameters: 0 0 0

#Transform 59
Transform: AffineTransform_float_3_3
Parameters: 1 -1.6683e-08 0.000201 -1.6683e-08 1 8.3e-05 -0.000201 -8.3e-05 1 -0.0174636 0.0262416 -0.0435014
FixedParameters: 0 0 0

#Transform 60
Transform: AffineTransform_float_3_3
Parameters: 1 -2.324e-08 0.00028 -2.324e-08 1 8.3e-05 -0.00028 -8.3e-05 1 -0.0250625 0.00356663 -0.0556156
FixedParameters: 0 0 0

#Transform 61
Transform: AffineTransform_float_3_3
Parameters: 1 -3.68406e-07 0.000582 -3.68406e-07 1 0.000633 -0.000582 -0.000633 0.999999 -0.0332471 0.0224417 -0.0204261
FixedParameters: 0 0 0

#Transform 62
Transform: AffineTransform_float_3_3
Parameters: 1 -1.33e-07 0.00028 -1.33e-07 1 0.000475 -0.00028 -0.000475 1 -0.025055 0.0267561 -0.0288008
FixedParameters: 0 0 0

#Transform 63
Transform: AffineTransform_float_3_3
Parameters: 0.999999 -0.000133255 0.000764955 0.000132744 1 0.000334102 -0.000765044 -0.000333898 0.999999 -0.0374282 0.0312369 -0.02627
FixedParameters: 0 0 0

#Transform 64
Transform: AffineTransform_float_3_3
Parameters: 1 -0.000332028 0.000338972 0.000331972 1 8.31125e-05 -0.000339027 -8.28874e-05 1 -0.0292754 0.050772 -0.0160701
FixedParameters: 0 0 0

#Transform 65
Transform: AffineTransform_float_3_3
Parameters: 1 -0.000171115 0.00027993 0.000170885 1 0.000410048 -0.00028007 -0.000409952 1 -0.0240761 0.0293836 -0.0294097
FixedParameters: 0 0 0

#Transform 66
Transform: AffineTransform_float_3_3
Parameters: 1 -6.608e-08 0.00028 -6.608e-08 1 0.000236 -0.00028 -0.000236 1 -0.0221131 0.00889696 -0.0542852
FixedParameters: 0 0 0

#Transform 67
Transform: AffineTransform_float_3_3
Parameters: 1 -6.80232e-05 0.000279994 6.79768e-05 1 8.3019e-05 -0.000280006 -8.2981e-05 1 -0.0246965 0.0310705 -0.019832
FixedParameters: 0 0 0

#Transform 68
Transform: AffineTransform_float_3_3
Parameters: 1 -1.52805e-07 0.000501 -1.52805e-07 1 0.000305 -0.000501 -0.000305 1 -0.0288884 0.0180205 -0.00814615
FixedParameters: 0 0 0

#Transform 69
Transform: AffineTransform_float_3_3
Parameters: 1 -1.75599e-07 0.000537 -1.75599e-07 1 0.000327 -0.000537 -0.000327 1 -0.0232141 0.00978069 -0.0456673
FixedParameters: 0 0 0

#Transform 70
Transform: AffineTransform_float_3_3
Parameters: 1 -1.1424e-07 0.00028 -1.1424e-07 1 0.000408 -0.00028 -0.000408 1 -0.0250511 0.0378326 -0.0149474
FixedParameters: 0 0 0

#Transform 71
Transform: AffineTransform_float_3_3
Parameters: 0.999999 -6.72305e-05 0.000869982 6.67703e-05 1 0.000264058 -0.000870017 -0.000264941 0.999999 -0.0406383 0.0260573 -0.00224324
FixedParameters: 0 0 0

#Transform 72
Transform: AffineTransform_float_3_3
Parameters: 1 1.17067e-07 0.000701 1.17067e-07 1 -0.000167 -0.000701 0.000167 0.999999 -0.0364386 0.0253838 -0.0204603
FixedParameters: 0 0 0

#Transform 73
Transform: AffineTransform_float_3_3
Parameters: 1 -3.91878e-07 0.001062 -3.91878e-07 1 0.000369 -0.001062 -0.000369 1 -0.0391305 0.036586 -0.0238403
FixedParameters: 0 0 0

#Transform 74
Transform: AffineTransform_float_3_3
Parameters: 1 -2.48151e-07 0.000543 -2.48151e-07 1 0.000457 -0.000543 -0.000457 0.999999 -0.0321668 0.0250676 -0.0105114
FixedParameters: 0 0 0

#Transform 75
Transform: AffineTransform_float_3_3
Parameters: 1 -6.593e-08 0.000694 -6.593e-08 1 9.5e-05 -0.000694 -9.5e-05 1 -0.0362952 0.0172394 -0.00791049
FixedParameters: 0 0 0

#Transform 76
Transform: AffineTransform_float_3_3
Parameters: 1 2.52192e-07 0.001184 2.52192e-07 1 -0.000213 -0.001184 0.000213 1 -0.0401662 0.0302041 -0.00524055
FixedParameters: 0 0 0

#Transform 77
Transform: AffineTransform_float_3_3
Parameters: 0.999999 7.38024e-07 0.001288 -2.61975e-07 1 -0.000573001 -0.001288 0.000572999 0.999999 -0.0343826 0.0584158 -0.0259463
FixedParameters: 0 0 0

#Transform 78
Transform: AffineTransform_float_3_3
Parameters: 0.999999 3.64785e-07 0.000878999 3.64785e-07 1 -0.000415 -0.000878999 0.000415 0.999999 -0.027606 0.0516387 -0.0047224
FixedParameters: 0 0 0

#Transform 79
Transform: AffineTransform_float_3_3
Parameters: 0.999999 3.77304e-07 0.000795999 3.77304e-07 1 -0.000474 -0.000795999 0.000474 0.999999 -0.0390772 0.0590661 -0.0227264
FixedParameters: 0 0 0

#Transform 80
Transform: AffineTransform_float_3_3
Parameters: 0.999999 3.36066e-07 0.000708999 3.36066e-07 1 -0.000474 -0.000708999 0.000474 0.999999 -0.036721 0.059066 -0.0245676
FixedParameters: 0 0 0

#Transform 81
Transform: AffineTransform_float_3_3
Parameters: 1 5.01018e-07 0.001057 -4.98981e-07 1 -0.000474001 -0.001057 0.000474 1 -0.046036 0.0589609 -0.0240643
FixedParameters: 0 0 0

#Transform 82
Transform: AffineTransform_float_3_3
Parameters: 0.999999 0.000205619 0.000878855 -0.000204381 0.999999 -0.00070418 -0.000879144 0.00070382 1 -0.0368855 0.0580386 -0.00678902
FixedParameters: 0 0 0

#Transform 83
Transform: AffineTransform_float_3_3
Parameters: 0.999999 1.23763e-06 0.000878998 2.37633e-07 0.999999 -0.001408 -0.000879 0.001408 0.999998 -0.0413391 0.0515362 -0.0037814
FixedParameters: 0 0 0

#Transform 84
Transform: AffineTransform_float_3_3
Parameters: 0.999999 1.31225e-06 0.00145 3.12251e-07 0.999999 -0.000905 -0.00145 0.000904998 0.999998 -0.0566685 0.056782 0.0210034
FixedParameters: 0 0 0

#Transform 85
Transform: AffineTransform_float_3_3
Parameters: 0.999999 1.63606e-06 0.001466 -3.6394e-07 1 -0.001116 -0.001466 0.001116 0.999999 -0.0469487 0.0762082 0.032077
FixedParameters: 0 0 0

#Transform 86
Transform: AffineTransform_float_3_3
Parameters: 0.999999 -0.000127582 0.00133314 0.000128418 1 -0.00106383 -0.00133286 0.00106417 0.999998 -0.0457027 0.0776006 0.0125776
FixedParameters: 0 0 0

#Transform 87
Transform: AffineTransform_float_3_3
Parameters: 0.999999 1.18668e-06 0.00132 1.86681e-07 0.999999 -0.000899 -0.00132 0.000898999 0.999998 -0.037508 0.0576226 -0.0358064
FixedParameters: 0 0 0

#Transform 88
Transform: AffineTransform_float_3_3
Parameters: 0.999999 -0.000279199 0.00146634 0.000280801 0.999999 -0.00122859 -0.00146566 0.00122841 0.999998 -0.0431303 0.0808381 -0.028532
FixedParameters: 0 0 0

#Transform 89
Transform: AffineTransform_float_3_3
Parameters: 0.999998 -0.000520812 0.00166468 0.000522188 0.999999 -0.00131413 -0.00166431 0.00131487 0.999998 -0.0298376 0.0844213 -0.0136453
FixedParameters: 0 0 0

#Transform 90
Transform: AffineTransform_float_3_3
Parameters: 0.999998 -0.000387325 0.00194953 0.000389675 0.999999 -0.00137224 -0.00194847 0.00137276 0.999997 -0.0342785 0.0710299 -0.0430703
FixedParameters: 0 0 0

#Transform 91
Transform: AffineTransform_float_3_3
Parameters: 0.999998 -0.000434603 0.00195953 0.000437397 0.999999 -0.00122315 -0.00195847 0.00122385 0.999998 -0.041647 0.0816121 -0.0395643
FixedParameters: 0 0 0

#Transform 92
Transform: AffineTransform_float_3_3
Parameters: 0.999997 -0.000434887 0.00209544 0.000437113 1 -0.00100809 -0.00209456 0.00100891 0.999998 -0.04457 0.060155 -0.00243134
FixedParameters: 0 0 0

#Transform 93
Transform: AffineTransform_float_3_3
Parameters: 0.999998 -0.000435007 0.00223639 0.000436995 1 -0.000891026 -0.00223661 0.000891976 0.999997 -0.0516673 0.0552076 -0.00267932
FixedParameters: 0 0 0

#Transform 94
Transform: AffineTransform_float_3_3
Parameters: 0.999998 -0.000182077 0.00209526 0.000184924 0.999999 -0.00139562 -0.00209474 0.00139538 0.999997 -0.04941 0.0849017 -0.0366353
FixedParameters: 0 0 0

#Transform 95
Transform: AffineTransform_float_3_3
Parameters: 0.999996 -0.000433005 0.00252169 0.000436994 0.999998 -0.0015839 -0.00252031 0.0015851 0.999995 -0.0420251 0.0912805 -0.00815572
FixedParameters: 0 0 0

#Transform 96
Transform: AffineTransform_float_3_3
Parameters: 0.999995 -0.00068884 0.00288824 0.00069416 0.999998 -0.001786 -0.00288676 0.001788 0.999994 -0.0484774 0.0508598 -0.0391628
FixedParameters: 0 0 0

#Transform 97
Transform: AffineTransform_float_3_3
Parameters: 0.999995 -0.000430767 0.00288793 0.000437233 0.999997 -0.00215874 -0.00288606 0.00215925 0.999993 -0.0494461 0.0869154 -0.0144819
FixedParameters: 0 0 0

#Transform 98
Transform: AffineTransform_float_3_3
Parameters: 0.999995 -0.000431807 0.00288778 0.000437194 0.999999 -0.00179875 -0.00288622 0.00179925 0.999994 -0.0529226 0.10774 -0.0149694
FixedParameters: 0 0 0

#Transform 99
Transform: AffineTransform_float_3_3
Parameters: 0.999997 -0.00043258 0.00245778 0.000437422 0.999999 -0.00179893 -0.00245722 0.00179907 0.999996 -0.0378758 0.0922133 -0.0407216
FixedParameters: 0 0 0

#Transform 100
Transform: AffineTransform_float_3_3
Parameters: 0.999995 -0.000432055 0.00288774 0.000436943 0.999999 -0.00171175 -0.00288626 0.00171326 0.999995 -0.0449841 0.0786176 -0.0455315
FixedParameters: 0 0 0

#Transform 101
Transform: AffineTransform_float_3_3
Parameters: 0.999997 -0.00043169 0.00246494 0.000437312 0.999997 -0.00215493 -0.00246406 0.00215507 0.999994 -0.0431232 0.101918 -0.0627942
FixedParameters: 0 0 0

#Transform 102
Transform: AffineTransform_float_3_3
Parameters: 0.999997 -0.000298762 0.00246264 0.000304237 0.999997 -0.00212626 -0.00246236 0.00212774 0.999994 -0.0449602 0.0935506 -0.0256927
FixedParameters: 0 0 0

#Transform 103
Transform: AffineTransform_float_3_3
Parameters: 0.999997 -0.000432128 0.00246286 0.000436872 0.999998 -0.00197793 -0.00246214 0.00197907 0.999995 -0.0446171 0.0936768 -0.0247733
FixedParameters: 0 0 0

#Transform 104
Transform: AffineTransform_float_3_3
Parameters: 0.999997 -0.000433632 0.00217367 0.000437368 0.999998 -0.00154905 -0.00217332 0.00154995 0.999997 -0.0500932 0.0854722 -0.00555172
FixedParameters: 0 0 0

#Transform 105
Transform: AffineTransform_float_3_3
Parameters: 0.999998 -0.000433669 0.00185178 0.000437332 0.999999 -0.00179919 -0.00185122 0.00179981 0.999996 -0.0372356 0.0713762 -0.0261864
FixedParameters: 0 0 0

#Transform 106
Transform: AffineTransform_float_3_3
Parameters: 0.999998 -0.000433283 0.00206578 0.000436717 0.999999 -0.0017991 -0.00206522 0.0017999 0.999996 -0.0387336 0.0769098 -0.0412422
FixedParameters: 0 0 0

#Transform 107
Transform: AffineTransform_float_3_3
Parameters: 0.999998 -0.000432859 0.00230178 0.000437142 0.999999 -0.001799 -0.00230122 0.0018 0.999995 -0.0360957 0.0915267 -0.0149956
FixedParameters: 0 0 0

#Transform 108
Transform: AffineTransform_float_3_3
Parameters: 0.999997 -0.000431954 0.00259285 0.000437047 0.999998 -0.00194587 -0.00259215 0.00194713 0.999994 -0.0452894 0.0812419 -0.0252208
FixedParameters: 0 0 0

#Transform 109
Transform: AffineTransform_float_3_3
Parameters: 0.999997 -0.000432789 0.00234078 0.000437212 0.999999 -0.00179898 -0.00234022 0.00180002 0.999995 -0.054529 0.091133 0.002624
FixedParameters: 0 0 0

#Transform 110
Transform: AffineTransform_float_3_3
Parameters: 0.999998 -0.000576267 0.00217799 0.000579734 0.999999 -0.00171374 -0.00217701 0.00171526 0.999996 -0.0492829 0.100879 -0.0151438
FixedParameters: 0 0 0

#Transform 111
Transform: AffineTransform_float_3_3
Parameters: 0.999998 -0.000433963 0.00203765 0.000437036 0.999999 -0.00149011 -0.00203635 0.00149089 0.999997 -0.0300862 0.078314 -0.0196674
FixedParameters: 0 0 0

#Transform 112
Transform: AffineTransform_float_3_3
Parameters: 0.999997 -0.000433611 0.00219467 0.000437388 0.999998 -0.00154404 -0.00219333 0.00154496 0.999997 -0.0309267 0.0553756 -0.00930039
FixedParameters: 0 0 0

#Transform 113
Transform: AffineTransform_float_3_3
Parameters: 0.999996 -0.000432434 0.00256177 0.000437566 0.999999 -0.00178189 -0.00256122 0.00178311 0.999995 -0.0358215 0.0851993 0.0122497
FixedParameters: 0 0 0

#Transform 114
Transform: AffineTransform_float_3_3
Parameters: 0.999997 -0.000432963 0.0024957 0.000437036 0.999998 -0.00161691 -0.00249529 0.00161808 0.999995 -0.0357974 0.0774834 0.00884582
FixedParameters: 0 0 0

#Transform 115
Transform: AffineTransform_float_3_3
Parameters: 0.999996 -0.000432857 0.0025617 0.000437143 0.999998 -0.00161689 -0.0025613 0.00161811 0.999996 -0.0397237 0.0830517 -0.0201966
FixedParameters: 0 0 0

#Transform 116
Transform: AffineTransform_float_3_3
Parameters: 0.999996 8.3859e-05 0.00287789 -7.91402e-05 0.999999 -0.00134123 -0.00287811 0.00134076 0.999995 -0.0548286 0.139787 0.102699
FixedParameters: 0 0 0

#Transform 117
Transform: AffineTransform_float_3_3
Parameters: 0.999992 0.00241668 0.00338384 -0.00248933 0.999765 0.0215358 -0.00333116 -0.0215432 0.999763 -0.0985707 -0.222418 1.02726
FixedParameters: 0 0 0

#Transform 118
Transform: AffineTransform_float_3_3
Parameters: 0.999993 0.00171066 0.00329235 -0.00175334 0.999915 0.0129003 -0.00326965 -0.0129067 0.999912 -0.0747407 -0.120029 0.74149
FixedParameters: 0 0 0

#Transform 119
Transform: AffineTransform_float_3_3
Parameters: 0.999991 0.00188666 0.00360242 -0.00192634 0.999935 0.0112282 -0.00358059 -0.0112349 0.999931 -0.0771256 -0.0930709 0.66726
FixedParameters: 0 0 0

#Transform 120
Transform: AffineTransform_float_3_3
Parameters: 0.999994 0.00130057 0.00313921 -0.00133142 0.999949 0.0100299 -0.0031258 -0.0100341 0.999945 -0.0759242 -0.0951835 0.578957
FixedParameters: 0 0 0

#Transform 121
Transform: AffineTransform_float_3_3
Parameters: 0.999994 0.00173969 0.00276679 -0.00176331 0.999963 0.00844417 -0.0027522 -0.00844884 0.999961 -0.0799456 -0.0539264 0.51451
FixedParameters: 0 0 0

#Transform 122
Transform: AffineTransform_float_3_3
Parameters: 0.999996 0.00130486 0.00276065 -0.00132314 0.999978 0.00657838 -0.00275235 -0.00658162 0.999974 -0.0773806 -0.0454068 0.466636
FixedParameters: 0 0 0

#Transform 123
Transform: AffineTransform_float_3_3
Parameters: 0.999993 0.00130696 0.00347208 -0.00132305 0.999989 0.00462344 -0.00346592 -0.00462756 0.999984 -0.0718788 -0.0129175 0.39688
FixedParameters: 0 0 0

#Transform 124
Transform: AffineTransform_float_3_3
Parameters: 0.999992 0.000895693 0.00374245 -0.000909312 0.999993 0.00382363 -0.00373955 -0.00382638 0.999985 -0.0735675 0.0333979 0.341461
FixedParameters: 0 0 0

#Transform 125
Transform: AffineTransform_float_3_3
Parameters: 0.999992 0.000771574 0.00390468 -0.000785423 0.999994 0.00343796 -0.00390132 -0.00344104 0.999987 -0.0770786 0.0235266 0.365011
FixedParameters: 0 0 0

#Transform 126
Transform: AffineTransform_float_3_3
Parameters: 0.999992 0.000810409 0.00374109 -0.000819591 0.999997 0.00256295 -0.00373891 -0.00256605 0.999989 -0.0729956 0.0517788 0.360565
FixedParameters: 0 0 0

#Transform 127
Transform: AffineTransform_float_3_3
Parameters: 0.999992 0.000995993 0.00374114 -0.00100401 0.999997 0.00213926 -0.00373886 -0.00214274 0.99999 -0.0647415 0.0442691 0.313727
FixedParameters: 0 0 0

#Transform 128
Transform: AffineTransform_float_3_3
Parameters: 0.999993 0.00131884 0.00331566 -0.00132316 0.999999 0.00125362 -0.00331334 -0.00125838 0.999993 -0.0562393 0.0645602 0.25973
FixedParameters: 0 0 0

#Transform 129
Transform: AffineTransform_float_3_3
Parameters: 0.999993 0.00132266 0.00333013 -0.00132334 0.999999 9.95938e-05 -0.00332986 -0.000104405 0.999995 -0.0654363 0.0908621 0.216154
FixedParameters: 0 0 0

#Transform 130
Transform: AffineTransform_float_3_3
Parameters: 0.999995 0.00132422 0.00309048 -0.00132279 0.999999 -0.00039509 -0.00309152 0.000390908 0.999995 -0.0589776 0.101331 0.201416
FixedParameters: 0 0 0

#Transform 131
Transform: AffineTransform_float_3_3
Parameters: 0.999995 0.00094699 0.00303038 -0.00094501 1 -0.000657867 -0.00303162 0.000655133 0.999995 -0.0552017 0.0909136 0.189591
FixedParameters: 0 0 0

#Transform 132
Transform: AffineTransform_float_3_3
Parameters: 0.999994 0.00132538 0.00302896 -0.00132262 0.999999 -0.00078701 -0.00303004 0.000782988 0.999995 -0.0574074 0.0958862 0.194525
FixedParameters: 0 0 0

#Transform 133
Transform: AffineTransform_float_3_3
Parameters: 0.999995 0.00132725 0.00289205 -0.00132275 0.999998 -0.00147183 -0.00289395 0.00146717 0.999994 -0.0536619 0.121863 0.192402
FixedParameters: 0 0 0

#Transform 134
Transform: AffineTransform_float_3_3
Parameters: 0.999996 0.000961317 0.00289224 -0.000955685 0.999998 -0.00183877 -0.00289376 0.00183623 0.999994 -0.051693 0.116535 0.129693
FixedParameters: 0 0 0

#Transform 135
Transform: AffineTransform_float_3_3
Parameters: 0.999996 0.00109045 0.00281952 -0.00108355 0.999997 -0.00228707 -0.00282249 0.00228393 0.999994 -0.0563055 0.155624 0.110521
FixedParameters: 0 0 0

#Transform 136
Transform: AffineTransform_float_3_3
Parameters: 0.999996 0.00132847 0.00251011 -0.00132253 0.999996 -0.00218133 -0.00251289 0.00217767 0.999995 -0.0435983 0.133481 0.111219
FixedParameters: 0 0 0

#Transform 137
Transform: AffineTransform_float_3_3
Parameters: 0.999996 0.00132982 0.00241426 -0.00132318 0.999995 -0.00282521 -0.00241775 0.0028228 0.999993 -0.0411346 0.133925 0.0598878
FixedParameters: 0 0 0

#Transform 138
Transform: AffineTransform_float_3_3
Parameters: 0.999996 0.000916942 0.00245742 -0.000910056 0.999995 -0.00282424 -0.00246058 0.00282275 0.999993 -0.040028 0.14396 0.0479955
FixedParameters: 0 0 0

#Transform 139
Transform: AffineTransform_float_3_3
Parameters: 0.999997 0.000919683 0.00233098 -0.000912317 0.999994 -0.00329514 -0.00233402 0.00329286 0.999992 -0.0365996 0.155379 0.0230825
FixedParameters: 0 0 0

#Transform 140
Transform: AffineTransform_float_3_3
Parameters: 0.999996 0.00106659 0.002331 -0.00106041 0.999996 -0.00282448 -0.002334 0.00282252 0.999994 -0.0350386 0.143757 0.0487532
FixedParameters: 0 0 0

#Transform 141
Transform: AffineTransform_float_3_3
Parameters: 0.999997 0.000804743 0.00223823 -0.000797256 0.999993 -0.00345879 -0.00224077 0.0034562 0.999991 -0.0333311 0.173652 0.0456259
FixedParameters: 0 0 0

#Transform 142
Transform: AffineTransform_float_3_3
Parameters: 0.999997 0.000831581 0.00233131 -0.000823417 0.999995 -0.00325093 -0.00233469 0.00324907 0.999992 -0.0262961 0.154775 0.0461363
FixedParameters: 0 0 0

#Transform 143
Transform: AffineTransform_float_3_3
Parameters: 0.999997 0.000541581 0.00233225 -0.000533416 0.999994 -0.00325025 -0.00233475 0.00324874 0.999992 -0.0345361 0.148297 -0.00274864
FixedParameters: 0 0 0

#Transform 144
Transform: AffineTransform_float_3_3
Parameters: 0.999997 0.00033658 0.00233292 -0.000329417 0.999994 -0.00324978 -0.00233408 0.00324822 0.999992 -0.0304692 0.160298 0.00222804
FixedParameters: 0 0 0

#Transform 145
Transform: AffineTransform_float_3_3
Parameters: 0.999997 0.000337591 0.00233277 -0.000329409 0.999993 -0.00368178 -0.00233423 0.00368122 0.999991 -0.0331489 0.171469 0.0479217
FixedParameters: 0 0 0

#Transform 146
Transform: AffineTransform_float_3_3
Parameters: 0.999997 0.000492885 0.00259815 -0.000483115 0.999992 -0.00380427 -0.00259986 0.00380273 0.99999 -0.0299084 0.158661 0.0179016
FixedParameters: 0 0 0

#Transform 147
Transform: AffineTransform_float_3_3
Parameters: 0.999996 0.000498617 0.00270506 -0.000488383 0.999992 -0.00392434 -0.00270694 0.00392266 0.999988 -0.0441497 0.175927 0.0389357
FixedParameters: 0 0 0

#Transform 148
Transform: AffineTransform_float_3_3
Parameters: 0.999998 2.60593e-05 0.00233391 -1.59401e-05 0.99999 -0.00431005 -0.00233409 0.00430995 0.999988 -0.0245714 0.190006 0.050002
FixedParameters: 0 0 0

#Transform 149
Transform: AffineTransform_float_3_3
Parameters: 0.999998 0.000166337 0.00233335 -0.00015666 0.999992 -0.00400138 -0.00233465 0.00400062 0.99999 -0.0170796 0.178773 0.0403185
FixedParameters: 0 0 0

#Transform 150
Transform: AffineTransform_float_3_3
Parameters: 0.999997 0.000200672 0.00253518 -0.000190328 0.999991 -0.0042095 -0.00253582 0.0042085 0.999988 -0.0223433 0.176133 0.0276277
FixedParameters: 0 0 0

#Transform 151
Transform: AffineTransform_float_3_3
Parameters: 0.999997 0.000338253 0.00233268 -0.000329744 0.999992 -0.00396678 -0.00233433 0.00396522 0.99999 -0.0331682 0.191171 0.0407187
FixedParameters: 0 0 0

#Transform 152
Transform: AffineTransform_float_3_3
Parameters: 0.999997 0.000338046 0.00233271 -0.000328954 0.999993 -0.00387678 -0.00233429 0.00387622 0.99999 -0.0169701 0.170851 0.0654663
FixedParameters: 0 0 0

#Transform 153
Transform: AffineTransform_float_3_3
Parameters: 0.999997 0.000338416 0.00233265 -0.00032958 0.999992 -0.00403678 -0.00233435 0.00403522 0.999989 -0.0250066 0.154974 0.0610675
FixedParameters: 0 0 0

#Transform 154
Transform: AffineTransform_float_3_3
Parameters: 0.999997 0.000337642 0.00233277 -0.000329358 0.999993 -0.00370378 -0.00233424 0.00370322 0.999991 -0.0202233 0.16405 0.082189
FixedParameters: 0 0 0

#Transform 155
Transform: AffineTransform_float_3_3
Parameters: 0.999997 0.000336741 0.0021458 -0.00032926 0.999994 -0.00360772 -0.0021462 0.00360629 0.999991 -0.0279493 0.161309 0.112579
FixedParameters: 0 0 0

#Transform 156
Transform: AffineTransform_float_3_3
Parameters: 0.999999 0.000336064 0.0018117 -0.00032894 0.999993 -0.0038976 -0.0018123 0.0038974 0.999991 -0.00438975 0.169343 0.0710133
FixedParameters: 0 0 0

#Transform 157
Transform: AffineTransform_float_3_3
Parameters: 0.999999 -6.84599e-05 0.00181326 7.45389e-05 0.999993 -0.00360687 -0.00181274 0.00360713 0.999992 -0.0165436 0.186044 0.0943014
FixedParameters: 0 0 0

#Transform 158
Transform: AffineTransform_float_3_3
Parameters: 0.999999 -6.73847e-05 0.0018133 7.46139e-05 0.999991 -0.00419987 -0.0018127 0.00420013 0.999989 -0.00642507 0.174514 0.112306
FixedParameters: 0 0 0

#Transform 159
Transform: AffineTransform_float_3_3
Parameters: 0.999997 -0.000268796 0.0021052 0.000278204 0.999991 -0.00437343 -0.0021038 0.00437358 0.999988 -0.0196598 0.16374 0.111832
FixedParameters: 0 0 0

#Transform 160
Transform: AffineTransform_float_3_3
Parameters: 0.999997 -0.000243574 0.00240708 0.000254426 0.99999 -0.0043324 -0.00240592 0.0043326 0.999987 -0.0211075 0.169999 0.138159
FixedParameters: 0 0 0

#Transform 161
Transform: AffineTransform_float_3_3
Parameters: 0.999997 -6.49008e-05 0.0023893 7.41e-05 0.999991 -0.00422784 -0.00238871 0.00422717 0.999988 -0.0320841 0.184029 0.139018
FixedParameters: 0 0 0

#Transform 162
Transform: AffineTransform_float_3_3
Parameters: 0.999998 -0.00036867 0.00229369 0.000378328 0.99999 -0.00450514 -0.00229132 0.00450586 0.999987 -0.0154323 0.174243 0.137812
FixedParameters: 0 0 0

#Transform 163
Transform: AffineTransform_float_3_3
Parameters: 0.999996 -0.000374361 0.00261069 0.00038564 0.99999 -0.00445901 -0.0026093 0.00445999 0.999986 -0.0215304 0.162405 0.111401
FixedParameters: 0 0 0

#Transform 164
Transform: AffineTransform_float_3_3
Parameters: 0.999995 -6.46409e-05 0.00296824 7.43576e-05 0.999994 -0.00348979 -0.00296776 0.00349021 0.999989 -0.026048 0.173514 0.140134
FixedParameters: 0 0 0

#Transform 165
Transform: AffineTransform_float_3_3
Parameters: 0.999997 -6.44293e-05 0.00268028 7.45732e-05 0.999992 -0.00394381 -0.00268073 0.00394419 0.999988 -0.0135421 0.185836 0.127002
FixedParameters: 0 0 0

#Transform 166
Transform: AffineTransform_float_3_3
Parameters: 0.999997 -0.000338233 0.00268151 0.000350767 0.999991 -0.00438808 -0.00268049 0.00438992 0.999987 -0.0121624 0.173217 0.0815016
FixedParameters: 0 0 0

#Transform 167
Transform: AffineTransform_float_3_3
Parameters: 0.999995 -6.16053e-05 0.00297931 7.43972e-05 0.99999 -0.0044958 -0.0029797 0.00449621 0.999986 -0.0217963 0.181905 0.093446
FixedParameters: 0 0 0

#Transform 168
Transform: AffineTransform_float_3_3
Parameters: 0.999995 0.000542141 0.00307148 -0.000556857 0.999989 0.00451331 -0.00306852 -0.00451468 0.999985 -0.0314663 0.135556 0.466363
FixedParameters: 0 0 0

#Transform 169
Transform: AffineTransform_float_3_3
Parameters: 0.999986 0.0023712 0.0048726 -0.0024428 0.999888 0.0147813 -0.00483741 -0.0147937 0.999879 -0.0868895 -0.214481 0.970665
FixedParameters: 0 0 0

#Transform 170
Transform: AffineTransform_float_3_3
Parameters: 0.999989 0.00196709 0.00429609 -0.00200391 0.999961 0.00860448 -0.00427891 -0.00861251 0.999954 -0.0707619 -0.0316044 0.722758
FixedParameters: 0 0 0

#Transform 171
Transform: AffineTransform_float_3_3
Parameters: 0.99999 0.00167172 0.00429013 -0.00170028 0.999977 0.00659677 -0.00427887 -0.00660422 0.999969 -0.0850066 0.00481831 0.611614
FixedParameters: 0 0 0

#Transform 172
Transform: AffineTransform_float_3_3
Parameters: 0.999991 0.00122415 0.00412234 -0.00124185 0.99999 0.00433092 -0.00411766 -0.00433608 0.999982 -0.0891366 0.027501 0.537333
FixedParameters: 0 0 0

#Transform 173
Transform: AffineTransform_float_3_3
Parameters: 0.99999 0.00123101 0.00413229 -0.00124199 0.999995 0.00265789 -0.00412871 -0.00266311 0.999988 -0.0895111 0.0427487 0.509289
FixedParameters: 0 0 0

#Transform 174
Transform: AffineTransform_float_3_3
Parameters: 0.999991 0.00116348 0.00395192 -0.00117052 0.999998 0.00164739 -0.00395007 -0.00165261 0.999991 -0.108329 0.0535696 0.509787
FixedParameters: 0 0 0

#Transform 175
Transform: AffineTransform_float_3_3
Parameters: 0.999993 0.000823389 0.00371313 -0.00082361 0.999999 0.000162943 -0.00371286 -0.000166058 0.999993 -0.0804631 0.0954813 0.465296
FixedParameters: 0 0 0

#Transform 176
Transform: AffineTransform_float_3_3
Parameters: 0.999993 0.000417405 0.00352025 -0.000411597 0.999999 -0.00181946 -0.00352075 0.00181854 0.999992 -0.0779155 0.145032 0.42046
FixedParameters: 0 0 0

#Transform 177
Transform: AffineTransform_float_3_3
Parameters: 0.999995 0.000293133 0.00333838 -0.000286868 0.999997 -0.00213697 -0.00333862 0.00213603 0.999992 -0.0631035 0.114432 0.341345
FixedParameters: 0 0 0

#Transform 178
Transform: AffineTransform_float_3_3
Parameters: 0.999993 0.000229057 0.00356049 -0.000220945 0.999998 -0.0022628 -0.00356051 0.0022622 0.999991 -0.0689315 0.13149 0.315762
FixedParameters: 0 0 0

#Transform 179
Transform: AffineTransform_float_3_3
Parameters: 0.999996 8.96929e-06 0.00291399 -3.0627e-08 0.999996 -0.00307801 -0.00291401 0.00307799 0.999991 -0.0597143 0.151405 0.317755
FixedParameters: 0 0 0
