# transform file /out/sourcedata/freesurfer/sub-v2s12x28908_ses-1/mri/transforms/cc_up.lta
# created by oesteban on Wed Mar 11 04:37:32 2026

type      = 0 # LINEAR_VOX_TO_VOX
nxforms   = 1
mean      = 128.0000 120.0000 124.0000
sigma     = 10000.0000
1 4 4
9.981441497802734e-01 -5.026399716734886e-02 3.437768295407295e-02 1.680855512619019e+00 
5.023421347141266e-02 9.987359642982483e-01 1.730146934278309e-03 1.550850200653076e+01 
-3.442119061946869e-02 -2.328306436538696e-10 9.994074106216431e-01 1.947286796569824e+01 
0.000000000000000e+00 0.000000000000000e+00 0.000000000000000e+00 1.000000000000000e+00 
src volume info
valid = 1  # volume info valid
filename = /out/sourcedata/freesurfer/sub-v2s12x28908_ses-1/mri/norm.mgz
volume = 256 256 256
voxelsize = 1.000000000000000e+00 1.000000000000000e+00 1.000000000000000e+00
xras   = -1.000000000000000e+00 0.000000000000000e+00 0.000000000000000e+00
yras   = 0.000000000000000e+00 0.000000000000000e+00 -1.000000000000000e+00
zras   = 0.000000000000000e+00 1.000000000000000e+00 0.000000000000000e+00
cras   = 6.124702453613281e+00 1.643800354003906e+01 -1.684399414062500e+01
dst volume info
valid = 1  # volume info valid
filename = /out/sourcedata/freesurfer/sub-v2s12x28908_ses-1/mri/norm.mgz
volume = 256 256 256
voxelsize = 1.000000000000000e+00 1.000000000000000e+00 1.000000000000000e+00
xras   = -1.000000000000000e+00 0.000000000000000e+00 0.000000000000000e+00
yras   = 0.000000000000000e+00 0.000000000000000e+00 -1.000000000000000e+00
zras   = 0.000000000000000e+00 1.000000000000000e+00 0.000000000000000e+00
cras   = 6.124702453613281e+00 1.643800354003906e+01 -1.684399414062500e+01
