#Insight Transform File V1.0
#Transform 0
Transform: AffineTransform_float_3_3
Parameters: 1 -0.000927363 0.000573034 0.000927638 0.999999 -0.00111347 -0.000571968 0.00111353 0.999999 0.00295275 0.0198126 -0.0789421
FixedParameters: 0 0 0

#Transform 1
Transform: AffineTransform_float_3_3
Parameters: 1 -0.00102434 0.000653033 0.00102466 0.999999 -0.00100733 -0.000651969 0.00100767 1 -0.000652154 0.0111095 -0.0358274
FixedParameters: 0 0 0

#Transform 2
Transform: AffineTransform_float_3_3
Parameters: 0.999999 -0.000555302 0.000809479 0.000555697 1 -0.000861551 -0.000808521 0.00086245 1 -0.02896 0.0478006 0.0639665
FixedParameters: 0 0 0

#Transform 3
Transform: AffineTransform_float_3_3
Parameters: 1 -0.000483804 0.00030531 0.000484195 0.999999 -0.000639852 -0.00030569 0.000640148 0.999999 -0.030548 -0.00196344 0.00153338
FixedParameters: 0 0 0

#Transform 4
Transform: AffineTransform_float_3_3
Parameters: 1 -0.00055557 0.00042756 0.00055543 1 -0.00100776 -0.000426441 0.00100724 1 -0.0220935 0.0101392 0.000326914
FixedParameters: 0 0 0

#Transform 5
Transform: AffineTransform_float_3_3
Parameters: 1 -0.000243507 0.000295407 0.000243494 0.999998 -0.00166993 -0.000295594 0.00167007 0.999998 -0.0192935 0.0533704 -0.0161938
FixedParameters: 0 0 0

#Transform 6
Transform: AffineTransform_float_3_3
Parameters: 1 -0.000145005 0.000104994 0.000144995 1 4.30152e-05 -0.000105006 -4.29848e-05 1 -0.0250187 0.00582889 -0.0193724
FixedParameters: 0 0 0

#Transform 7
Transform: AffineTransform_float_3_3
Parameters: 1 -0.000244178 0.000407893 0.000243822 1 0.000437099 -0.000408106 -0.0004369 1 -0.0346087 -0.0100002 0.0404515
FixedParameters: 0 0 0

#Transform 8
Transform: AffineTransform_float_3_3
Parameters: 1 -0.000389659 0.000280475 0.000390341 0.999999 -0.00121789 -0.000279525 0.00121811 0.999999 -0.0154328 0.0168582 -0.0107972
FixedParameters: 0 0 0

#Transform 9
Transform: AffineTransform_float_3_3
Parameters: 1 -0.000555999 9.32968e-07 0.000556001 0.999999 -0.001678 -6.703e-08 0.001678 0.999998 -0.0067306 0.0323364 -0.0111913
FixedParameters: 0 0 0

#Transform 10
Transform: AffineTransform_float_3_3
Parameters: 1 -0.000556 5.52108e-07 0.000556001 1 -0.000993 -4.47891e-07 0.000993 0.999999 0.00605402 0.0168264 -0.0426358
FixedParameters: 0 0 0

#Transform 11
Transform: AffineTransform_float_3_3
Parameters: 1 -0.000381796 0.00012363 0.000382204 0.999998 -0.00164895 -0.00012337 0.00164905 0.999998 -0.00476378 0.0359073 -0.0265465
FixedParameters: 0 0 0

#Transform 12
Transform: AffineTransform_float_3_3
Parameters: 0.999999 -0.000327555 -0.000776766 0.000327444 0.999999 -0.000715255 0.000777234 0.000714746 1 -0.0148517 0.0142432 0.208502
FixedParameters: 0 0 0

#Transform 13
Transform: AffineTransform_float_3_3
Parameters: 0.999998 0.00144704 -0.00175778 -0.00143696 0.999982 0.00570054 0.00176622 -0.00569746 0.999982 -0.0340419 -0.170728 0.348217
FixedParameters: 0 0 0

#Transform 14
Transform: AffineTransform_float_3_3
Parameters: 1 0.000266105 -0.000993439 -0.000263894 0.999997 0.00211826 0.000994562 -0.00211774 0.999998 -0.00230614 -0.0854825 0.221014
FixedParameters: 0 0 0

#Transform 15
Transform: AffineTransform_float_3_3
Parameters: 0.999999 4.08436e-06 -0.001102 -2.91562e-06 0.999999 0.000984003 0.001102 -0.000983996 0.999999 0.00763187 -0.0183279 0.0873401
FixedParameters: 0 0 0

#Transform 16
Transform: AffineTransform_float_3_3
Parameters: 0.999999 0.000172303 -0.00103295 -0.000171696 1 0.000294178 0.00103305 -0.000293822 1 0.0049134 -0.0147178 0.0865579
FixedParameters: 0 0 0

#Transform 17
Transform: AffineTransform_float_3_3
Parameters: 1 6.22137e-05 -0.00103293 -6.07862e-05 1 0.00117506 0.00103307 -0.00117494 0.999999 0.0198858 -0.00876941 0.128212
FixedParameters: 0 0 0

#Transform 18
Transform: AffineTransform_float_3_3
Parameters: 1 0.000100201 0.000566142 -0.000101798 0.999999 0.00141094 -0.000565857 -0.00141106 0.999999 -0.00958622 -0.0427928 -0.0213962
FixedParameters: 0 0 0

#Transform 19
Transform: AffineTransform_float_3_3
Parameters: 1 -0.000167063 0.000118911 0.000167936 1 0.00053402 -0.00011909 -0.00053398 1 -0.00916041 0.00711834 0.0113145
FixedParameters: 0 0 0

#Transform 20
Transform: AffineTransform_float_3_3
Parameters: 1 3.00493e-06 -5.59997e-05 -2.99507e-06 1 8.80002e-05 5.60003e-05 -8.79998e-05 1 -0.00472695 -0.00442621 -0.00221492
FixedParameters: 0 0 0

#Transform 21
Transform: AffineTransform_float_3_3
Parameters: 1 -0.000397864 0.000155349 0.000398136 0.999999 -0.000877937 -0.00015465 0.000878061 0.999999 -0.00972398 0.0305092 0.0325936
FixedParameters: 0 0 0

#Transform 22
Transform: AffineTransform_float_3_3
Parameters: 1 2.72655e-06 -0.000266003 -3.27345e-06 1 -0.001028 0.000265997 0.001028 1 0.00912781 0.0321302 0.0053119
FixedParameters: 0 0 0

#Transform 23
Transform: AffineTransform_float_3_3
Parameters: 1 2.77457e-06 -0.000146004 -3.22542e-06 0.999999 -0.001544 0.000145995 0.001544 0.999999 -0.00368276 0.0612343 0.0418512
FixedParameters: 0 0 0

#Transform 24
Transform: AffineTransform_float_3_3
Parameters: 1 -0.000259239 -0.000265767 0.000258761 0.999999 -0.000899068 0.000266233 0.00089893 0.999999 -0.000248249 0.0338904 -0.0102035
FixedParameters: 0 0 0

#Transform 25
Transform: AffineTransform_float_3_3
Parameters: 1 2.72017e-06 -0.000266003 -3.27983e-06 1 -0.001052 0.000265997 0.001052 1 0.00708805 0.0553399 -0.00285621
FixedParameters: 0 0 0

#Transform 26
Transform: AffineTransform_float_3_3
Parameters: 1 2.78347e-06 -0.000266002 -3.21652e-06 0.999999 -0.000813999 0.000265997 0.000814 0.999999 0.00865362 0.0525777 0.0213012
FixedParameters: 0 0 0

#Transform 27
Transform: AffineTransform_float_3_3
Parameters: 1 2.41508e-06 -0.000474003 -2.58491e-06 0.999999 -0.001234 0.000473997 0.001234 0.999999 0.0175603 0.055797 -0.00776998
FixedParameters: 0 0 0

#Transform 28
Transform: AffineTransform_float_3_3
Parameters: 1 2.11849e-06 -0.000686003 -2.88151e-06 0.999999 -0.001285 0.000685997 0.001285 0.999999 0.00311969 0.0633971 0.0583144
FixedParameters: 0 0 0

#Transform 29
Transform: AffineTransform_float_3_3
Parameters: 1 7.00615e-05 -0.000686096 -7.09384e-05 0.999999 -0.00136795 0.000685903 0.00136805 0.999999 0.00293475 0.0433609 0.00394671
FixedParameters: 0 0 0

#Transform 30
Transform: AffineTransform_float_3_3
Parameters: 0.999999 1.83881e-06 -0.000783003 -3.16118e-06 0.999999 -0.001483 0.000782996 0.001483 0.999998 0.00635441 0.0471797 0.0286511
FixedParameters: 0 0 0

#Transform 31
Transform: AffineTransform_float_3_3
Parameters: 1 1.84065e-06 -0.000686004 -3.15933e-06 0.999998 -0.00169 0.000685996 0.00169 0.999999 0.0144135 0.0540578 0.0279477
FixedParameters: 0 0 0

#Transform 32
Transform: AffineTransform_float_3_3
Parameters: 1 2.06155e-06 -0.000686003 -2.93844e-06 0.999999 -0.001368 0.000685996 0.001368 0.999999 0.00313778 0.0434727 0.028932
FixedParameters: 0 0 0

#Transform 33
Transform: AffineTransform_float_3_3
Parameters: 1 -0.000148717 -0.000447762 0.000148282 0.999998 -0.00160207 0.000448238 0.00160193 0.999998 0.00819116 0.0515424 -0.0109401
FixedParameters: 0 0 0

#Transform 34
Transform: AffineTransform_float_3_3
Parameters: 0.999999 -0.000340939 -0.000685534 0.000340062 0.999999 -0.00136823 0.000685466 0.00136877 0.999999 0.000855605 0.0441119 0.0748799
FixedParameters: 0 0 0

#Transform 35
Transform: AffineTransform_float_3_3
Parameters: 1 2.06155e-06 -0.000686003 -2.93844e-06 0.999999 -0.001368 0.000685996 0.001368 0.999999 0.0223792 0.0328931 -0.0795454
FixedParameters: 0 0 0

#Transform 36
Transform: AffineTransform_float_3_3
Parameters: 1 -0.000321299 -0.000561829 0.000320701 1 -0.00053318 0.000561171 0.00053282 0.999999 0.0294848 0.036904 -0.0528244
FixedParameters: 0 0 0

#Transform 37
Transform: AffineTransform_float_3_3
Parameters: 1 2.73314e-06 -0.000686001 -3.26685e-06 1 -0.000388998 0.000685998 0.000389002 0.999999 0.0212751 0.0241179 -0.0473489
FixedParameters: 0 0 0

#Transform 38
Transform: AffineTransform_float_3_3
Parameters: 1 -0.000217195 -0.000500915 0.000216805 1 -0.000389109 0.000501084 0.000388891 1 0.0111132 0.0118198 0.00813698
FixedParameters: 0 0 0

#Transform 39
Transform: AffineTransform_float_3_3
Parameters: 1 2.75899e-06 -0.000356002 -3.24101e-06 1 -0.000676999 0.000355998 0.000677001 0.999999 -0.00772723 0.0351499 0.0974192
FixedParameters: 0 0 0

#Transform 40
Transform: AffineTransform_float_3_3
Parameters: 1 7.6698e-05 -0.000518045 -7.63019e-05 1 -0.00058296 0.000517955 0.00058304 0.999999 0.0116784 0.0177107 0.00249833
FixedParameters: 0 0 0

#Transform 41
Transform: AffineTransform_float_3_3
Parameters: 1 2.81172e-06 -0.000484001 -3.18827e-06 1 -0.000388998 0.000483999 0.000389001 1 0.0204179 0.0252251 0.0369288
FixedParameters: 0 0 0

#Transform 42
Transform: AffineTransform_float_3_3
Parameters: 1 2.73314e-06 -0.000686001 -3.26685e-06 1 -0.000388998 0.000685998 0.000389002 0.999999 0.0230536 0.0113731 -0.0118256
FixedParameters: 0 0 0

#Transform 43
Transform: AffineTransform_float_3_3
Parameters: 1 2.7158e-06 -0.000565001 -3.28419e-06 1 -0.000502998 0.000564998 0.000503001 0.999999 0.0101501 0.00907829 0.054963
FixedParameters: 0 0 0

#Transform 44
Transform: AffineTransform_float_3_3
Parameters: 1 2.55616e-06 -0.000686001 -2.44384e-06 1 -0.000646998 0.000685998 0.000647001 0.999999 0.0149754 -0.0103073 0.0102932
FixedParameters: 0 0 0

#Transform 45
Transform: AffineTransform_float_3_3
Parameters: 0.999999 -0.000419971 -0.000685406 0.00041903 0.999999 -0.00141529 0.000685594 0.00141571 0.999999 -0.000717289 0.035993 0.0749232
FixedParameters: 0 0 0

#Transform 46
Transform: AffineTransform_float_3_3
Parameters: 1 2.43819e-06 -0.000481003 -2.56181e-06 1 -0.001168 0.000480997 0.001168 0.999999 0.0183792 0.0106405 0.00669621
FixedParameters: 0 0 0

#Transform 47
Transform: AffineTransform_float_3_3
Parameters: 0.999999 -0.000265769 -0.000685703 0.000265233 1 -0.00112018 0.000685298 0.00112082 0.999999 0.00682908 0.0316489 0.0851499
FixedParameters: 0 0 0

#Transform 48
Transform: AffineTransform_float_3_3
Parameters: 1 1.98821e-06 -0.001118 -3.01179e-06 0.999999 -0.000904997 0.001118 0.000905002 0.999999 0.00295894 -0.00177643 0.107557
FixedParameters: 0 0 0

#Transform 49
Transform: AffineTransform_float_3_3
Parameters: 1 -0.000121333 -0.000685765 0.000120667 0.999998 -0.00194308 0.000686235 0.00194292 0.999998 -0.0107822 0.0547301 0.158462
FixedParameters: 0 0 0

#Transform 50
Transform: AffineTransform_float_3_3
Parameters: 1 -0.00021622 -0.000562533 0.000214781 0.999997 -0.00216812 0.000562467 0.00216788 0.999998 0.00301411 0.0442691 0.0460883
FixedParameters: 0 0 0

#Transform 51
Transform: AffineTransform_float_3_3
Parameters: 0.999999 -0.000367595 -0.000905759 0.000367405 0.999999 -0.000657333 0.000905241 0.000656668 1 -0.00279572 -0.0127925 0.183681
FixedParameters: 0 0 0

#Transform 52
Transform: AffineTransform_float_3_3
Parameters: 1 -0.000102451 -0.00120805 0.000103548 1 0.000453875 0.00120795 -0.000454124 0.999999 -0.0100681 0.00576338 0.244012
FixedParameters: 0 0 0

#Transform 53
Transform: AffineTransform_float_3_3
Parameters: 0.999997 -0.000396289 -0.00214513 0.000397709 1 0.000330147 0.00214487 -0.000331851 0.999997 0.00619799 0.0180768 0.269896
FixedParameters: 0 0 0

#Transform 54
Transform: AffineTransform_float_3_3
Parameters: 0.999994 0.000371996 -0.00327499 -0.000363003 0.999996 0.0027472 0.00327601 -0.0027458 0.999991 -0.00439521 -0.0822964 0.292317
FixedParameters: 0 0 0

#Transform 55
Transform: AffineTransform_float_3_3
Parameters: 0.999998 0.000503095 -0.00158734 -0.000500905 0.999999 0.0013198 0.00158766 -0.0013192 0.999998 -0.0147648 -0.0803594 0.282295
FixedParameters: 0 0 0

#Transform 56
Transform: AffineTransform_float_3_3
Parameters: 0.999998 0.000847945 -0.00190302 -0.000848055 0.999999 -2.83862e-05 0.00190298 2.96137e-05 0.999998 -0.0242468 -0.0416593 0.290878
FixedParameters: 0 0 0

#Transform 57
Transform: AffineTransform_float_3_3
Parameters: 0.999998 0.000760284 -0.00155937 -0.000758716 1 0.000824185 0.00155963 -0.000822816 0.999999 -0.0272951 -0.0501253 0.310449
FixedParameters: 0 0 0

#Transform 58
Transform: AffineTransform_float_3_3
Parameters: 0.999995 0.000728542 -0.00310324 -0.000721457 0.999997 0.00243125 0.00310476 -0.00242875 0.999992 0.014712 -0.0349032 0.394806
FixedParameters: 0 0 0

#Transform 59
Transform: AffineTransform_float_3_3
Parameters: 0.999999 0.000168346 -0.00185644 -0.000161655 0.999994 0.00341831 0.00185656 -0.0034177 0.999993 -0.0125504 -0.0731554 0.355429
FixedParameters: 0 0 0

#Transform 60
Transform: AffineTransform_float_3_3
Parameters: 0.999998 -0.00111848 -0.00156838 0.00110152 0.999944 -0.0104687 0.00157962 0.0104662 0.999944 0.0376748 0.240529 -0.12933
FixedParameters: 0 0 0

#Transform 61
Transform: AffineTransform_float_3_3
Parameters: 1 -0.00069248 -0.000936791 0.000683519 0.999959 -0.00902165 0.000943205 0.00902135 0.999959 0.04135 0.210043 -0.234899
FixedParameters: 0 0 0

#Transform 62
Transform: AffineTransform_float_3_3
Parameters: 1 -0.0012051 -0.00016724 0.00120389 0.999978 -0.0064422 0.000175759 0.00644179 0.999979 0.025314 0.148651 -0.124317
FixedParameters: 0 0 0

#Transform 63
Transform: AffineTransform_float_3_3
Parameters: 1 -0.000781889 -0.00079216 0.000778109 0.999993 -0.00363962 0.000795838 0.00363938 0.999993 0.00567427 0.113656 0.0756599
FixedParameters: 0 0 0

#Transform 64
Transform: AffineTransform_float_3_3
Parameters: 0.999999 -0.000372578 -0.00117055 0.000368421 0.999993 -0.00390843 0.00117245 0.00390857 0.999991 0.0167105 0.121618 0.106025
FixedParameters: 0 0 0

#Transform 65
Transform: AffineTransform_float_3_3
Parameters: 1 -0.000667194 -0.000876334 0.000665808 0.999996 -0.00250058 0.000877668 0.00250041 0.999996 0.0197247 0.0762438 0.0612714
FixedParameters: 0 0 0

#Transform 66
Transform: AffineTransform_float_3_3
Parameters: 1 -0.000598114 -0.00106381 0.000595885 0.999998 -0.00198664 0.00106519 0.00198536 0.999998 0.00130856 0.0589006 0.0999858
FixedParameters: 0 0 0

#Transform 67
Transform: AffineTransform_float_3_3
Parameters: 1 -0.000164235 -0.00106481 0.000162765 1 -0.00116017 0.00106519 0.00115983 0.999999 -0.0204361 0.0568058 0.21987
FixedParameters: 0 0 0

#Transform 68
Transform: AffineTransform_float_3_3
Parameters: 0.999998 0.000304074 -0.00166035 -0.000305926 1 -0.00115949 0.00166065 0.00116051 0.999998 -0.0184325 0.0297351 0.202232
FixedParameters: 0 0 0

#Transform 69
Transform: AffineTransform_float_3_3
Parameters: 0.999999 -0.000244934 -0.000978517 0.000243065 0.999998 -0.00197624 0.000979481 0.00197576 0.999997 -0.009385 0.0729885 0.257805
FixedParameters: 0 0 0

#Transform 70
Transform: AffineTransform_float_3_3
Parameters: 0.999998 -0.000556269 -0.00192277 0.000552733 0.999998 -0.00222007 0.00192323 0.00221893 0.999995 0.0220701 0.0665532 0.109657
FixedParameters: 0 0 0

#Transform 71
Transform: AffineTransform_float_3_3
Parameters: 0.999998 -0.000555232 -0.00165892 0.000552766 0.999998 -0.00194892 0.00166008 0.00194708 0.999996 0.0156232 0.0606947 0.181224
FixedParameters: 0 0 0

#Transform 72
Transform: AffineTransform_float_3_3
Parameters: 0.999999 -0.000904706 -0.00117392 0.000902293 0.999997 -0.00230406 0.00117608 0.00230294 0.999996 0.0096519 0.0288717 0.12706
FixedParameters: 0 0 0

#Transform 73
Transform: AffineTransform_float_3_3
Parameters: 0.999998 -0.00097636 -0.00165803 0.000973641 0.999998 -0.00202562 0.00165997 0.00202438 0.999996 0.0205851 0.0446387 0.19133
FixedParameters: 0 0 0

#Transform 74
Transform: AffineTransform_float_3_3
Parameters: 0.999998 -0.000945836 -0.00181537 0.000932166 0.999974 -0.00705871 0.00182163 0.00705729 0.999974 -0.0344143 0.612237 -0.956831
FixedParameters: 0 0 0

#Transform 75
Transform: AffineTransform_float_3_3
Parameters: 0.999972 -0.00726448 0.0017082 0.00731752 0.999427 -0.0330684 -0.00146678 0.0330796 0.999451 0.160259 1.25983 -1.68102
FixedParameters: 0 0 0

#Transform 76
Transform: AffineTransform_float_3_3
Parameters: 0.999918 -0.00880004 0.00923948 0.00928498 0.998507 -0.0538276 -0.00875252 0.0539094 0.998508 0.0333611 1.67829 -2.54704
FixedParameters: 0 0 0

#Transform 77
Transform: AffineTransform_float_3_3
Parameters: 0.999936 -0.00663312 0.0090837 0.0070649 0.998804 -0.0483689 -0.00875232 0.0484291 0.998789 -0.0467681 1.69051 -2.4331
FixedParameters: 0 0 0

#Transform 78
Transform: AffineTransform_float_3_3
Parameters: 0.999931 -0.00791735 0.00865338 0.00831564 0.998858 -0.0470483 -0.00827064 0.0471167 0.998855 -0.0924437 1.58594 -2.29607
FixedParameters: 0 0 0

#Transform 79
Transform: AffineTransform_float_3_3
Parameters: 0.999975 -0.00633493 0.00330851 0.00646105 0.999195 -0.0395976 -0.00305449 0.0396184 0.99921 -0.00158808 1.18353 -1.74913
FixedParameters: 0 0 0

#Transform 80
Transform: AffineTransform_float_3_3
Parameters: 0.999997 -0.00240891 0.000566139 0.00242108 0.999746 -0.0224147 -0.000511858 0.0224163 0.999748 0.00563758 0.75784 -0.816048
FixedParameters: 0 0 0

#Transform 81
Transform: AffineTransform_float_3_3
Parameters: 0.999998 -0.00141583 -0.00177032 0.00139618 0.999937 -0.0111515 0.00178568 0.0111495 0.999937 0.069849 0.327714 -0.486275
FixedParameters: 0 0 0

#Transform 82
Transform: AffineTransform_float_3_3
Parameters: 0.999999 -0.00141777 0.000104292 0.00141822 0.999916 -0.0128959 -8.57176e-05 0.0128961 0.999917 0.00695274 0.482056 -0.686287
FixedParameters: 0 0 0

#Transform 83
Transform: AffineTransform_float_3_3
Parameters: 0.999999 -0.000149978 -0.00152651 0.000134016 0.999946 -0.0104622 0.00152849 0.0104618 0.999944 0.0281869 0.382374 -0.421631
FixedParameters: 0 0 0

#Transform 84
Transform: AffineTransform_float_3_3
Parameters: 0.999994 0.000951694 -0.00339918 -0.000962304 0.999994 -0.00332575 0.00339581 0.00332925 0.999988 0.0407289 0.19189 -0.125192
FixedParameters: 0 0 0

#Transform 85
Transform: AffineTransform_float_3_3
Parameters: 0.999995 0.00052692 -0.00305764 -0.000542077 0.999987 -0.00493337 0.00305436 0.00493463 0.999983 0.0310566 0.20318 -0.177158
FixedParameters: 0 0 0

#Transform 86
Transform: AffineTransform_float_3_3
Parameters: 0.999994 0.000806971 -0.00316014 -0.000822028 0.999987 -0.00507443 0.00315587 0.00507657 0.999982 0.0442959 0.218448 -0.127047
FixedParameters: 0 0 0

#Transform 87
Transform: AffineTransform_float_3_3
Parameters: 0.999996 0.000623538 -0.00270937 -0.00063846 0.999985 -0.00534029 0.00270563 0.00534171 0.999982 0.035535 0.216453 -0.204027
FixedParameters: 0 0 0

#Transform 88
Transform: AffineTransform_float_3_3
Parameters: 0.999995 0.000852819 -0.00307924 -0.00086818 0.999987 -0.00493235 0.00307475 0.00493465 0.999983 0.0232676 0.201815 -0.0186684
FixedParameters: 0 0 0

#Transform 89
Transform: AffineTransform_float_3_3
Parameters: 0.999996 0.000118473 -0.00287487 -0.00013753 0.999977 -0.00679363 0.00287413 0.00679337 0.999973 -0.0113271 0.179143 0.312614
FixedParameters: 0 0 0

#Transform 90
Transform: AffineTransform_float_3_3
Parameters: 0.999997 0.00022422 -0.00222932 -0.000236777 0.999983 -0.00573348 0.00222768 0.00573451 0.999981 0.0825907 0.282915 -0.465669
FixedParameters: 0 0 0

#Transform 91
Transform: AffineTransform_float_3_3
Parameters: 0.999994 0.00052242 -0.0032249 -0.000534575 0.999994 -0.0035903 0.0032221 0.00359271 0.999989 0.10673 0.223579 -0.462185
FixedParameters: 0 0 0

#Transform 92
Transform: AffineTransform_float_3_3
Parameters: 0.999996 0.00102977 -0.00238771 -0.00105223 0.999956 -0.00932852 0.00237829 0.00933048 0.999953 0.0716159 0.381186 -0.464668
FixedParameters: 0 0 0

#Transform 93
Transform: AffineTransform_float_3_3
Parameters: 1 -0.000316866 -0.000480828 0.000312132 0.999949 -0.0100862 0.000484173 0.0100858 0.999949 0.0564149 0.37794 -0.517603
FixedParameters: 0 0 0

#Transform 94
Transform: AffineTransform_float_3_3
Parameters: 0.999999 0.000343078 -0.000929583 -0.000349917 0.999972 -0.00745568 0.000926416 0.00745632 0.999972 0.0346475 0.325926 -0.516927
FixedParameters: 0 0 0

#Transform 95
Transform: AffineTransform_float_3_3
Parameters: 0.999999 0.000616206 -0.00125437 -0.00062879 0.999947 -0.0102252 0.00124764 0.0102258 0.999947 0.025765 0.377943 -0.595286
FixedParameters: 0 0 0

#Transform 96
Transform: AffineTransform_float_3_3
Parameters: 0.999999 0.000341167 -0.00118657 -0.000349836 0.999972 -0.00745159 0.00118443 0.00745241 0.999971 0.020998 0.321584 -0.488001
FixedParameters: 0 0 0

#Transform 97
Transform: AffineTransform_float_3_3
Parameters: 0.999999 0.000930393 -0.0015 -0.000939607 0.999979 -0.0064166 0.001494 0.0064184 0.999979 0.072194 0.280014 -0.63323
FixedParameters: 0 0 0

#Transform 98
Transform: AffineTransform_float_3_3
Parameters: 0.999997 0.00143188 -0.00226463 -0.00144713 0.999976 -0.00669074 0.00225537 0.00669425 0.999975 0.0907371 0.34038 -0.683189
FixedParameters: 0 0 0

#Transform 99
Transform: AffineTransform_float_3_3
Parameters: 0.999992 0.00175929 -0.0035224 -0.00177572 0.999987 -0.00474779 0.00351461 0.00475422 0.999983 0.0619948 0.261691 -0.505373
FixedParameters: 0 0 0

#Transform 100
Transform: AffineTransform_float_3_3
Parameters: 0.999992 0.00175639 -0.00358468 -0.00177562 0.999984 -0.00547668 0.00357532 0.00548232 0.999978 0.0637198 0.286613 -0.432646
FixedParameters: 0 0 0

#Transform 101
Transform: AffineTransform_float_3_3
Parameters: 0.999996 0.0011857 -0.0027843 -0.0012053 0.999975 -0.00693868 0.0027767 0.00694233 0.999972 0.0872127 0.336497 -0.596059
FixedParameters: 0 0 0

#Transform 102
Transform: AffineTransform_float_3_3
Parameters: 0.999997 0.00118978 -0.00237967 -0.00120522 0.999979 -0.00640515 0.00237233 0.00640784 0.999976 0.0625745 0.2938 -0.574578
FixedParameters: 0 0 0

#Transform 103
Transform: AffineTransform_float_3_3
Parameters: 0.999993 0.00118093 -0.00333462 -0.00120506 0.999973 -0.00722503 0.00332538 0.00722898 0.999969 0.085227 0.336662 -0.555271
FixedParameters: 0 0 0

#Transform 104
Transform: AffineTransform_float_3_3
Parameters: 0.999994 0.00118079 -0.00342045 -0.00120521 0.999974 -0.00708393 0.00341255 0.00708808 0.999969 0.07303 0.328137 -0.493365
FixedParameters: 0 0 0

#Transform 105
Transform: AffineTransform_float_3_3
Parameters: 0.999993 0.0011798 -0.00349062 -0.00120519 0.999973 -0.00722484 0.00348138 0.00722916 0.999968 0.0889387 0.361956 -0.532879
FixedParameters: 0 0 0

#Transform 106
Transform: AffineTransform_float_3_3
Parameters: 0.999994 0.00118199 -0.00338712 -0.00120501 0.999976 -0.00679996 0.00337888 0.00680404 0.999971 0.0719958 0.347813 -0.502951
FixedParameters: 0 0 0

#Transform 107
Transform: AffineTransform_float_3_3
Parameters: 0.999994 0.00118316 -0.00302563 -0.00120484 0.999973 -0.0072254 0.00301737 0.00722961 0.99997 0.0707224 0.330781 -0.531627
FixedParameters: 0 0 0

#Transform 108
Transform: AffineTransform_float_3_3
Parameters: 0.999995 0.00118459 -0.00292834 -0.00120441 0.999975 -0.00697651 0.00292067 0.0069805 0.999972 0.056834 0.331707 -0.493044
FixedParameters: 0 0 0

#Transform 109
Transform: AffineTransform_float_3_3
Parameters: 0.999995 0.00118516 -0.00290817 -0.00120484 0.999976 -0.00682953 0.00289984 0.00683247 0.999973 0.0562923 0.309859 -0.545125
FixedParameters: 0 0 0

#Transform 110
Transform: AffineTransform_float_3_3
Parameters: 0.999995 0.00118581 -0.0029089 -0.00120519 0.999978 -0.00660453 0.0029011 0.00660748 0.999974 0.0561558 0.332517 -0.452111
FixedParameters: 0 0 0

#Transform 111
Transform: AffineTransform_float_3_3
Parameters: 0.999995 0.00118646 -0.00290863 -0.00120454 0.999979 -0.00637953 0.00290137 0.00638348 0.999976 0.0740276 0.303047 -0.51871
FixedParameters: 0 0 0

#Transform 112
Transform: AffineTransform_float_3_3
Parameters: 0.999995 0.0011891 -0.00290755 -0.0012049 0.999985 -0.00547352 0.00290145 0.00547648 0.999981 0.0561364 0.301016 -0.461283
FixedParameters: 0 0 0

#Transform 113
Transform: AffineTransform_float_3_3
Parameters: 0.999995 0.00118726 -0.00290831 -0.00120474 0.99998 -0.00610552 0.0029017 0.00610947 0.999977 0.0748985 0.293675 -0.524298
FixedParameters: 0 0 0

#Transform 114
Transform: AffineTransform_float_3_3
Parameters: 0.999995 0.00118825 -0.0029079 -0.00120475 0.999982 -0.00576552 0.0029011 0.00576847 0.999979 0.0663198 0.302364 -0.459111
FixedParameters: 0 0 0

#Transform 115
Transform: AffineTransform_float_3_3
Parameters: 0.999994 0.00118573 -0.00311241 -0.00120527 0.99998 -0.00619728 0.00310559 0.00620072 0.999976 0.0758161 0.33349 -0.502719
FixedParameters: 0 0 0

#Transform 116
Transform: AffineTransform_float_3_3
Parameters: 0.999991 0.00157685 -0.00406065 -0.00160415 0.999977 -0.00669155 0.00405035 0.00669845 0.99997 0.0817223 0.325372 -0.530732
FixedParameters: 0 0 0

#Transform 117
Transform: AffineTransform_float_3_3
Parameters: 0.999995 0.00118866 -0.00288279 -0.00120533 0.999983 -0.00567255 0.00287521 0.00567644 0.99998 0.0715577 0.285728 -0.530056
FixedParameters: 0 0 0

#Transform 118
Transform: AffineTransform_float_3_3
Parameters: 0.999996 0.00119351 -0.00230498 -0.00120449 0.999987 -0.00498924 0.00229902 0.00499176 0.999985 0.0506852 0.289745 -0.457907
FixedParameters: 0 0 0

#Transform 119
Transform: AffineTransform_float_3_3
Parameters: 0.999995 0.0011914 -0.00288166 -0.00120459 0.999988 -0.00472055 0.00287534 0.00472445 0.999984 0.0615611 0.291021 -0.417053
FixedParameters: 0 0 0

#Transform 120
Transform: AffineTransform_float_3_3
Parameters: 0.999995 0.00119046 -0.00288205 -0.00120453 0.999986 -0.00504655 0.00287596 0.00505045 0.999983 0.0552487 0.271314 -0.456158
FixedParameters: 0 0 0

#Transform 121
Transform: AffineTransform_float_3_3
Parameters: 0.999995 0.00118908 -0.00291255 -0.00120492 0.999985 -0.00546952 0.00290645 0.00547348 0.999981 0.0671097 0.321027 -0.515545
FixedParameters: 0 0 0

#Transform 122
Transform: AffineTransform_float_3_3
Parameters: 0.999995 0.00118977 -0.00286338 -0.00120523 0.999985 -0.00532457 0.00285662 0.00532742 0.999981 0.0548206 0.280547 -0.515459
FixedParameters: 0 0 0

#Transform 123
Transform: AffineTransform_float_3_3
Parameters: 0.999994 0.00157551 -0.00313835 -0.00159449 0.999982 -0.00589703 0.00312865 0.00590197 0.999977 0.0625619 0.321748 -0.472593
FixedParameters: 0 0 0

#Transform 124
Transform: AffineTransform_float_3_3
Parameters: 0.999994 0.00132391 -0.00313756 -0.00134409 0.999978 -0.00641082 0.00312845 0.00641418 0.999975 0.0524529 0.279687 -0.480173
FixedParameters: 0 0 0

#Transform 125
Transform: AffineTransform_float_3_3
Parameters: 0.999992 0.00172063 -0.00354648 -0.00173737 0.999987 -0.00490088 0.00353852 0.00490713 0.999981 0.0596902 0.272842 -0.404179
FixedParameters: 0 0 0

#Transform 126
Transform: AffineTransform_float_3_3
Parameters: 0.999994 0.00184071 -0.0031392 -0.00185829 0.999983 -0.0055132 0.0031288 0.0055198 0.99998 0.0440113 0.27311 -0.427528
FixedParameters: 0 0 0

#Transform 127
Transform: AffineTransform_float_3_3
Parameters: 0.999995 0.00157012 -0.00276478 -0.00158188 0.999989 -0.00430165 0.00275822 0.00430535 0.999987 0.0516208 0.251495 -0.356126
FixedParameters: 0 0 0

#Transform 128
Transform: AffineTransform_float_3_3
Parameters: 0.999996 0.00137323 -0.00224225 -0.00138476 0.999985 -0.00525391 0.00223475 0.00525709 0.999983 0.0460465 0.265329 -0.398449
FixedParameters: 0 0 0

#Transform 129
Transform: AffineTransform_float_3_3
Parameters: 0.999996 0.00148018 -0.00236843 -0.00149182 0.999987 -0.00499849 0.00236057 0.00500151 0.999984 0.0498611 0.274288 -0.38405
FixedParameters: 0 0 0

#Transform 130
Transform: AffineTransform_float_3_3
Parameters: 0.999995 0.00155675 -0.00290714 -0.00157025 0.999989 -0.00456146 0.00289987 0.00456654 0.999986 0.0674373 0.290892 -0.380273
FixedParameters: 0 0 0

#Transform 131
Transform: AffineTransform_float_3_3
Parameters: 0.999993 0.00120203 -0.00355301 -0.00120497 0.999999 -0.000832725 0.003552 0.000837276 0.999994 0.0851076 0.168428 -0.234766
FixedParameters: 0 0 0

#Transform 132
Transform: AffineTransform_float_3_3
Parameters: 0.999997 0.00141231 -0.00226006 -0.00141469 0.999998 -0.000747805 0.00225894 0.000751193 0.999997 0.0463683 0.184861 -0.219202
FixedParameters: 0 0 0

#Transform 133
Transform: AffineTransform_float_3_3
Parameters: 0.999997 0.00119915 -0.00216924 -0.00120484 0.999995 -0.00269539 0.00216576 0.0026976 0.999994 0.0440835 0.190059 -0.311024
FixedParameters: 0 0 0

#Transform 134
Transform: AffineTransform_float_3_3
Parameters: 0.999996 0.00119962 -0.00227185 -0.00120538 0.999997 -0.00236727 0.00226915 0.00236973 0.999994 0.0473681 0.218107 -0.241393
FixedParameters: 0 0 0

#Transform 135
Transform: AffineTransform_float_3_3
Parameters: 0.999996 0.00119699 -0.00277447 -0.00120501 0.999995 -0.00288567 0.00277153 0.00288933 0.999992 0.0640522 0.225519 -0.298834
FixedParameters: 0 0 0

#Transform 136
Transform: AffineTransform_float_3_3
Parameters: 0.999994 0.00139181 -0.00311612 -0.00140119 0.999994 -0.00294965 0.00311188 0.00295335 0.999991 0.0746469 0.239548 -0.301073
FixedParameters: 0 0 0

#Transform 137
Transform: AffineTransform_float_3_3
Parameters: 0.999995 0.00125801 -0.00311565 -0.00126699 0.999995 -0.00288507 0.00311236 0.00288893 0.999991 0.0751087 0.256573 -0.307375
FixedParameters: 0 0 0

#Transform 138
Transform: AffineTransform_float_3_3
Parameters: 0.99999 0.000598359 -0.00443442 -0.000615641 0.999992 -0.00397831 0.00443159 0.00398069 0.999983 0.120819 0.284878 -0.443017
FixedParameters: 0 0 0

#Transform 139
Transform: AffineTransform_float_3_3
Parameters: 0.999998 0.000943698 -0.00205099 -0.000948304 0.999998 -0.00209806 0.00204901 0.00209994 0.999995 0.175133 0.248966 -0.929623
FixedParameters: 0 0 0

#Transform 140
Transform: AffineTransform_float_3_3
Parameters: 0.999996 0.000746689 -0.00248389 -0.00074331 0.999998 0.00148585 0.00248511 -0.00148415 0.999996 0.119093 0.198459 -0.638521
FixedParameters: 0 0 0

#Transform 141
Transform: AffineTransform_float_3_3
Parameters: 0.999995 0.00124709 -0.00268564 -0.00124191 0.999998 0.00189634 0.00268836 -0.00189266 0.999994 0.0665482 0.171266 -0.345617
FixedParameters: 0 0 0

#Transform 142
Transform: AffineTransform_float_3_3
Parameters: 0.999996 0.00124568 -0.00277636 -0.00124232 0.999999 0.00132546 0.00277865 -0.00132155 0.999996 0.0737329 0.161482 -0.341391
FixedParameters: 0 0 0

#Transform 143
Transform: AffineTransform_float_3_3
Parameters: 0.999992 0.00199158 -0.00349399 -0.00198142 0.999994 0.00302795 0.00350001 -0.00302106 0.99999 0.1212 0.0868578 -0.587602
FixedParameters: 0 0 0

#Transform 144
Transform: AffineTransform_float_3_3
Parameters: 0.999991 0.00216708 -0.00377829 -0.00214293 0.999978 0.00636416 0.00379171 -0.00635584 0.999972 0.124792 0.0427914 -0.412667
FixedParameters: 0 0 0

#Transform 145
Transform: AffineTransform_float_3_3
Parameters: 0.999991 0.00214017 -0.00348588 -0.00211683 0.999975 0.00663543 0.00350011 -0.00662856 0.999972 0.0951328 0.0343898 -0.359566
FixedParameters: 0 0 0

#Transform 146
Transform: AffineTransform_float_3_3
Parameters: 0.999989 0.00187981 -0.00415848 -0.00187119 0.999996 0.0018808 0.00416252 -0.00187319 0.999989 0.0995274 0.144657 -0.476774
FixedParameters: 0 0 0

#Transform 147
Transform: AffineTransform_float_3_3
Parameters: 0.999994 0.0016928 -0.00323582 -0.0016792 0.999989 0.00426246 0.00324318 -0.00425753 0.999985 0.0694941 0.0676581 -0.294593
FixedParameters: 0 0 0

#Transform 148
Transform: AffineTransform_float_3_3
Parameters: 0.999991 0.000677221 -0.00415939 -0.000660778 0.999992 0.00389978 0.00416261 -0.00389722 0.999983 0.0783705 0.122314 -0.248021
FixedParameters: 0 0 0

#Transform 149
Transform: AffineTransform_float_3_3
Parameters: 0.999997 0.00109893 -0.00244013 -0.00109608 0.999999 0.000789677 0.00244087 -0.00078732 0.999996 0.042225 0.162306 -0.345659
FixedParameters: 0 0 0

#Transform 150
Transform: AffineTransform_float_3_3
Parameters: 0.999998 0.00118703 -0.00188887 -0.00118997 0.999998 -0.00157276 0.00188713 0.00157424 0.999997 0.0421685 0.219512 -0.425974
FixedParameters: 0 0 0

#Transform 151
Transform: AffineTransform_float_3_3
Parameters: 0.999997 0.00119142 -0.00205733 -0.00119258 1 -0.000279547 0.00205667 0.000281451 0.999998 0.0728219 0.219652 -0.463219
FixedParameters: 0 0 0

#Transform 152
Transform: AffineTransform_float_3_3
Parameters: 0.999995 0.00191069 -0.00244046 -0.00191031 0.999998 0.000285663 0.00244154 -0.000280336 0.999997 0.0579694 0.194994 -0.407245
FixedParameters: 0 0 0

#Transform 153
Transform: AffineTransform_float_3_3
Parameters: 0.999996 0.00134889 -0.00243885 -0.00134511 0.999998 0.00159429 0.00244114 -0.00159071 0.999996 0.0746515 0.173437 -0.352578
FixedParameters: 0 0 0

#Transform 154
Transform: AffineTransform_float_3_3
Parameters: 0.999994 0.00122054 -0.0031835 -0.00121347 0.999997 0.00205387 0.0031855 -0.00205012 0.999993 0.0844348 0.158169 -0.363574
FixedParameters: 0 0 0

#Transform 155
Transform: AffineTransform_float_3_3
Parameters: 0.999994 0.00141692 -0.00318337 -0.00141108 0.999998 0.0018625 0.00318563 -0.0018575 0.999993 0.0816333 0.134204 -0.370973
FixedParameters: 0 0 0

#Transform 156
Transform: AffineTransform_float_3_3
Parameters: 0.999994 0.00142003 -0.00318465 -0.00141696 0.999998 0.000955518 0.00318635 -0.000950481 0.999995 0.0861999 0.195956 -0.395736
FixedParameters: 0 0 0

#Transform 157
Transform: AffineTransform_float_3_3
Parameters: 0.999994 0.00142876 -0.00293119 -0.00142323 0.999997 0.00196818 0.0029348 -0.00196382 0.999994 0.0963572 0.137095 -0.394907
FixedParameters: 0 0 0

#Transform 158
Transform: AffineTransform_float_3_3
Parameters: 0.999996 0.00112869 -0.00284154 -0.00112531 0.999998 0.0013012 0.00284347 -0.0012978 0.999995 0.0904037 0.164417 -0.371147
FixedParameters: 0 0 0

#Transform 159
Transform: AffineTransform_float_3_3
Parameters: 0.999996 0.0011448 -0.00252673 -0.0011422 0.999998 0.00111089 0.00252827 -0.00110811 0.999996 0.0842657 0.14665 -0.380364
FixedParameters: 0 0 0

#Transform 160
Transform: AffineTransform_float_3_3
Parameters: 0.999995 0.00123314 -0.00265854 -0.00122985 0.999998 0.00118427 0.00266045 -0.00118072 0.999996 0.0911539 0.145498 -0.362
FixedParameters: 0 0 0

#Transform 161
Transform: AffineTransform_float_3_3
Parameters: 0.999995 0.00138108 -0.00304551 -0.00138092 0.999999 0.000356208 0.00304649 -0.000351795 0.999996 0.0870898 0.197712 -0.330787
FixedParameters: 0 0 0

#Transform 162
Transform: AffineTransform_float_3_3
Parameters: 0.999993 0.00155643 -0.0031853 -0.00155456 0.999998 0.000452954 0.0031857 -0.000448044 0.999995 0.0924846 0.186347 -0.339352
FixedParameters: 0 0 0

#Transform 163
Transform: AffineTransform_float_3_3
Parameters: 0.999993 0.00156891 -0.0033331 -0.00156708 0.999998 0.000577227 0.0033339 -0.000571773 0.999995 0.0958949 0.196851 -0.338644
FixedParameters: 0 0 0

#Transform 164
Transform: AffineTransform_float_3_3
Parameters: 0.999993 0.00132221 -0.0036965 -0.00131779 0.999999 0.00114088 0.0036975 -0.00113512 0.999993 0.0936882 0.164189 -0.301907
FixedParameters: 0 0 0

#Transform 165
Transform: AffineTransform_float_3_3
Parameters: 0.999994 0.00185627 -0.00273446 -0.00185373 0.999998 0.000832073 0.00273554 -0.000826927 0.999996 0.0674767 0.173282 -0.339
FixedParameters: 0 0 0

#Transform 166
Transform: AffineTransform_float_3_3
Parameters: 0.999994 0.00181439 -0.00272908 -0.00181261 0.999998 0.00051195 0.00272992 -0.00050705 0.999996 0.0614585 0.183862 -0.340028
FixedParameters: 0 0 0

#Transform 167
Transform: AffineTransform_float_3_3
Parameters: 0.999994 0.0017662 -0.0030083 -0.0017648 0.999999 0.000401312 0.0030087 -0.000395689 0.999996 0.0724099 0.18755 -0.339862
FixedParameters: 0 0 0

#Transform 168
Transform: AffineTransform_float_3_3
Parameters: 0.999993 0.00167028 -0.00313832 -0.00166871 0.999998 0.000412239 0.00313968 -0.000406758 0.999995 0.063545 0.18745 -0.289481
FixedParameters: 0 0 0

#Transform 169
Transform: AffineTransform_float_3_3
Parameters: 0.999993 0.00166999 -0.00328149 -0.001669 0.999998 0.000306479 0.00328151 -0.000300522 0.999994 0.069611 0.190905 -0.292183
FixedParameters: 0 0 0

#Transform 170
Transform: AffineTransform_float_3_3
Parameters: 0.999993 0.00167168 -0.00313757 -0.00166832 0.999998 0.00085724 0.00313942 -0.000851757 0.999994 0.0629148 0.172846 -0.296569
FixedParameters: 0 0 0

#Transform 171
Transform: AffineTransform_float_3_3
Parameters: 0.999993 0.00167102 -0.00313792 -0.00166898 0.999999 0.000646241 0.00313907 -0.000641759 0.999995 0.0733809 0.171683 -0.314713
FixedParameters: 0 0 0

#Transform 172
Transform: AffineTransform_float_3_3
Parameters: 0.999995 0.00167004 -0.00294941 -0.00166896 0.999998 0.000355924 0.00294959 -0.000351076 0.999995 0.0642181 0.177197 -0.305838
FixedParameters: 0 0 0

#Transform 173
Transform: AffineTransform_float_3_3
Parameters: 0.999994 0.00151502 -0.00313802 -0.00151298 0.999998 0.000646751 0.00313898 -0.000642248 0.999995 0.067973 0.160415 -0.294667
FixedParameters: 0 0 0

#Transform 174
Transform: AffineTransform_float_3_3
Parameters: 0.999994 0.00139855 -0.00313786 -0.00139645 0.999998 0.000815386 0.00313914 -0.000811614 0.999994 0.0704465 0.174701 -0.297344
FixedParameters: 0 0 0

#Transform 175
Transform: AffineTransform_float_3_3
Parameters: 0.999995 0.00156154 -0.00248378 -0.00155846 0.999998 0.00142588 0.00248622 -0.00142212 0.999996 0.0593049 0.150185 -0.3054
FixedParameters: 0 0 0

#Transform 176
Transform: AffineTransform_float_3_3
Parameters: 0.999996 0.00125278 -0.00252662 -0.00125022 0.999998 0.00110116 0.00252838 -0.00109784 0.999996 0.0640748 0.170002 -0.349314
FixedParameters: 0 0 0

#Transform 177
Transform: AffineTransform_float_3_3
Parameters: 0.999995 0.00125248 -0.00313801 -0.00125052 0.999999 0.000790928 0.00313899 -0.000787073 0.999995 0.0491297 0.175763 -0.342082
FixedParameters: 0 0 0

#Transform 178
Transform: AffineTransform_float_3_3
Parameters: 0.999995 0.00125267 -0.00313794 -0.00125033 0.999999 0.000851928 0.00313906 -0.000848072 0.999994 0.0657329 0.173734 -0.328275
FixedParameters: 0 0 0

#Transform 179
Transform: AffineTransform_float_3_3
Parameters: 0.999995 0.00160127 -0.0029012 -0.00159774 0.999998 0.00112764 0.0029028 -0.00112336 0.999995 0.0564017 0.172897 -0.338387
FixedParameters: 0 0 0
