# transform file /out/sourcedata/freesurfer/sub-v2s12x28853_ses-1/mri/transforms/cc_up.lta
# created by oesteban on Tue Mar 10 23:43:27 2026

type      = 0 # LINEAR_VOX_TO_VOX
nxforms   = 1
mean      = 127.0000 98.0000 129.0000
sigma     = 10000.0000
1 4 4
9.960390925407410e-01 -6.695707794278860e-03 -8.866503834724426e-02 1.161397171020508e+01 
6.669335532933474e-03 9.999777078628540e-01 -5.936884554103017e-04 4.122546768188477e+01 
8.866702765226364e-02 5.820766785236131e-11 9.960613846778870e-01 -1.484484481811523e+01 
0.000000000000000e+00 0.000000000000000e+00 0.000000000000000e+00 1.000000000000000e+00 
src volume info
valid = 1  # volume info valid
filename = /out/sourcedata/freesurfer/sub-v2s12x28853_ses-1/mri/norm.mgz
volume = 256 256 256
voxelsize = 1.000000000000000e+00 1.000000000000000e+00 1.000000000000000e+00
xras   = -1.000000000000000e+00 0.000000000000000e+00 0.000000000000000e+00
yras   = 0.000000000000000e+00 0.000000000000000e+00 -1.000000000000000e+00
zras   = 0.000000000000000e+00 1.000000000000000e+00 0.000000000000000e+00
cras   = 3.312202453613281e+00 5.000000000000000e-01 -1.450000000000000e+01
dst volume info
valid = 1  # volume info valid
filename = /out/sourcedata/freesurfer/sub-v2s12x28853_ses-1/mri/norm.mgz
volume = 256 256 256
voxelsize = 1.000000000000000e+00 1.000000000000000e+00 1.000000000000000e+00
xras   = -1.000000000000000e+00 0.000000000000000e+00 0.000000000000000e+00
yras   = 0.000000000000000e+00 0.000000000000000e+00 -1.000000000000000e+00
zras   = 0.000000000000000e+00 1.000000000000000e+00 0.000000000000000e+00
cras   = 3.312202453613281e+00 5.000000000000000e-01 -1.450000000000000e+01
