#Insight Transform File V1.0
#Transform 0
Transform: AffineTransform_float_3_3
Parameters: 0.999999 -0.00017851 -0.000907097 0.00017949 1 0.000539838 0.000906903 -0.000540162 1 0.0145761 0.0242275 0.0296701
FixedParameters: 0 0 0

#Transform 1
Transform: AffineTransform_float_3_3
Parameters: 1 -0.000294298 -0.00113918 0.000294701 1 0.000615665 0.00113882 -0.000616336 0.999999 0.0261775 0.0269379 0.013383
FixedParameters: 0 0 0

#Transform 2
Transform: AffineTransform_float_3_3
Parameters: 1 -0.000433336 -0.000983293 0.000434664 0.999999 0.000674573 0.000983707 -0.000675427 1 0.0202031 0.00788838 0.0484828
FixedParameters: 0 0 0

#Transform 3
Transform: AffineTransform_float_3_3
Parameters: 0.999999 -0.000433884 -0.000734068 0.000434116 1 0.000157681 0.000733931 -0.000158318 0.999999 0.0103878 0.0295993 0.0408701
FixedParameters: 0 0 0

#Transform 4
Transform: AffineTransform_float_3_3
Parameters: 0.999999 -0.000455 -0.000733999 0.000455 1 -3.3397e-07 0.000733999 -3.3397e-07 0.999999 0.0183129 0.0103215 0.0285072
FixedParameters: 0 0 0

#Transform 5
Transform: AffineTransform_float_3_3
Parameters: 0.999999 -1.47614e-05 -0.000734004 1.42385e-05 1 0.00032499 0.000733995 -0.000325011 0.999999 0.0358661 0.0102686 0.0293752
FixedParameters: 0 0 0

#Transform 6
Transform: AffineTransform_float_3_3
Parameters: 1 -0.000199838 -0.000389083 0.000200162 1 0.000416922 0.000388916 -0.000417078 1 0.0261059 -0.008574 -0.00212103
FixedParameters: 0 0 0

#Transform 7
Transform: AffineTransform_float_3_3
Parameters: 1 -1.49511e-05 -0.000470001 1.50489e-05 1 0.000103993 0.000469998 -0.000104007 1 0.0256278 -0.0212191 -0.0035307
FixedParameters: 0 0 0

#Transform 8
Transform: AffineTransform_float_3_3
Parameters: 0.999999 0.000182009 -0.000733997 -0.000181991 1 1.21336e-05 0.000734002 -1.18664e-05 0.999999 -0.00827699 0.00315131 0.00808402
FixedParameters: 0 0 0

#Transform 9
Transform: AffineTransform_float_3_3
Parameters: 1 -1.49951e-05 -0.000411 1.50049e-05 1 1.19938e-05 0.000411 -1.20062e-05 1 0.00919541 0.00493635 0.0357011
FixedParameters: 0 0 0

#Transform 10
Transform: AffineTransform_float_3_3
Parameters: 0.999999 -1.49912e-05 -0.000734 1.50088e-05 1 1.1989e-05 0.000733999 -1.2011e-05 0.999999 0.026691 0.00234246 0.0227837
FixedParameters: 0 0 0

#Transform 11
Transform: AffineTransform_float_3_3
Parameters: 1 -1.49938e-05 -0.000517 1.50062e-05 1 1.19922e-05 0.000517 -1.20078e-05 1 0.0223292 0.00234832 0.0163628
FixedParameters: 0 0 0

#Transform 12
Transform: AffineTransform_float_3_3
Parameters: 0.999999 0.000625004 -0.000369992 -0.000624995 1 1.22312e-05 0.000370007 -1.17687e-05 1 -0.0228908 0.00497584 0.0286426
FixedParameters: 0 0 0

#Transform 13
Transform: AffineTransform_float_3_3
Parameters: 0.999999 0.000506008 -0.000733993 -0.000505991 1 1.23714e-05 0.000734005 -1.16286e-05 0.999999 -0.00340762 0.0133102 0.00762947
FixedParameters: 0 0 0

#Transform 14
Transform: AffineTransform_float_3_3
Parameters: 1 0.000538005 -0.000429993 -0.000537995 1 1.22313e-05 0.000430006 -1.17687e-05 1 0.0131347 0.0217151 0.023894
FixedParameters: 0 0 0

#Transform 15
Transform: AffineTransform_float_3_3
Parameters: 1 0.000231919 -0.000394047 -0.000232081 1 -0.000204909 0.000393952 0.000205091 1 0.00706946 0.0194001 0.0149753
FixedParameters: 0 0 0

#Transform 16
Transform: AffineTransform_float_3_3
Parameters: 0.999999 0.000348658 -0.000734162 -0.000349342 1 -0.000465743 0.000733837 0.000465256 0.999999 0.0226253 0.0394379 0.0189279
FixedParameters: 0 0 0

#Transform 17
Transform: AffineTransform_float_3_3
Parameters: 1 0.000264939 -0.000476034 -0.00026506 1 -0.000126874 0.000475966 0.000127126 1 0.0202819 0.0161846 -0.0359634
FixedParameters: 0 0 0

#Transform 18
Transform: AffineTransform_float_3_3
Parameters: 1 -1.4991e-05 -8.00017e-05 1.5009e-05 1 0.000112999 7.99983e-05 -0.000113001 1 0.00925842 0.00984105 -0.00302139
FixedParameters: 0 0 0

#Transform 19
Transform: AffineTransform_float_3_3
Parameters: 1 -1.49985e-05 -2.10011e-05 1.50015e-05 1 7.19997e-05 2.09989e-05 -7.20003e-05 1 -0.00420255 0.0171214 -0.00275663
FixedParameters: 0 0 0

#Transform 20
Transform: AffineTransform_float_3_3
Parameters: 1 -1.49996e-05 -4.00135e-06 1.50004e-05 1 8.99999e-05 3.99865e-06 -9.00001e-05 1 -0.00481915 -0.000687834 -0.00271808
FixedParameters: 0 0 0

#Transform 21
Transform: AffineTransform_float_3_3
Parameters: 1 -1.50094e-05 -7.99982e-05 1.49906e-05 1 -0.000118001 8.00018e-05 0.000117999 1 -0.00188762 0.0244896 0.0196348
FixedParameters: 0 0 0

#Transform 22
Transform: AffineTransform_float_3_3
Parameters: 1 -1.49866e-05 -8.00025e-05 1.50134e-05 1 0.000166999 7.99975e-05 -0.000167001 1 0.00797423 0.0133945 -0.00137643
FixedParameters: 0 0 0

#Transform 23
Transform: AffineTransform_float_3_3
Parameters: 1 -1.49926e-05 -8.00014e-05 1.50074e-05 1 9.19988e-05 7.99986e-05 -9.20012e-05 1 -0.00188372 -0.0055485 -0.0234206
FixedParameters: 0 0 0

#Transform 24
Transform: AffineTransform_float_3_3
Parameters: 1 -1.49866e-05 -8.00025e-05 1.50134e-05 1 0.000166999 7.99975e-05 -0.000167001 1 -0.00188431 -0.0066471 -0.0158979
FixedParameters: 0 0 0

#Transform 25
Transform: AffineTransform_float_3_3
Parameters: 1 -0.000102987 -8.00172e-05 0.000103013 1 0.000166992 7.99828e-05 -0.000167008 1 -0.00187209 -0.00406525 -0.0177253
FixedParameters: 0 0 0

#Transform 26
Transform: AffineTransform_float_3_3
Parameters: 1 -7.20004e-05 -7.99996e-05 7.19996e-05 1 -5.00576e-06 8.00004e-05 4.99424e-06 1 -0.00183389 0.00259901 -0.0117383
FixedParameters: 0 0 0

#Transform 27
Transform: AffineTransform_float_3_3
Parameters: 1 0.000141013 -7.99764e-05 -0.000140987 1 0.000167011 8.00235e-05 -0.000166989 1 -0.00818593 0.014045 0.0544652
FixedParameters: 0 0 0

#Transform 28
Transform: AffineTransform_float_3_3
Parameters: 1 -1.49319e-05 -0.000408002 1.50681e-05 1 0.000166994 0.000407997 -0.000167006 1 0.00258024 0.0426417 0.078609
FixedParameters: 0 0 0

#Transform 29
Transform: AffineTransform_float_3_3
Parameters: 1 -1.50016e-05 -7.99997e-05 1.49984e-05 1 -2.00012e-05 8.00003e-05 1.99988e-05 1 -0.00189184 0.0136701 0.0744337
FixedParameters: 0 0 0

#Transform 30
Transform: AffineTransform_float_3_3
Parameters: 1 -1.49647e-05 -8.00066e-05 1.50353e-05 1 0.000440999 7.99934e-05 -0.000441001 1 -0.00188959 -0.00425348 0.049708
FixedParameters: 0 0 0

#Transform 31
Transform: AffineTransform_float_3_3
Parameters: 1 -1.51282e-05 0.000321994 1.48718e-05 1 0.000398005 -0.000322006 -0.000397995 1 -0.0175408 -0.00261295 0.0563605
FixedParameters: 0 0 0

#Transform 32
Transform: AffineTransform_float_3_3
Parameters: 1 -0.000101985 -8.00188e-05 0.000102015 1 0.000183992 7.99812e-05 -0.000184008 1 0.00739808 0.0301685 0.082919
FixedParameters: 0 0 0

#Transform 33
Transform: AffineTransform_float_3_3
Parameters: 1 -1.51734e-05 0.000341992 1.48266e-05 1 0.000507005 -0.000342007 -0.000506995 1 -0.0038892 0.00853959 0.0700347
FixedParameters: 0 0 0

#Transform 34
Transform: AffineTransform_float_3_3
Parameters: 1 -1.50018e-05 -7.99997e-05 1.49982e-05 1 -2.20012e-05 8.00003e-05 2.19988e-05 1 -0.00188998 0.0213733 0.0497653
FixedParameters: 0 0 0

#Transform 35
Transform: AffineTransform_float_3_3
Parameters: 1 -1.50129e-05 6.99972e-05 1.49871e-05 1 0.000184001 -7.00028e-05 -0.000183999 1 -0.00771016 0.0111705 0.0697304
FixedParameters: 0 0 0

#Transform 36
Transform: AffineTransform_float_3_3
Parameters: 1 -1.50276e-05 0.000149997 1.49724e-05 1 0.000184002 -0.000150003 -0.000183998 1 0.0109172 0.0330043 0.050862
FixedParameters: 0 0 0

#Transform 37
Transform: AffineTransform_float_3_3
Parameters: 1 -0.000179967 -8.00738e-05 0.000180033 1 0.000409986 7.99262e-05 -0.000410014 1 0.00938072 0.0277879 0.0501419
FixedParameters: 0 0 0

#Transform 38
Transform: AffineTransform_float_3_3
Parameters: 1 -1.50409e-05 9.99938e-05 1.49591e-05 1 0.000409001 -0.000100006 -0.000408998 1 -0.00889618 0.0242892 0.050927
FixedParameters: 0 0 0

#Transform 39
Transform: AffineTransform_float_3_3
Parameters: 1 0.000113029 -7.99585e-05 -0.000112971 1 0.000367009 8.00415e-05 -0.000366991 1 0.0110186 -0.00249004 0.0185332
FixedParameters: 0 0 0

#Transform 40
Transform: AffineTransform_float_3_3
Parameters: 1 0.000401017 0.000457985 -0.000400983 1 -3.71836e-05 -0.000458015 3.78163e-05 1 -0.0232468 0.0103438 0.0473282
FixedParameters: 0 0 0

#Transform 41
Transform: AffineTransform_float_3_3
Parameters: 1 -9.20574e-05 0.000311983 9.19426e-05 1 0.000184029 -0.000312017 -0.000183971 1 0.00562616 0.0181668 0.022968
FixedParameters: 0 0 0

#Transform 42
Transform: AffineTransform_float_3_3
Parameters: 1 3.89157e-05 0.000458007 -3.90843e-05 1 0.000183982 -0.000457993 -0.000184018 1 -0.00097336 0.00238518 0.0159616
FixedParameters: 0 0 0

#Transform 43
Transform: AffineTransform_float_3_3
Parameters: 1 -7.99221e-06 0.000458 8.00778e-06 1 -1.69963e-05 -0.000458 1.70037e-05 1 -0.002333 0.000154309 0.0361362
FixedParameters: 0 0 0

#Transform 44
Transform: AffineTransform_float_3_3
Parameters: 0.999999 -7.31534e-05 0.000833986 7.28465e-05 1 0.000184061 -0.000834013 -0.000183939 0.999999 -0.00485449 0.0118834 0.0533889
FixedParameters: 0 0 0

#Transform 45
Transform: AffineTransform_float_3_3
Parameters: 1 -7.30843e-05 0.000457986 7.29157e-05 1 0.000184033 -0.000458013 -0.000183967 1 -0.00208378 0.0308083 0.0845639
FixedParameters: 0 0 0

#Transform 46
Transform: AffineTransform_float_3_3
Parameters: 1 -7.30843e-05 0.000457986 7.29157e-05 1 0.000184033 -0.000458013 -0.000183967 1 -0.00267409 0.0349832 0.0845634
FixedParameters: 0 0 0

#Transform 47
Transform: AffineTransform_float_3_3
Parameters: 1 -7.32331e-05 0.000457963 7.27668e-05 1 0.000509033 -0.000458037 -0.000508966 1 -0.00150301 0.0223676 0.0849003
FixedParameters: 0 0 0

#Transform 48
Transform: AffineTransform_float_3_3
Parameters: 1 0.000235727 0.00045814 -0.000235273 1 0.000595892 -0.00045786 -0.000596108 0.999999 -0.0231683 0.0124476 0.0850487
FixedParameters: 0 0 0

#Transform 49
Transform: AffineTransform_float_3_3
Parameters: 0.999999 0.000581771 0.000458291 -0.000581229 0.999999 0.000499734 -0.000458709 -0.000500267 1 -0.0235158 0.0375376 0.0848049
FixedParameters: 0 0 0

#Transform 50
Transform: AffineTransform_float_3_3
Parameters: 1 0.000527915 0.000458097 -0.000527084 1 0.000183759 -0.000457903 -0.000184242 1 -0.00815992 0.0375019 0.0580185
FixedParameters: 0 0 0

#Transform 51
Transform: AffineTransform_float_3_3
Parameters: 1 0.000464851 0.000928074 -0.000465148 1 0.000159568 -0.000927926 -0.000160431 0.999999 -0.0224632 0.0226263 0.0601303
FixedParameters: 0 0 0

#Transform 52
Transform: AffineTransform_float_3_3
Parameters: 0.999999 0.0005186 0.000821253 -0.0005194 0.999999 0.000487574 -0.000820747 -0.000487426 1 -0.0174137 0.0131021 0.0717691
FixedParameters: 0 0 0

#Transform 53
Transform: AffineTransform_float_3_3
Parameters: 1 0.000755649 0.000928287 -0.000756352 0.999999 0.000378298 -0.000928715 -0.000378702 1 -0.0138062 0.0109656 0.0635371
FixedParameters: 0 0 0

#Transform 54
Transform: AffineTransform_float_3_3
Parameters: 1 0.000319795 0.000505129 -0.000320204 1 0.000404838 -0.00050487 -0.000405161 1 -0.000782295 0.0279749 0.0542758
FixedParameters: 0 0 0

#Transform 55
Transform: AffineTransform_float_3_3
Parameters: 1 0.000480817 0.000437201 -0.000481182 1 0.00041779 -0.000436799 -0.00041821 1 -0.0156215 0.0281346 0.0470789
FixedParameters: 0 0 0

#Transform 56
Transform: AffineTransform_float_3_3
Parameters: 0.999999 0.000353934 0.00077403 -0.000354066 1 8.47259e-05 -0.000773969 -8.52739e-05 0.999999 -0.0164163 0.0271287 0.0765919
FixedParameters: 0 0 0

#Transform 57
Transform: AffineTransform_float_3_3
Parameters: 1 0.000365377 0.00100323 -0.000365623 0.999999 0.000620634 -0.00100277 -0.000621367 1 -0.0194939 0.0056064 0.0597215
FixedParameters: 0 0 0

#Transform 58
Transform: AffineTransform_float_3_3
Parameters: 0.999999 0.000162804 0.00079804 -0.000162196 1 0.000245871 -0.00079796 -0.00024613 0.999999 -0.00079792 0.00940193 0.0170768
FixedParameters: 0 0 0

#Transform 59
Transform: AffineTransform_float_3_3
Parameters: 0.999999 0.000228702 0.000986068 -0.000229298 1 0.000301774 -0.00098593 -0.000302225 0.999999 -0.0153187 0.0157972 0.0677442
FixedParameters: 0 0 0

#Transform 60
Transform: AffineTransform_float_3_3
Parameters: 0.999999 -7.32243e-05 0.000757978 7.27756e-05 1 0.000296055 -0.000758021 -0.000295944 0.999999 -0.0163545 0.0306213 0.0797205
FixedParameters: 0 0 0

#Transform 61
Transform: AffineTransform_float_3_3
Parameters: 0.999999 -7.33591e-05 0.000927971 7.26408e-05 1 0.000387067 -0.000928027 -0.000386932 0.999999 -0.00556723 0.02707 0.0620916
FixedParameters: 0 0 0

#Transform 62
Transform: AffineTransform_float_3_3
Parameters: 0.999999 0.000176656 0.000796076 -0.000177345 1 0.000432859 -0.000795923 -0.000432141 0.999999 -0.00841332 0.0101362 0.0340454
FixedParameters: 0 0 0

#Transform 63
Transform: AffineTransform_float_3_3
Parameters: 0.999999 0.00033186 0.000758061 -0.00033214 1 0.000184748 -0.000757938 -0.000184252 0.999999 -0.013471 0.00419091 0.0278971
FixedParameters: 0 0 0

#Transform 64
Transform: AffineTransform_float_3_3
Parameters: 1 -7.31139e-05 0.000615986 7.2886e-05 1 0.000185045 -0.000616013 -0.000184955 1 -0.00941325 0.00162807 0.0609323
FixedParameters: 0 0 0

#Transform 65
Transform: AffineTransform_float_3_3
Parameters: 0.999999 -7.34259e-05 0.000927966 7.2574e-05 1 0.000459068 -0.000928033 -0.000458932 1 -0.0216025 0.0168588 0.0868182
FixedParameters: 0 0 0

#Transform 66
Transform: AffineTransform_float_3_3
Parameters: 0.999999 0.000222604 0.000928094 -0.000223395 1 0.000425793 -0.000927904 -0.000426206 0.999999 -0.0218629 0.0193357 0.0763979
FixedParameters: 0 0 0

#Transform 67
Transform: AffineTransform_float_3_3
Parameters: 0.999999 -7.31609e-05 0.000869986 7.2839e-05 1 0.000185063 -0.000870013 -0.000184936 0.999999 -0.0193389 0.0396177 0.100649
FixedParameters: 0 0 0

#Transform 68
Transform: AffineTransform_float_3_3
Parameters: 0.999999 -7.31498e-05 0.000809986 7.28501e-05 1 0.000185059 -0.000810013 -0.000184941 0.999999 -0.00910975 0.0243982 0.0833995
FixedParameters: 0 0 0

#Transform 69
Transform: AffineTransform_float_3_3
Parameters: 0.999999 9.94848e-05 0.000928055 -9.95149e-05 1 0.000554908 -0.000927945 -0.000555093 1 -0.00181645 0.0360052 0.102883
FixedParameters: 0 0 0

#Transform 70
Transform: AffineTransform_float_3_3
Parameters: 0.999999 0.000244382 0.000928163 -0.000245618 0.999999 0.000665772 -0.000927836 -0.000666227 1 -0.0219221 0.0322375 0.091956
FixedParameters: 0 0 0

#Transform 71
Transform: AffineTransform_float_3_3
Parameters: 1 0.000166915 0.000459031 -0.000166085 1 0.000184924 -0.000458969 -0.000185077 1 -0.00364856 -0.00758369 0.0280463
FixedParameters: 0 0 0

#Transform 72
Transform: AffineTransform_float_3_3
Parameters: 0.999999 0.000182856 0.000782033 -0.000183145 1 0.000184857 -0.000781966 -0.000184143 0.999999 -0.0161353 -0.000883748 0.0846441
FixedParameters: 0 0 0

#Transform 73
Transform: AffineTransform_float_3_3
Parameters: 0.999999 -7.31716e-05 0.000927986 7.28283e-05 1 0.000185068 -0.000928013 -0.000184932 0.999999 -0.0216146 0.0230717 0.0743189
FixedParameters: 0 0 0

#Transform 74
Transform: AffineTransform_float_3_3
Parameters: 0.999999 0.000155766 0.000774047 -0.000156234 1 0.000301879 -0.000773952 -0.000302121 0.999999 -0.0204876 0.03103 0.125323
FixedParameters: 0 0 0

#Transform 75
Transform: AffineTransform_float_3_3
Parameters: 1 0.000251612 0.000645151 -0.000252387 1 0.000600837 -0.000644848 -0.000601162 0.999999 -0.0108443 0.029993 0.139306
FixedParameters: 0 0 0

#Transform 76
Transform: AffineTransform_float_3_3
Parameters: 1 0.000496416 0.000928313 -0.000496584 0.999999 0.000628539 -0.000928688 -0.000629461 1 -0.0219779 0.038667 0.189101
FixedParameters: 0 0 0

#Transform 77
Transform: AffineTransform_float_3_3
Parameters: 0.999999 0.000380522 0.000669842 -0.000381478 0.999998 0.00220775 -0.000669159 -0.00220826 0.999998 -0.0300321 0.0583891 0.289246
FixedParameters: 0 0 0

#Transform 78
Transform: AffineTransform_float_3_3
Parameters: 1 -0.000119858 0.000611832 0.000119142 0.999999 0.00140207 -0.000612167 -0.00140193 0.999999 -0.00623888 0.0523671 0.224629
FixedParameters: 0 0 0

#Transform 79
Transform: AffineTransform_float_3_3
Parameters: 0.999999 -0.00026205 0.000994723 0.000260949 1 0.00105626 -0.000995276 -0.00105574 0.999999 -0.0253559 0.0380435 0.223
FixedParameters: 0 0 0

#Transform 80
Transform: AffineTransform_float_3_3
Parameters: 0.999999 -4.10089e-05 0.000994999 4.0991e-05 1 9.04079e-06 -0.000994999 -8.9592e-06 0.999999 -0.0197933 0.0819308 0.224898
FixedParameters: 0 0 0

#Transform 81
Transform: AffineTransform_float_3_3
Parameters: 0.999999 -4.08738e-05 0.000713007 4.11262e-05 1 -0.000176971 -0.000712992 0.000177029 0.999999 -0.00332384 0.0891796 0.223575
FixedParameters: 0 0 0

#Transform 82
Transform: AffineTransform_float_3_3
Parameters: 0.999999 -4.07512e-05 0.00099501 4.12487e-05 1 -0.000249959 -0.00099499 0.000250041 1 -0.0259267 0.0605703 0.224696
FixedParameters: 0 0 0

#Transform 83
Transform: AffineTransform_float_3_3
Parameters: 0.999999 -4.10747e-05 0.001245 4.09253e-05 1 6.0051e-05 -0.001245 -5.99489e-05 0.999999 -0.0122372 0.0735457 0.217852
FixedParameters: 0 0 0

#Transform 84
Transform: AffineTransform_float_3_3
Parameters: 0.999999 -0.00020242 0.000806894 0.000201579 1 0.000521163 -0.000807104 -0.000520836 0.999999 -0.000556065 0.0144248 0.151034
FixedParameters: 0 0 0

#Transform 85
Transform: AffineTransform_float_3_3
Parameters: 1 -0.000441331 0.00110687 0.00044167 1 0.000298489 -0.00110713 -0.000298512 1 -0.0209387 0.0322543 0.18528
FixedParameters: 0 0 0

#Transform 86
Transform: AffineTransform_float_3_3
Parameters: 0.999999 -0.000441837 0.00150175 0.000441163 0.999999 0.000557663 -0.00150225 -0.000557337 0.999998 -0.0321619 0.0368616 0.218016
FixedParameters: 0 0 0

#Transform 87
Transform: AffineTransform_float_3_3
Parameters: 0.999999 -0.000441475 0.00126483 0.000441525 1 0.000375559 -0.00126517 -0.000375442 0.999999 -0.0181386 0.043984 0.185599
FixedParameters: 0 0 0

#Transform 88
Transform: AffineTransform_float_3_3
Parameters: 0.999999 -0.000121802 0.00150193 0.000120198 1 0.000534181 -0.00150206 -0.000533817 0.999998 -0.0275772 0.0685361 0.215851
FixedParameters: 0 0 0

#Transform 89
Transform: AffineTransform_float_3_3
Parameters: 0.999999 -0.000214671 0.0015019 0.00021433 1 0.000446322 -0.0015021 -0.000446678 0.999999 -0.0345367 0.0819387 0.238887
FixedParameters: 0 0 0

#Transform 90
Transform: AffineTransform_float_3_3
Parameters: 0.999999 -0.00029679 0.00150184 0.000296209 1 0.000526445 -0.00150216 -0.000525555 0.999998 -0.0274351 0.0681672 0.249635
FixedParameters: 0 0 0

#Transform 91
Transform: AffineTransform_float_3_3
Parameters: 0.999998 0.0002256 0.00186929 -0.000227401 0.999999 0.00128458 -0.00186871 -0.00128442 0.999998 -0.042177 0.062715 0.238439
FixedParameters: 0 0 0

#Transform 92
Transform: AffineTransform_float_3_3
Parameters: 0.999998 0.000249503 0.00194432 -0.000251499 0.999999 0.00128451 -0.00194468 -0.00128449 0.999998 -0.0366104 0.0512465 0.18335
FixedParameters: 0 0 0

#Transform 93
Transform: AffineTransform_float_3_3
Parameters: 0.999998 0.000469492 0.00224453 -0.000472509 1 0.00111694 -0.00224447 -0.00111806 0.999997 -0.0569551 0.0676353 0.256883
FixedParameters: 0 0 0

#Transform 94
Transform: AffineTransform_float_3_3
Parameters: 0.999998 0.000186369 0.00204924 -0.000188634 0.999999 0.00128462 -0.00204976 -0.00128439 0.999997 -0.0386603 0.0726018 0.241661
FixedParameters: 0 0 0

#Transform 95
Transform: AffineTransform_float_3_3
Parameters: 0.999998 0.0004697 0.0021755 -0.0004723 1 0.00105698 -0.0021745 -0.00105802 0.999997 -0.0400504 0.0671679 0.242587
FixedParameters: 0 0 0

#Transform 96
Transform: AffineTransform_float_3_3
Parameters: 0.999998 0.000104674 0.00227611 -0.000107328 1 0.00102276 -0.00227589 -0.00102224 0.999997 -0.0352368 0.0579481 0.217309
FixedParameters: 0 0 0

#Transform 97
Transform: AffineTransform_float_3_3
Parameters: 0.999997 0.000189193 0.00218624 -0.000191808 0.999999 0.00128458 -0.00218575 -0.00128442 0.999997 -0.0389361 0.0559448 0.219691
FixedParameters: 0 0 0

#Transform 98
Transform: AffineTransform_float_3_3
Parameters: 0.999998 0.000470876 0.00224224 -0.000472124 1 0.000500943 -0.00224177 -0.000502057 0.999998 -0.0475848 0.0623765 0.203138
FixedParameters: 0 0 0

#Transform 99
Transform: AffineTransform_float_3_3
Parameters: 0.999998 0.000471108 0.00203821 -0.000472892 1 0.000437037 -0.00203879 -0.000437961 0.999998 -0.0465149 0.0540161 0.196278
FixedParameters: 0 0 0

#Transform 100
Transform: AffineTransform_float_3_3
Parameters: 0.999997 0.00047045 0.00230432 -0.000472549 0.999999 0.000671913 -0.00230368 -0.000673085 0.999997 -0.0577422 0.0289773 0.182154
FixedParameters: 0 0 0

#Transform 101
Transform: AffineTransform_float_3_3
Parameters: 0.999999 0.000471926 0.00174802 -0.000472075 1 4.21749e-05 -0.00174798 -4.2825e-05 0.999999 8.78241e-05 0.0190527 0.0238964
FixedParameters: 0 0 0

#Transform 102
Transform: AffineTransform_float_3_3
Parameters: 0.999999 0.000690045 -0.000323904 -0.000689955 1 0.000139223 0.000324096 -0.000138776 1 0.00714383 0.12712 0.122978
FixedParameters: 0 0 0

#Transform 103
Transform: AffineTransform_float_3_3
Parameters: 0.999998 0.001086 -0.00120109 -0.001085 0.999999 0.000835304 0.00120191 -0.000833696 0.999999 0.000442744 0.134734 0.249823
FixedParameters: 0 0 0

#Transform 104
Transform: AffineTransform_float_3_3
Parameters: 0.999999 0.00161856 -0.000905999 -0.00161744 0.999998 0.000619466 0.000907001 -0.000617533 1 -0.0151702 0.102628 0.244164
FixedParameters: 0 0 0

#Transform 105
Transform: AffineTransform_float_3_3
Parameters: 0.999999 0.00161788 -0.000654287 -0.00161812 0.999998 -0.000176941 0.000653713 0.000178058 1 -0.00140743 0.105714 0.0919576
FixedParameters: 0 0 0

#Transform 106
Transform: AffineTransform_float_3_3
Parameters: 0.999999 0.0016176 -0.000841764 -0.0016174 0.999998 -0.000471639 0.000841235 0.000473361 0.999999 -0.0174656 0.116946 0.0636166
FixedParameters: 0 0 0

#Transform 107
Transform: AffineTransform_float_3_3
Parameters: 0.999998 0.00186757 -0.00065922 -0.00186743 0.999998 -0.00065277 0.000658779 0.000654231 0.999999 -0.0248897 0.0575786 0.0366579
FixedParameters: 0 0 0

#Transform 108
Transform: AffineTransform_float_3_3
Parameters: 0.999995 0.0031298 -0.00031805 -0.0031312 0.999987 -0.00384902 0.000305949 0.00384997 0.999992 0.034149 0.0175336 -0.583329
FixedParameters: 0 0 0

#Transform 109
Transform: AffineTransform_float_3_3
Parameters: 0.999997 0.0024805 -0.000575152 -0.0024815 0.999996 -0.000866576 0.00057385 0.000867426 1 -0.0495302 0.11233 0.0257905
FixedParameters: 0 0 0

#Transform 110
Transform: AffineTransform_float_3_3
Parameters: 0.999997 0.00233103 -0.000833707 -0.00233197 0.999996 -0.00116006 0.000831293 0.00116194 0.999999 -0.0275318 0.128281 0.113566
FixedParameters: 0 0 0

#Transform 111
Transform: AffineTransform_float_3_3
Parameters: 0.999997 0.00233102 -0.000769964 -0.00233198 0.999997 -0.00127021 0.000767037 0.00127179 0.999999 -0.0300172 0.132455 0.134094
FixedParameters: 0 0 0

#Transform 112
Transform: AffineTransform_float_3_3
Parameters: 0.999997 0.00233078 -0.000959963 -0.00233222 0.999997 -0.00126977 0.000957036 0.00127223 0.999998 -0.0226236 0.13246 0.0956534
FixedParameters: 0 0 0

#Transform 113
Transform: AffineTransform_float_3_3
Parameters: 0.999997 0.00233106 -0.000769835 -0.00233193 0.999996 -0.00121521 0.000767165 0.00121679 0.999999 -0.0300165 0.112848 0.0748238
FixedParameters: 0 0 0

#Transform 114
Transform: AffineTransform_float_3_3
Parameters: 0.999996 0.00233071 -0.00112567 -0.00233229 0.999996 -0.00114338 0.00112333 0.00114662 0.999998 -0.0545968 0.0926828 0.105507
FixedParameters: 0 0 0

#Transform 115
Transform: AffineTransform_float_3_3
Parameters: 0.999995 0.00286863 -0.0014557 -0.00287037 0.999996 -0.000940826 0.00145229 0.000945171 0.999998 -0.0526282 0.0987746 0.104298
FixedParameters: 0 0 0

#Transform 116
Transform: AffineTransform_float_3_3
Parameters: 0.999995 0.00309766 -0.000270939 -0.00309834 0.999995 -0.00127117 0.000267061 0.00127183 0.999999 -0.0628326 0.0630005 0.0766997
FixedParameters: 0 0 0

#Transform 117
Transform: AffineTransform_float_3_3
Parameters: 0.999994 0.00327253 0.000415835 -0.00327147 0.999994 -0.00127337 -0.000420163 0.00127163 0.999999 -0.0742102 0.10225 0.0409554
FixedParameters: 0 0 0

#Transform 118
Transform: AffineTransform_float_3_3
Parameters: 0.999995 0.00304809 0.00082667 -0.00304791 0.999996 -0.00010952 -0.000826331 0.000107482 0.999999 -0.0696687 0.0426807 0.0900377
FixedParameters: 0 0 0

#Transform 119
Transform: AffineTransform_float_3_3
Parameters: 0.999992 0.00353996 0.00197186 -0.00354103 0.999993 0.000521022 -0.00197014 -0.000527978 0.999998 -0.123209 0.0382473 0.136595
FixedParameters: 0 0 0

#Transform 120
Transform: AffineTransform_float_3_3
Parameters: 0.999994 0.00354129 0.000909857 -0.00354071 0.999993 -0.000324223 -0.000911141 0.000320775 0.999999 -0.0933692 0.0959399 0.131416
FixedParameters: 0 0 0

#Transform 121
Transform: AffineTransform_float_3_3
Parameters: 0.999995 0.00307105 0.000540709 -0.00307095 0.999996 -9.5661e-05 -0.000541292 9.43381e-05 1 -0.0786716 0.0703775 0.109558
FixedParameters: 0 0 0

#Transform 122
Transform: AffineTransform_float_3_3
Parameters: 0.999995 0.00286042 0.000828543 -0.00285958 0.999996 -0.000510371 -0.000829457 0.000508629 0.999999 -0.0657889 0.0582895 0.128368
FixedParameters: 0 0 0

#Transform 123
Transform: AffineTransform_float_3_3
Parameters: 0.999996 0.0026717 0.00135864 -0.00267131 0.999997 -0.000511632 -0.00136036 0.000508368 0.999999 -0.0683741 0.075048 0.154832
FixedParameters: 0 0 0

#Transform 124
Transform: AffineTransform_float_3_3
Parameters: 0.999996 0.00267102 0.000999961 -0.00267099 0.999997 -1.56709e-05 -0.00100004 1.33289e-05 0.999999 -0.0787034 0.0515999 0.167094
FixedParameters: 0 0 0

#Transform 125
Transform: AffineTransform_float_3_3
Parameters: 0.999994 0.00325219 0.000999386 -0.00325181 0.999994 -0.000190251 -0.000999612 0.00018675 0.999999 -0.10076 0.0714116 0.153795
FixedParameters: 0 0 0

#Transform 126
Transform: AffineTransform_float_3_3
Parameters: 0.999997 0.00267196 0.000594705 -0.00267104 0.999995 -0.00160859 -0.000598296 0.00160741 0.999998 -0.0928624 0.101524 0.140017
FixedParameters: 0 0 0

#Transform 127
Transform: AffineTransform_float_3_3
Parameters: 0.999996 0.00280308 3.99179e-05 -0.00280292 0.999995 -0.00181312 -4.50816e-05 0.00181288 0.999999 -0.0937642 0.109988 0.148436
FixedParameters: 0 0 0

#Transform 128
Transform: AffineTransform_float_3_3
Parameters: 0.999995 0.00303406 0.000625901 -0.00303294 0.999994 -0.00168191 -0.0006311 0.00168009 0.999999 -0.0967752 0.0893182 0.143293
FixedParameters: 0 0 0

#Transform 129
Transform: AffineTransform_float_3_3
Parameters: 0.999995 0.00312858 0.000380293 -0.00312842 0.999994 -0.0015052 -0.000385707 0.0015038 0.999999 -0.10282 0.0839089 0.112812
FixedParameters: 0 0 0

#Transform 130
Transform: AffineTransform_float_3_3
Parameters: 0.999995 0.00318257 0.000380212 -0.00318142 0.999994 -0.00150522 -0.000385786 0.00150378 0.999999 -0.0874921 0.0774846 0.0908395
FixedParameters: 0 0 0

#Transform 131
Transform: AffineTransform_float_3_3
Parameters: 0.999995 0.00337019 0.000110439 -0.00336981 0.999993 -0.00165038 -0.00011656 0.00164962 0.999998 -0.0771255 0.0725079 0.0872188
FixedParameters: 0 0 0

#Transform 132
Transform: AffineTransform_float_3_3
Parameters: 0.999995 0.00328168 -0.00027975 -0.00328232 0.999994 -0.00114209 0.000275251 0.00114291 1 -0.0846018 0.0595805 0.0884095
FixedParameters: 0 0 0

#Transform 133
Transform: AffineTransform_float_3_3
Parameters: 0.999995 0.00298857 -0.00103803 -0.00299043 0.999993 -0.00234891 0.00103097 0.00235209 0.999996 -0.0538093 0.108163 0.0622959
FixedParameters: 0 0 0

#Transform 134
Transform: AffineTransform_float_3_3
Parameters: 0.999997 0.00249908 -0.00103806 -0.00250192 0.999993 -0.00282141 0.00103094 0.00282358 0.999995 -0.0104273 0.10701 0.0510106
FixedParameters: 0 0 0

#Transform 135
Transform: AffineTransform_float_3_3
Parameters: 0.999997 0.00240401 -0.000749405 -0.00240599 0.999994 -0.00266221 0.000742593 0.0026648 0.999996 -0.0261658 0.11765 0.0634997
FixedParameters: 0 0 0

#Transform 136
Transform: AffineTransform_float_3_3
Parameters: 0.999997 0.00229458 -0.000911114 -0.00229642 0.999994 -0.00266192 0.000904888 0.00266408 0.999996 -0.0123467 0.117206 0.100457
FixedParameters: 0 0 0

#Transform 137
Transform: AffineTransform_float_3_3
Parameters: 0.999996 0.00245015 -0.00145053 -0.00245385 0.999994 -0.00266045 0.00144347 0.00266455 0.999996 -0.0264337 0.120076 0.0963143
FixedParameters: 0 0 0

#Transform 138
Transform: AffineTransform_float_3_3
Parameters: 0.999996 0.00223876 -0.00170359 -0.00224224 0.999995 -0.00249019 0.00169842 0.00249381 0.999996 -0.0278475 0.110249 0.112371
FixedParameters: 0 0 0

#Transform 139
Transform: AffineTransform_float_3_3
Parameters: 0.999996 0.00223994 -0.00124253 -0.00224306 0.999994 -0.00246422 0.00123747 0.00246778 0.999996 -0.0236302 0.10932 0.078238
FixedParameters: 0 0 0

#Transform 140
Transform: AffineTransform_float_3_3
Parameters: 0.999996 0.00242471 -0.00136287 -0.00242829 0.999994 -0.0024157 0.00135713 0.0024193 0.999996 -0.0354043 0.092408 0.0948636
FixedParameters: 0 0 0

#Transform 141
Transform: AffineTransform_float_3_3
Parameters: 0.999995 0.00276079 -0.00153958 -0.00276522 0.999993 -0.00274276 0.00153241 0.00274725 0.999995 -0.028881 0.102601 0.0736535
FixedParameters: 0 0 0

#Transform 142
Transform: AffineTransform_float_3_3
Parameters: 0.999995 0.00261428 -0.00135718 -0.00261771 0.999993 -0.00274346 0.00134982 0.00274754 0.999996 -0.012837 0.0874418 0.0450645
FixedParameters: 0 0 0

#Transform 143
Transform: AffineTransform_float_3_3
Parameters: 0.999995 0.00285351 -0.000783109 -0.00285648 0.999991 -0.00318978 0.000773891 0.00319122 0.999994 -0.0276111 0.0758126 0.0199775
FixedParameters: 0 0 0

#Transform 144
Transform: AffineTransform_float_3_3
Parameters: 0.999995 0.0029527 -0.000103787 -0.0029533 0.999991 -0.00297571 9.52109e-05 0.00297629 0.999995 -0.0482943 0.0788248 0.0323876
FixedParameters: 0 0 0

#Transform 145
Transform: AffineTransform_float_3_3
Parameters: 0.999996 0.00286032 -0.000322103 -0.00286068 0.999993 -0.00213309 0.000315897 0.00213391 0.999997 -0.032403 0.0809495 0.0323287
FixedParameters: 0 0 0

#Transform 146
Transform: AffineTransform_float_3_3
Parameters: 0.999998 0.00224349 0.000226212 -0.00224251 0.999995 -0.00213451 -0.000230786 0.00213349 0.999997 -0.0357709 0.0866824 0.0495495
FixedParameters: 0 0 0

#Transform 147
Transform: AffineTransform_float_3_3
Parameters: 0.999996 0.00248099 0.00069647 -0.00248001 0.999996 -0.00142373 -0.00069953 0.00142227 0.999998 -0.0290452 0.056271 0.0597231
FixedParameters: 0 0 0

#Transform 148
Transform: AffineTransform_float_3_3
Parameters: 0.999998 0.00192215 0.000607384 -0.00192085 0.999997 -0.00188217 -0.000611615 0.00188083 0.999998 -0.0179123 0.0902519 0.0778777
FixedParameters: 0 0 0

#Transform 149
Transform: AffineTransform_float_3_3
Parameters: 0.999998 0.00224415 0.000608778 -0.00224285 0.999995 -0.00188237 -0.000613223 0.00188163 0.999998 -0.0113757 0.108803 0.101453
FixedParameters: 0 0 0

#Transform 150
Transform: AffineTransform_float_3_3
Parameters: 0.999997 0.00245229 0.00114525 -0.00245072 0.999997 -0.00112381 -0.00114775 0.00112019 0.999998 -0.0588763 0.0800817 0.135109
FixedParameters: 0 0 0

#Transform 151
Transform: AffineTransform_float_3_3
Parameters: 0.999997 0.00224394 0.000974835 -0.00224306 0.999997 -0.00096619 -0.000977165 0.00096381 0.999999 -0.0521552 0.0731005 0.108476
FixedParameters: 0 0 0

#Transform 152
Transform: AffineTransform_float_3_3
Parameters: 0.999996 0.00262171 0.000847822 -0.0026203 0.999996 -0.000832225 -0.000849178 0.000829777 1 -0.0475301 0.0695351 0.112352
FixedParameters: 0 0 0

#Transform 153
Transform: AffineTransform_float_3_3
Parameters: 0.999996 0.00265886 0.001146 -0.00265714 0.999996 -0.000753048 -0.001148 0.000749951 0.999999 -0.0640221 0.0665959 0.12441
FixedParameters: 0 0 0

#Transform 154
Transform: AffineTransform_float_3_3
Parameters: 0.999997 0.00224423 0.00101427 -0.00224277 0.999996 -0.00121628 -0.00101673 0.00121372 0.999998 -0.0416281 0.0829015 0.0974898
FixedParameters: 0 0 0

#Transform 155
Transform: AffineTransform_float_3_3
Parameters: 0.999995 0.00286684 0.000709614 -0.00286616 0.999995 -0.00118204 -0.000713385 0.00117996 0.999999 -0.0425026 0.0794931 0.111345
FixedParameters: 0 0 0

#Transform 156
Transform: AffineTransform_float_3_3
Parameters: 0.999995 0.00316164 0.00114623 -0.00316036 0.999995 -0.000560626 -0.00114776 0.000556374 0.999999 -0.0771433 0.0869189 0.128322
FixedParameters: 0 0 0

#Transform 157
Transform: AffineTransform_float_3_3
Parameters: 0.999995 0.00325718 0.000746237 -0.00325683 0.999994 -0.000235432 -0.000746765 0.000233569 0.999999 -0.0617918 0.0659207 0.0881318
FixedParameters: 0 0 0

#Transform 158
Transform: AffineTransform_float_3_3
Parameters: 0.999996 0.00301534 0.000453785 -0.00301567 0.999995 -0.000735372 -0.000456215 0.000733628 0.999999 -0.0790367 0.105053 0.144156
FixedParameters: 0 0 0

#Transform 159
Transform: AffineTransform_float_3_3
Parameters: 0.999996 0.00255585 -0.00011243 -0.00255615 0.999996 -0.00134172 0.000108572 0.00134128 0.999999 -0.0666354 0.151552 0.18669
FixedParameters: 0 0 0

#Transform 160
Transform: AffineTransform_float_3_3
Parameters: 0.99995 0.00586327 -0.00817708 -0.00592674 0.999952 -0.00779193 0.00813093 0.00784007 0.999936 0.0950658 0.360892 -0.221174
FixedParameters: 0 0 0

#Transform 161
Transform: AffineTransform_float_3_3
Parameters: 0.99998 0.00517672 -0.0038188 -0.00519228 0.999978 -0.00400125 0.0037982 0.00402174 0.999984 -0.0296868 0.190908 0.103916
FixedParameters: 0 0 0

#Transform 162
Transform: AffineTransform_float_3_3
Parameters: 0.999978 0.00517277 -0.00412424 -0.00519223 0.999975 -0.00466668 0.00409976 0.00468731 0.99998 0.00685494 0.215833 0.0377985
FixedParameters: 0 0 0

#Transform 163
Transform: AffineTransform_float_3_3
Parameters: 0.999972 0.00515595 -0.00543443 -0.00519206 0.999965 -0.00664097 0.00540057 0.00666904 0.999963 0.0457406 0.234891 -0.00613295
FixedParameters: 0 0 0

#Transform 164
Transform: AffineTransform_float_3_3
Parameters: 0.999998 -0.000261634 -0.0022095 0.000210355 0.999727 -0.0233365 0.00221551 0.0233365 0.999725 0.135238 0.327358 -0.404706
FixedParameters: 0 0 0

#Transform 165
Transform: AffineTransform_float_3_3
Parameters: 0.999999 -8.71668e-05 -0.000946828 5.8828e-05 0.999558 -0.0297081 0.000949166 0.0297079 0.999558 0.0290768 0.550652 -0.085218
FixedParameters: 0 0 0

#Transform 166
Transform: AffineTransform_float_3_3
Parameters: 1 -1.51024e-05 -0.000595812 -2.1078e-06 0.999588 -0.028694 0.000596185 0.028694 0.999588 0.00981376 0.498179 -0.0388455
FixedParameters: 0 0 0

#Transform 167
Transform: AffineTransform_float_3_3
Parameters: 0.999999 0.000128895 -0.000729838 -0.00014911 0.999618 -0.0276149 0.000726159 0.0276151 0.999619 0.013448 0.472609 -0.0745334
FixedParameters: 0 0 0

#Transform 168
Transform: AffineTransform_float_3_3
Parameters: 0.999999 0.000171558 -0.000704024 -0.000191441 0.999616 -0.0277089 0.000698963 0.0277091 0.999616 0.0124185 0.445399 -0.0752443
FixedParameters: 0 0 0

#Transform 169
Transform: AffineTransform_float_3_3
Parameters: 1 0.00021456 -0.00056115 -0.000230436 0.999618 -0.0276619 0.000554838 0.0276611 0.999617 0.0177775 0.42163 -0.0730466
FixedParameters: 0 0 0

#Transform 170
Transform: AffineTransform_float_3_3
Parameters: 1 0.00016463 -1.55885e-05 -0.000165381 0.999612 -0.027835 1.1401e-05 0.027835 0.999612 0.00832669 0.440302 -0.093705
FixedParameters: 0 0 0

#Transform 171
Transform: AffineTransform_float_3_3
Parameters: 1 0.000249125 -0.000359057 -0.000258873 0.999615 -0.0277699 0.000351947 0.0277701 0.999615 0.0217506 0.427563 -0.126336
FixedParameters: 0 0 0

#Transform 172
Transform: AffineTransform_float_3_3
Parameters: 1 0.000330196 -0.000183904 -0.000334807 0.999641 -0.0267659 0.000175101 0.026766 0.999641 0.00727837 0.434212 -0.107996
FixedParameters: 0 0 0

#Transform 173
Transform: AffineTransform_float_3_3
Parameters: 1 0.000214904 -0.000560028 -0.000230095 0.999633 -0.0270959 0.000553968 0.0270961 0.999632 0.0220058 0.449888 -0.0770764
FixedParameters: 0 0 0

#Transform 174
Transform: AffineTransform_float_3_3
Parameters: 0.999999 0.000476976 -0.00127386 -0.000510028 0.99966 -0.0260514 0.00126114 0.0260516 0.99966 0.0167293 0.445461 -0.047436
FixedParameters: 0 0 0

#Transform 175
Transform: AffineTransform_float_3_3
Parameters: 0.999998 0.000903511 -0.00188454 -0.000953501 0.999651 -0.0264273 0.00186045 0.0264287 0.999649 0.0399914 0.431585 -0.0652681
FixedParameters: 0 0 0

#Transform 176
Transform: AffineTransform_float_3_3
Parameters: 0.999999 0.00081594 -0.00132755 -0.000850072 0.999665 -0.0258619 0.00130645 0.0258621 0.999664 0.0344039 0.414563 -0.0795209
FixedParameters: 0 0 0

#Transform 177
Transform: AffineTransform_float_3_3
Parameters: 1 0.000209909 -0.000621667 -0.000226099 0.999662 -0.0259969 0.00061633 0.0259971 0.999662 0.0355476 0.405141 -0.0769767
FixedParameters: 0 0 0

#Transform 178
Transform: AffineTransform_float_3_3
Parameters: 1 0.000523351 0.000357687 -0.00051364 0.99967 -0.0256622 -0.000371304 0.0256628 0.99967 -0.00632959 0.377834 -0.114167
FixedParameters: 0 0 0

#Transform 179
Transform: AffineTransform_float_3_3
Parameters: 1 0.000474515 -0.000224007 -0.000479485 0.999684 -0.0251549 0.000212005 0.0251551 0.999683 -0.00784909 0.370292 -0.0995248
FixedParameters: 0 0 0
