#Insight Transform File V1.0
#Transform 0
Transform: AffineTransform_float_3_3
Parameters: 0.999998 -0.002282 5.49962e-07 0.002282 0.999998 -0.000240999 -4.50035e-07 0.000241002 1 0.0815418 0.0266634 0.734864
FixedParameters: 0 0 0

#Transform 1
Transform: AffineTransform_float_3_3
Parameters: 0.999999 -0.001755 -1.2636e-06 0.001755 0.999998 0.000719999 -2.63602e-07 -0.000720001 0.999999 0.0715101 0.0309673 0.679168
FixedParameters: 0 0 0

#Transform 2
Transform: AffineTransform_float_3_3
Parameters: 0.999998 -0.002084 -1.84851e-06 0.002084 0.999998 0.000886998 1.51486e-07 -0.000887002 0.999999 0.0750412 0.0219674 0.667125
FixedParameters: 0 0 0

#Transform 3
Transform: AffineTransform_float_3_3
Parameters: 0.999997 -0.00240255 0.000614868 0.00240145 0.999996 0.000888479 -0.000616134 -0.000887523 1 0.104533 0.033029 0.649721
FixedParameters: 0 0 0

#Transform 4
Transform: AffineTransform_float_3_3
Parameters: 0.999998 -0.00195959 0.000615134 0.00195841 0.999997 0.000953207 -0.000616866 -0.000951793 1 0.0996622 0.0345665 0.608453
FixedParameters: 0 0 0

#Transform 5
Transform: AffineTransform_float_3_3
Parameters: 0.999998 -0.00203274 0.00103855 0.00203226 0.999997 0.000714112 -0.00104045 -0.000711887 0.999999 0.0943332 0.0155993 0.586232
FixedParameters: 0 0 0

#Transform 6
Transform: AffineTransform_float_3_3
Parameters: 0.999998 -0.00182766 0.00103885 0.00182734 0.999998 0.0006329 -0.00104016 -0.000631101 1 0.0758383 0.0338831 0.524719
FixedParameters: 0 0 0

#Transform 7
Transform: AffineTransform_float_3_3
Parameters: 0.999997 -0.00210886 0.00103827 0.00210715 0.999998 0.000823191 -0.00103973 -0.00082081 0.999999 0.104611 0.00869019 0.508137
FixedParameters: 0 0 0

#Transform 8
Transform: AffineTransform_float_3_3
Parameters: 0.999997 -0.00190932 0.00103942 0.00190868 0.999998 0.000304985 -0.00104058 -0.000303014 1 0.0948027 0.0159958 0.473725
FixedParameters: 0 0 0

#Transform 9
Transform: AffineTransform_float_3_3
Parameters: 0.999997 -0.00244462 0.00103854 0.00244438 0.999997 0.000598541 -0.00104046 -0.000596459 1 0.127103 0.0318874 0.521823
FixedParameters: 0 0 0

#Transform 10
Transform: AffineTransform_float_3_3
Parameters: 0.999997 -0.00265397 0.000634946 0.00265303 0.999996 0.00152869 -0.000639052 -0.00152631 0.999998 0.110494 0.00868982 0.526481
FixedParameters: 0 0 0

#Transform 11
Transform: AffineTransform_float_3_3
Parameters: 0.999998 -0.00200043 0.00103918 0.00199958 0.999998 0.000410079 -0.00103982 -0.000407921 1 0.0801993 0.00457982 0.425293
FixedParameters: 0 0 0

#Transform 12
Transform: AffineTransform_float_3_3
Parameters: 1 -0.000901706 0.000637003 0.000901295 0.999999 0.00110657 -0.000637998 -0.00110643 0.999999 0.051624 0.0121728 0.342387
FixedParameters: 0 0 0

#Transform 13
Transform: AffineTransform_float_3_3
Parameters: 0.999999 -0.00175671 0.000638057 0.00175629 0.999998 0.00110712 -0.000639944 -0.00110588 0.999999 0.0427613 -0.00506365 0.346185
FixedParameters: 0 0 0

#Transform 14
Transform: AffineTransform_float_3_3
Parameters: 0.999999 -0.0010747 0.00091218 0.0010743 0.999999 0.000763981 -0.000912821 -0.00076302 1 0.047352 0.0345243 0.305564
FixedParameters: 0 0 0

#Transform 15
Transform: AffineTransform_float_3_3
Parameters: 0.999999 -0.000745728 0.00103948 0.000745273 1 0.000699776 -0.00104052 -0.000699225 0.999999 0.0491753 0.0149397 0.230934
FixedParameters: 0 0 0

#Transform 16
Transform: AffineTransform_float_3_3
Parameters: 0.999998 -0.00127156 0.00141059 0.00126944 0.999998 0.00110779 -0.00141241 -0.00110621 0.999999 0.053675 -0.00487897 0.19117
FixedParameters: 0 0 0

#Transform 17
Transform: AffineTransform_float_3_3
Parameters: 0.999999 -0.00109814 0.000757804 0.00109787 1 0.000178832 -0.000758196 -0.000178168 0.999999 0.0405157 0.0277144 0.189154
FixedParameters: 0 0 0

#Transform 18
Transform: AffineTransform_float_3_3
Parameters: 0.999999 -0.00123573 0.000639523 0.00123527 0.999999 -0.00042321 -0.000639476 0.000424791 0.999999 0.0368421 0.0122549 0.119793
FixedParameters: 0 0 0

#Transform 19
Transform: AffineTransform_float_3_3
Parameters: 1 -0.000505082 0.000180771 0.000504918 1 0.000453091 -0.000181229 -0.000452908 1 0.0246728 -0.00477226 0.0812087
FixedParameters: 0 0 0

#Transform 20
Transform: AffineTransform_float_3_3
Parameters: 1 -0.000204031 0.000244974 0.000203969 1 0.00012705 -0.000245026 -0.00012695 1 -0.00494801 0.00579335 0.00949382
FixedParameters: 0 0 0

#Transform 21
Transform: AffineTransform_float_3_3
Parameters: 1 5.70875e-05 -0.000225978 -5.69125e-05 1 0.000387013 0.000226022 -0.000386987 1 0.0147576 -0.00419415 0.0277166
FixedParameters: 0 0 0

#Transform 22
Transform: AffineTransform_float_3_3
Parameters: 1 0.000235148 -0.000449922 -0.000234851 1 0.000330106 0.000450077 -0.000329894 1 0.0259431 0.0146862 0.0123154
FixedParameters: 0 0 0

#Transform 23
Transform: AffineTransform_float_3_3
Parameters: 0.999999 0.0006993 -0.000664683 -0.000699698 0.999999 0.000453465 0.000665316 -0.000452535 0.999999 0.00593922 0.00535625 0.0138908
FixedParameters: 0 0 0

#Transform 24
Transform: AffineTransform_float_3_3
Parameters: 0.999999 0.000669293 -0.00111343 -0.000669707 0.999999 -0.000635255 0.00111258 0.000635745 0.999999 -0.00809073 0.0319747 0.0190286
FixedParameters: 0 0 0

#Transform 25
Transform: AffineTransform_float_3_3
Parameters: 0.999999 0.000880177 -0.0016249 -0.000879823 0.999999 0.00010943 0.0016251 -0.00010857 0.999998 0.0199782 0.0382509 0.0694211
FixedParameters: 0 0 0

#Transform 26
Transform: AffineTransform_float_3_3
Parameters: 0.999997 0.00206862 -0.00170325 -0.00206738 0.999998 0.000365522 0.00170375 -0.000361477 0.999998 0.00585936 0.0387707 0.0095316
FixedParameters: 0 0 0

#Transform 27
Transform: AffineTransform_float_3_3
Parameters: 0.999996 0.0020682 -0.00182177 -0.0020678 0.999998 0.000111768 0.00182223 -0.000108232 0.999999 -0.0131643 0.0160892 -0.0465932
FixedParameters: 0 0 0

#Transform 28
Transform: AffineTransform_float_3_3
Parameters: 0.999995 0.00226971 -0.00212331 -0.00226929 0.999998 -0.000132182 0.00212269 0.000137819 0.999997 -0.0157872 0.0195123 -0.0807069
FixedParameters: 0 0 0

#Transform 29
Transform: AffineTransform_float_3_3
Parameters: 0.999997 0.00175704 -0.00206767 -0.00175897 0.999998 -0.000949367 0.00206533 0.000952633 0.999998 -0.0211403 0.0318181 -0.00232285
FixedParameters: 0 0 0

#Transform 30
Transform: AffineTransform_float_3_3
Parameters: 0.999996 0.00161777 -0.00206775 -0.00162023 0.999998 -0.00107665 0.00206625 0.00107935 0.999998 -0.0105014 0.0336931 0.0654236
FixedParameters: 0 0 0

#Transform 31
Transform: AffineTransform_float_3_3
Parameters: 0.999998 0.00161696 -0.00162104 -0.00162004 0.999997 -0.00187638 0.00161796 0.00187962 0.999997 -0.0111774 0.0454392 -0.00316243
FixedParameters: 0 0 0

#Transform 32
Transform: AffineTransform_float_3_3
Parameters: 0.999997 0.00161708 -0.00143929 -0.00161992 0.999996 -0.00203167 0.00143571 0.00203433 0.999997 -0.0298089 0.0413262 -0.0742006
FixedParameters: 0 0 0

#Transform 33
Transform: AffineTransform_float_3_3
Parameters: 0.999997 0.00194916 -0.00147078 -0.00195184 0.999996 -0.00193514 0.00146622 0.00193786 0.999997 -0.0496141 0.0294039 -0.112365
FixedParameters: 0 0 0

#Transform 34
Transform: AffineTransform_float_3_3
Parameters: 0.999996 0.00241142 -0.00184569 -0.00241459 0.999995 -0.00194155 0.00184131 0.00194545 0.999997 -0.0521329 0.026843 -0.0843532
FixedParameters: 0 0 0

#Transform 35
Transform: AffineTransform_float_3_3
Parameters: 0.999995 0.0023131 -0.00184715 -0.0023179 0.999994 -0.00265473 0.00184085 0.00265827 0.999995 -0.0199585 0.0506251 -0.0628052
FixedParameters: 0 0 0

#Transform 36
Transform: AffineTransform_float_3_3
Parameters: 0.999996 0.00208503 -0.00150153 -0.00208898 0.999995 -0.00264987 0.00149647 0.00265313 0.999996 -0.0224591 0.0227796 -0.099367
FixedParameters: 0 0 0

#Transform 37
Transform: AffineTransform_float_3_3
Parameters: 0.999996 0.0023372 -0.00122626 -0.0023408 0.999993 -0.00310314 0.00121974 0.00310586 0.999995 -0.0361058 0.0256036 -0.132528
FixedParameters: 0 0 0

#Transform 38
Transform: AffineTransform_float_3_3
Parameters: 0.999994 0.00308812 -0.00170786 -0.00309288 0.999991 -0.00286373 0.00169914 0.00286926 0.999994 -0.0495957 0.0253601 -0.156202
FixedParameters: 0 0 0

#Transform 39
Transform: AffineTransform_float_3_3
Parameters: 0.999994 0.00289621 -0.00190683 -0.00290279 0.999991 -0.00304248 0.00189817 0.00304751 0.999993 -0.0626532 0.0203211 -0.193366
FixedParameters: 0 0 0

#Transform 40
Transform: AffineTransform_float_3_3
Parameters: 0.999996 0.00231729 -0.00164167 -0.00232171 0.999993 -0.0028722 0.00163433 0.0028768 0.999994 -0.0601504 0.0171045 -0.276132
FixedParameters: 0 0 0

#Transform 41
Transform: AffineTransform_float_3_3
Parameters: 0.999997 0.00209691 -0.00164152 -0.00210208 0.999993 -0.00310256 0.00163448 0.00310644 0.999994 -0.0416361 0.0235582 -0.187744
FixedParameters: 0 0 0

#Transform 42
Transform: AffineTransform_float_3_3
Parameters: 0.999997 0.00186346 -0.00164018 -0.00186855 0.999995 -0.00277394 0.00163482 0.00277706 0.999995 -0.0376638 0.0347887 -0.132013
FixedParameters: 0 0 0

#Transform 43
Transform: AffineTransform_float_3_3
Parameters: 0.999995 0.00185745 -0.00256368 -0.00186755 0.99999 -0.00411823 0.00255633 0.00412277 0.999988 -0.0131614 0.0318996 -0.161101
FixedParameters: 0 0 0

#Transform 44
Transform: AffineTransform_float_3_3
Parameters: 0.999993 0.00228778 -0.00293998 -0.00229722 0.999992 -0.00347627 0.00293202 0.00348373 0.999989 -0.0985905 0.0695605 -0.138553
FixedParameters: 0 0 0

#Transform 45
Transform: AffineTransform_float_3_3
Parameters: 0.999993 0.00142136 -0.00350357 -0.00143564 0.999992 -0.003894 0.00349743 0.003899 0.999987 -0.0715311 0.0552998 -0.0885548
FixedParameters: 0 0 0

#Transform 46
Transform: AffineTransform_float_3_3
Parameters: 0.999992 0.00177571 -0.00352523 -0.00178929 0.99999 -0.00405472 0.00351777 0.00406128 0.999985 -0.0872254 0.0570795 -0.129755
FixedParameters: 0 0 0

#Transform 47
Transform: AffineTransform_float_3_3
Parameters: 0.999993 0.0014201 -0.00328847 -0.0014359 0.999988 -0.00453331 0.00328152 0.00453869 0.999985 -0.0779105 0.0373415 -0.135284
FixedParameters: 0 0 0

#Transform 48
Transform: AffineTransform_float_3_3
Parameters: 0.999996 0.00101181 -0.00236252 -0.00102019 0.999994 -0.0034686 0.00235847 0.0034704 0.999991 -0.0315973 0.0343436 -0.169286
FixedParameters: 0 0 0

#Transform 49
Transform: AffineTransform_float_3_3
Parameters: 0.999996 0.00100951 -0.00258512 -0.00101949 0.999991 -0.00405838 0.00258188 0.00406162 0.999989 -0.0282834 0.0429829 -0.155187
FixedParameters: 0 0 0

#Transform 50
Transform: AffineTransform_float_3_3
Parameters: 0.999996 0.000510265 -0.00272565 -0.000518735 0.999994 -0.0032046 0.00272435 0.0032064 0.999991 -0.0210377 0.0491078 -0.0605628
FixedParameters: 0 0 0

#Transform 51
Transform: AffineTransform_float_3_3
Parameters: 0.999995 0.00149379 -0.00274693 -0.00150021 0.999996 -0.00262589 0.00274307 0.00263011 0.999993 -0.0672175 0.065777 -0.0419923
FixedParameters: 0 0 0

#Transform 52
Transform: AffineTransform_float_3_3
Parameters: 0.999993 0.00147432 -0.00344402 -0.00148568 0.999993 -0.00339091 0.00343898 0.0033961 0.999989 -0.0568196 0.0424803 -0.132851
FixedParameters: 0 0 0

#Transform 53
Transform: AffineTransform_float_3_3
Parameters: 0.999995 0.00147544 -0.00303117 -0.00148557 0.999993 -0.00348652 0.00302684 0.00349049 0.99999 -0.0630213 0.0374705 -0.0519287
FixedParameters: 0 0 0

#Transform 54
Transform: AffineTransform_float_3_3
Parameters: 0.999995 0.00147841 -0.0025564 -0.00148559 0.999995 -0.00296922 0.0025516 0.00297279 0.999993 -0.056024 0.0664906 -0.0515679
FixedParameters: 0 0 0

#Transform 55
Transform: AffineTransform_float_3_3
Parameters: 0.999993 0.00147687 -0.00363672 -0.00148513 0.999995 -0.00250962 0.00363328 0.00251539 0.99999 -0.0542845 0.0599623 -0.029054
FixedParameters: 0 0 0

#Transform 56
Transform: AffineTransform_float_3_3
Parameters: 0.999993 0.00195824 -0.00320498 -0.00196776 0.999994 -0.00304472 0.00319902 0.00305129 0.99999 -0.0656847 0.0672666 -0.0899028
FixedParameters: 0 0 0

#Transform 57
Transform: AffineTransform_float_3_3
Parameters: 0.999992 0.00205142 -0.00364285 -0.00205958 0.999995 -0.00235352 0.00363816 0.00236048 0.99999 -0.0664896 0.0343357 -0.17853
FixedParameters: 0 0 0

#Transform 58
Transform: AffineTransform_float_3_3
Parameters: 0.999994 0.00178878 -0.00320417 -0.00179822 0.999994 -0.00287726 0.00319883 0.00288374 0.99999 -0.071529 0.0252897 -0.212394
FixedParameters: 0 0 0

#Transform 59
Transform: AffineTransform_float_3_3
Parameters: 0.99999 0.00247067 -0.00370292 -0.00248133 0.999993 -0.00278884 0.00369609 0.00279716 0.99999 -0.0823556 0.0349701 -0.212165
FixedParameters: 0 0 0

#Transform 60
Transform: AffineTransform_float_3_3
Parameters: 0.999994 0.00224508 -0.00260684 -0.00225292 0.999993 -0.00304014 0.00260016 0.00304586 0.999992 -0.0668814 0.0244017 -0.183956
FixedParameters: 0 0 0

#Transform 61
Transform: AffineTransform_float_3_3
Parameters: 0.999995 0.00254014 -0.00214876 -0.00254586 0.999994 -0.00226254 0.00214324 0.00226846 0.999995 -0.0509716 0.0406046 -0.18956
FixedParameters: 0 0 0

#Transform 62
Transform: AffineTransform_float_3_3
Parameters: 0.999992 0.00276888 -0.00261443 -0.00277412 0.999994 -0.00195476 0.00260957 0.00196224 0.999994 -0.0719206 0.0359765 -0.178579
FixedParameters: 0 0 0

#Transform 63
Transform: AffineTransform_float_3_3
Parameters: 0.99999 0.00333113 -0.00300463 -0.00333887 0.999992 -0.00228299 0.00299737 0.00229301 0.999993 -0.0944626 0.0404598 -0.239886
FixedParameters: 0 0 0

#Transform 64
Transform: AffineTransform_float_3_3
Parameters: 0.999989 0.00319064 -0.00322928 -0.00319835 0.999993 -0.0022747 0.00322172 0.0022853 0.999992 -0.0897205 0.0404673 -0.258567
FixedParameters: 0 0 0

#Transform 65
Transform: AffineTransform_float_3_3
Parameters: 0.999989 0.00332989 -0.00309965 -0.0033371 0.999992 -0.00228968 0.00309135 0.00230032 0.999992 -0.117835 0.0659201 -0.286777
FixedParameters: 0 0 0

#Transform 66
Transform: AffineTransform_float_3_3
Parameters: 0.99999 0.00291633 -0.00335169 -0.00292367 0.999993 -0.00228622 0.00334531 0.00229578 0.999992 -0.0966811 0.0410136 -0.26627
FixedParameters: 0 0 0

#Transform 67
Transform: AffineTransform_float_3_3
Parameters: 0.999992 0.00250557 -0.00327639 -0.00250943 0.999996 -0.00134779 0.00327261 0.00135621 0.999993 -0.0793485 0.0435665 -0.241488
FixedParameters: 0 0 0

#Transform 68
Transform: AffineTransform_float_3_3
Parameters: 0.999989 0.00286042 -0.00352672 -0.00286458 0.999995 -0.00129491 0.00352228 0.00130509 0.999993 -0.0737916 0.0392906 -0.211586
FixedParameters: 0 0 0

#Transform 69
Transform: AffineTransform_float_3_3
Parameters: 0.999991 0.00286446 -0.00327873 -0.00287054 0.999994 -0.00199261 0.00327228 0.00200139 0.999992 -0.0561665 0.0358646 -0.209356
FixedParameters: 0 0 0

#Transform 70
Transform: AffineTransform_float_3_3
Parameters: 0.999995 0.00206601 -0.00260197 -0.00207099 0.999996 -0.00191562 0.00259803 0.00192138 0.999995 -0.0323848 0.035313 -0.14644
FixedParameters: 0 0 0

#Transform 71
Transform: AffineTransform_float_3_3
Parameters: 0.999993 0.00206629 -0.00306018 -0.00207071 0.999996 -0.00153567 0.00305682 0.00154233 0.999994 -0.0257678 0.0423489 -0.137211
FixedParameters: 0 0 0

#Transform 72
Transform: AffineTransform_float_3_3
Parameters: 0.999993 0.00206629 -0.00306018 -0.00207071 0.999996 -0.00153567 0.00305682 0.00154233 0.999994 -0.00916827 0.0346194 -0.148147
FixedParameters: 0 0 0

#Transform 73
Transform: AffineTransform_float_3_3
Parameters: 0.999993 0.00206629 -0.00306018 -0.00207071 0.999996 -0.00153567 0.00305682 0.00154233 0.999994 -0.00555549 0.0594388 -0.0772758
FixedParameters: 0 0 0

#Transform 74
Transform: AffineTransform_float_3_3
Parameters: 0.999994 0.00192813 -0.00305945 -0.00193187 0.999998 -0.0012631 0.00305656 0.0012689 0.999995 -0.000870771 0.0554585 -0.0535756
FixedParameters: 0 0 0

#Transform 75
Transform: AffineTransform_float_3_3
Parameters: 0.999994 0.00195729 -0.00306002 -0.00196171 0.999997 -0.00153601 0.00305699 0.00154199 0.999994 -0.00771631 0.0594615 -0.023948
FixedParameters: 0 0 0

#Transform 76
Transform: AffineTransform_float_3_3
Parameters: 0.999991 0.0022679 -0.00342505 -0.0022711 0.999997 -0.000901229 0.00342294 0.00090877 0.999993 0.000401587 0.049784 0.0128797
FixedParameters: 0 0 0

#Transform 77
Transform: AffineTransform_float_3_3
Parameters: 0.999994 0.00166292 -0.00305868 -0.00166608 0.999998 -0.00100491 0.00305732 0.00101009 0.999995 0.0127336 0.0518074 0.01146
FixedParameters: 0 0 0

#Transform 78
Transform: AffineTransform_float_3_3
Parameters: 0.999992 0.001214 -0.00367233 -0.001215 0.999999 -0.00026954 0.00367167 0.00027346 0.999993 -0.00823641 0.0639004 -0.0758894
FixedParameters: 0 0 0

#Transform 79
Transform: AffineTransform_float_3_3
Parameters: 0.999996 0.000724469 -0.00296037 -0.00072653 0.999999 -0.000515851 0.00295962 0.000518146 0.999995 0.00604387 0.0667245 -0.00319289
FixedParameters: 0 0 0

#Transform 80
Transform: AffineTransform_float_3_3
Parameters: 0.999994 0.00166947 -0.00296086 -0.00167153 0.999998 -0.000513053 0.00295914 0.000517943 0.999995 -0.0235574 0.060592 -0.0781953
FixedParameters: 0 0 0

#Transform 81
Transform: AffineTransform_float_3_3
Parameters: 0.999995 0.00209662 -0.00204247 -0.00210038 0.999997 -0.00165272 0.00203852 0.00165728 0.999996 -0.0243064 0.0715052 -0.137789
FixedParameters: 0 0 0

#Transform 82
Transform: AffineTransform_float_3_3
Parameters: 0.999995 0.001772 -0.00241793 -0.001776 0.999997 -0.00165271 0.00241506 0.00165729 0.999995 -0.0325171 0.0652938 -0.12109
FixedParameters: 0 0 0

#Transform 83
Transform: AffineTransform_float_3_3
Parameters: 0.999996 0.00212237 -0.00219452 -0.00212563 0.999997 -0.00165234 0.00219149 0.00165766 0.999996 -0.0189384 0.0705602 -0.121286
FixedParameters: 0 0 0

#Transform 84
Transform: AffineTransform_float_3_3
Parameters: 0.999995 0.00234398 -0.00243088 -0.00234802 0.999996 -0.0016513 0.00242712 0.0016577 0.999995 -0.0304122 0.0833035 -0.187324
FixedParameters: 0 0 0

#Transform 85
Transform: AffineTransform_float_3_3
Parameters: 0.999996 0.00147272 -0.00270334 -0.00147728 0.999997 -0.00158301 0.00270166 0.00158699 0.999995 -0.0221408 0.050715 -0.0979064
FixedParameters: 0 0 0

#Transform 86
Transform: AffineTransform_float_3_3
Parameters: 0.999995 0.00121694 -0.00270418 -0.00122406 0.999996 -0.0026087 0.00270181 0.0026123 0.999993 -0.0193888 0.0658547 -0.111974
FixedParameters: 0 0 0

#Transform 87
Transform: AffineTransform_float_3_3
Parameters: 0.999992 0.00200028 -0.00327173 -0.00200772 0.999995 -0.00235945 0.00326726 0.00236555 0.999992 -0.0625771 0.0467946 -0.155039
FixedParameters: 0 0 0

#Transform 88
Transform: AffineTransform_float_3_3
Parameters: 0.999988 0.00215402 -0.00440083 -0.00217398 0.999988 -0.00453949 0.00439117 0.00454951 0.99998 -0.0499465 0.0690909 -0.159086
FixedParameters: 0 0 0

#Transform 89
Transform: AffineTransform_float_3_3
Parameters: 0.999989 0.0021765 -0.00429439 -0.00219151 0.999992 -0.00337663 0.00428762 0.00338537 0.999985 -0.0460577 0.0760188 -0.126831
FixedParameters: 0 0 0

#Transform 90
Transform: AffineTransform_float_3_3
Parameters: 0.999987 0.00244542 -0.00442265 -0.00246158 0.999991 -0.00352116 0.00441335 0.00353184 0.999984 -0.0683148 0.0779703 -0.128533
FixedParameters: 0 0 0

#Transform 91
Transform: AffineTransform_float_3_3
Parameters: 0.999984 0.00267687 -0.00498478 -0.00269513 0.99999 -0.00363362 0.00497422 0.00364737 0.999981 -0.0393941 0.0622234 -0.0660889
FixedParameters: 0 0 0

#Transform 92
Transform: AffineTransform_float_3_3
Parameters: 0.999982 0.00335441 -0.00498417 -0.00336759 0.99999 -0.00272126 0.00497483 0.00273774 0.999984 -0.0403087 0.0728062 -0.0135136
FixedParameters: 0 0 0

#Transform 93
Transform: AffineTransform_float_3_3
Parameters: 0.999987 0.00252554 -0.00454595 -0.00253846 0.999993 -0.0027375 0.00453905 0.0027495 0.999986 -0.046365 0.0664822 -0.12877
FixedParameters: 0 0 0

#Transform 94
Transform: AffineTransform_float_3_3
Parameters: 0.999987 0.00365947 -0.00371038 -0.00367552 0.999984 -0.00418642 0.00369462 0.00419958 0.999985 -0.0948346 0.0634936 -0.269653
FixedParameters: 0 0 0

#Transform 95
Transform: AffineTransform_float_3_3
Parameters: 0.999988 0.00346639 -0.00325157 -0.00348061 0.999985 -0.00418873 0.00323743 0.00420027 0.999986 -0.108831 0.0847043 -0.250689
FixedParameters: 0 0 0

#Transform 96
Transform: AffineTransform_float_3_3
Parameters: 0.999989 0.00204252 -0.0040474 -0.00206248 0.999985 -0.0050617 0.0040376 0.0050703 0.999979 -0.0849238 0.061382 -0.244537
FixedParameters: 0 0 0

#Transform 97
Transform: AffineTransform_float_3_3
Parameters: 0.999988 0.00227374 -0.00450628 -0.00229427 0.999988 -0.00449672 0.00449672 0.00450728 0.999979 -0.079334 0.0587504 -0.214171
FixedParameters: 0 0 0

#Transform 98
Transform: AffineTransform_float_3_3
Parameters: 0.99999 0.00222771 -0.00387757 -0.0022463 0.999987 -0.00472034 0.00386743 0.00472867 0.999982 -0.0477403 0.0715314 -0.216945
FixedParameters: 0 0 0

#Transform 99
Transform: AffineTransform_float_3_3
Parameters: 0.999993 0.00204663 -0.00319953 -0.00206237 0.999985 -0.00512244 0.00318947 0.00512856 0.999982 -0.0463532 0.0517226 -0.274236
FixedParameters: 0 0 0

#Transform 100
Transform: AffineTransform_float_3_3
Parameters: 0.999995 0.00205176 -0.00241062 -0.00206325 0.999987 -0.00467105 0.00240138 0.00467595 0.999986 -0.0415706 0.076436 -0.209647
FixedParameters: 0 0 0

#Transform 101
Transform: AffineTransform_float_3_3
Parameters: 0.999995 0.00154394 -0.00253354 -0.00155306 0.999993 -0.00357608 0.00252846 0.00357992 0.999991 -0.022236 0.0616324 -0.312451
FixedParameters: 0 0 0

#Transform 102
Transform: AffineTransform_float_3_3
Parameters: 0.999997 9.39487e-05 -0.00252835 -0.000103053 0.999993 -0.00357975 0.00252865 0.00358025 0.999991 0.0107423 0.0207973 -0.139926
FixedParameters: 0 0 0

#Transform 103
Transform: AffineTransform_float_3_3
Parameters: 0.999996 0.000720402 -0.00253162 -0.000733601 0.999988 -0.00497916 0.00252838 0.00498084 0.999985 -0.0192989 0.0640107 -0.0747475
FixedParameters: 0 0 0

#Transform 104
Transform: AffineTransform_float_3_3
Parameters: 0.999996 0.000595475 -0.00294598 -0.000610526 0.999987 -0.00493222 0.00294303 0.00493378 0.999984 -0.0156688 0.0724406 -0.0196539
FixedParameters: 0 0 0

#Transform 105
Transform: AffineTransform_float_3_3
Parameters: 0.999996 0.000595799 -0.00282204 -0.000610199 0.999987 -0.0050333 0.00281896 0.0050357 0.999984 -0.0346815 0.0533398 -0.18836
FixedParameters: 0 0 0

#Transform 106
Transform: AffineTransform_float_3_3
Parameters: 0.999997 0.00010139 -0.0027055 -0.000113607 0.999989 -0.00466071 0.0027045 0.00466129 0.999985 -0.0551326 0.0675142 -0.312195
FixedParameters: 0 0 0

#Transform 107
Transform: AffineTransform_float_3_3
Parameters: 0.999995 0.000103941 -0.00319734 -0.000114057 0.999995 -0.00314565 0.00319666 0.00314635 0.99999 -0.0236091 0.0451621 -0.230346
FixedParameters: 0 0 0

#Transform 108
Transform: AffineTransform_float_3_3
Parameters: 0.999995 9.97544e-05 -0.00319848 -0.000114242 0.99999 -0.00445366 0.00319752 0.00445434 0.999985 -0.0163637 0.0640389 -0.228454
FixedParameters: 0 0 0

#Transform 109
Transform: AffineTransform_float_3_3
Parameters: 0.999995 9.81812e-05 -0.00314254 -0.00011382 0.999988 -0.00503367 0.00314247 0.00503434 0.999983 -0.0162215 0.0459331 -0.234846
FixedParameters: 0 0 0

#Transform 110
Transform: AffineTransform_float_3_3
Parameters: 0.999991 2.32192e-05 -0.00437424 -5.17786e-05 0.99998 -0.00635083 0.00437376 0.00635116 0.999971 -0.00533802 0.0506909 -0.355995
FixedParameters: 0 0 0

#Transform 111
Transform: AffineTransform_float_3_3
Parameters: 0.999981 8.47978e-05 -0.00628247 -0.000114202 0.999989 -0.00464838 0.00628154 0.00464863 0.99997 -0.0747187 0.0215502 -0.383114
FixedParameters: 0 0 0

#Transform 112
Transform: AffineTransform_float_3_3
Parameters: 0.999981 -0.000494694 -0.00622827 0.000458309 0.999984 -0.00573097 0.00623073 0.00572803 0.999964 -0.0494623 0.036217 -0.356032
FixedParameters: 0 0 0

#Transform 113
Transform: AffineTransform_float_3_3
Parameters: 0.999987 2.42064e-05 -0.00522323 -5.37913e-05 0.999983 -0.0057038 0.00522278 0.0057042 0.99997 -0.0504226 0.0560199 -0.35427
FixedParameters: 0 0 0

#Transform 114
Transform: AffineTransform_float_3_3
Parameters: 0.999985 0.000622479 -0.00544098 -0.000647518 0.999989 -0.00468955 0.00543802 0.00469346 0.999974 -0.029167 0.0497669 -0.279285
FixedParameters: 0 0 0

#Transform 115
Transform: AffineTransform_float_3_3
Parameters: 0.999988 0.000804462 -0.00484063 -0.000826539 0.99999 -0.00444905 0.00483737 0.00445295 0.999979 -0.0799731 0.0460656 -0.277476
FixedParameters: 0 0 0

#Transform 116
Transform: AffineTransform_float_3_3
Parameters: 0.99999 0.00038801 -0.00441755 -0.000415994 0.99998 -0.00633722 0.00441545 0.00633878 0.99997 -0.0957632 0.0650593 -0.423833
FixedParameters: 0 0 0

#Transform 117
Transform: AffineTransform_float_3_3
Parameters: 0.999994 -4.07384e-05 -0.00324281 1.92632e-05 0.999979 -0.0063941 0.00324319 0.0063949 0.999975 -0.0735512 0.075578 -0.387506
FixedParameters: 0 0 0

#Transform 118
Transform: AffineTransform_float_3_3
Parameters: 0.999992 0.000267792 -0.00397778 -0.000292209 0.99998 -0.00633789 0.00397623 0.00633911 0.999972 -0.0794902 0.076844 -0.395055
FixedParameters: 0 0 0

#Transform 119
Transform: AffineTransform_float_3_3
Parameters: 0.999989 -5.16431e-05 -0.00453975 1.93544e-05 0.999975 -0.00697016 0.00454025 0.00696984 0.999966 -0.088925 0.0838257 -0.381545
FixedParameters: 0 0 0

#Transform 120
Transform: AffineTransform_float_3_3
Parameters: 0.999987 0.000299045 -0.00509324 -0.000334957 0.999975 -0.00705939 0.00509176 0.00706162 0.999962 -0.102239 0.0784624 -0.352478
FixedParameters: 0 0 0

#Transform 121
Transform: AffineTransform_float_3_3
Parameters: 0.999987 0.000623685 -0.00504375 -0.000661316 0.999973 -0.00739976 0.00503924 0.00740324 0.99996 -0.0739157 0.0660251 -0.337162
FixedParameters: 0 0 0

#Transform 122
Transform: AffineTransform_float_3_3
Parameters: 0.999987 0.000884957 -0.00504564 -0.000922042 0.999972 -0.00734344 0.00503936 0.00734856 0.999961 -0.0812919 0.0878946 -0.311141
FixedParameters: 0 0 0

#Transform 123
Transform: AffineTransform_float_3_3
Parameters: 0.999991 0.000516187 -0.00433191 -0.000547813 0.999973 -0.00734569 0.00432809 0.0073483 0.999963 -0.0885173 0.0796781 -0.347094
FixedParameters: 0 0 0

#Transform 124
Transform: AffineTransform_float_3_3
Parameters: 0.999992 0.000464287 -0.00398995 -0.000488713 0.99998 -0.0061951 0.00398705 0.0061969 0.999973 -0.0675532 0.0723251 -0.403758
FixedParameters: 0 0 0

#Transform 125
Transform: AffineTransform_float_3_3
Parameters: 0.999989 0.000705833 -0.00449101 -0.000737165 0.999975 -0.00694176 0.00448599 0.00694523 0.999966 -0.0778584 0.0807247 -0.429205
FixedParameters: 0 0 0

#Transform 126
Transform: AffineTransform_float_3_3
Parameters: 0.999989 0.00136773 -0.00449563 -0.00139926 0.999975 -0.00695978 0.00448536 0.00696621 0.999965 -0.0960627 0.073147 -0.393184
FixedParameters: 0 0 0

#Transform 127
Transform: AffineTransform_float_3_3
Parameters: 0.999993 0.000832332 -0.00364572 -0.000856663 0.999976 -0.00676993 0.00363928 0.00677308 0.999971 -0.112101 0.0799798 -0.359642
FixedParameters: 0 0 0

#Transform 128
Transform: AffineTransform_float_3_3
Parameters: 0.999994 -0.000135779 -0.0036351 0.00010922 0.999973 -0.00736645 0.00363591 0.00736556 0.999967 -0.0845461 0.0958748 -0.312113
FixedParameters: 0 0 0

#Transform 129
Transform: AffineTransform_float_3_3
Parameters: 0.99999 -0.000142015 -0.00431304 0.000108983 0.99997 -0.00765454 0.00431396 0.00765346 0.999962 -0.0661175 0.0937309 -0.372733
FixedParameters: 0 0 0

#Transform 130
Transform: AffineTransform_float_3_3
Parameters: 0.999992 -0.000139087 -0.00417311 0.000109912 0.999974 -0.00720952 0.0041739 0.00720848 0.999966 -0.0764513 0.0874092 -0.378567
FixedParameters: 0 0 0

#Transform 131
Transform: AffineTransform_float_3_3
Parameters: 0.99999 0.000920199 -0.00451996 -0.000949801 0.999979 -0.00637378 0.00451404 0.00637823 0.99997 -0.0828976 0.100823 -0.403505
FixedParameters: 0 0 0

#Transform 132
Transform: AffineTransform_float_3_3
Parameters: 0.999987 0.000361121 -0.00510082 -0.000398881 0.999973 -0.00742707 0.00509818 0.00742894 0.99996 -0.0680475 0.0903351 -0.414636
FixedParameters: 0 0 0

#Transform 133
Transform: AffineTransform_float_3_3
Parameters: 0.999986 0.000895486 -0.00511171 -0.000933504 0.999972 -0.00734032 0.00510428 0.00734567 0.99996 -0.073327 0.0842057 -0.421155
FixedParameters: 0 0 0

#Transform 134
Transform: AffineTransform_float_3_3
Parameters: 0.999985 0.000642425 -0.0054317 -0.000680579 0.999974 -0.00710341 0.0054273 0.00710659 0.99996 -0.0671793 0.0961227 -0.386438
FixedParameters: 0 0 0

#Transform 135
Transform: AffineTransform_float_3_3
Parameters: 0.999984 0.000702183 -0.00562238 -0.000743821 0.999972 -0.00743894 0.00561762 0.00744307 0.999957 -0.0686381 0.0997642 -0.355182
FixedParameters: 0 0 0

#Transform 136
Transform: AffineTransform_float_3_3
Parameters: 0.999982 0.000615369 -0.005951 -0.000661632 0.999969 -0.0078372 0.00594599 0.0078408 0.999951 -0.0898741 0.0959265 -0.396641
FixedParameters: 0 0 0

#Transform 137
Transform: AffineTransform_float_3_3
Parameters: 0.999985 0.000699603 -0.00538696 -0.000744398 0.999965 -0.00824411 0.00538105 0.00824789 0.999952 -0.116085 0.0856207 -0.522062
FixedParameters: 0 0 0

#Transform 138
Transform: AffineTransform_float_3_3
Parameters: 0.999982 0.00109345 -0.00590162 -0.00113955 0.999969 -0.00772141 0.00589237 0.00772758 0.999953 -0.118557 0.06845 -0.571554
FixedParameters: 0 0 0

#Transform 139
Transform: AffineTransform_float_3_3
Parameters: 0.99998 0.00122493 -0.00623904 -0.00127507 0.999967 -0.00802821 0.00622896 0.00803579 0.999949 -0.132452 0.0912621 -0.552307
FixedParameters: 0 0 0

#Transform 140
Transform: AffineTransform_float_3_3
Parameters: 0.999976 0.00139272 -0.00681404 -0.00144027 0.999974 -0.00708435 0.00680396 0.00709464 0.999951 -0.139079 0.0954995 -0.53489
FixedParameters: 0 0 0

#Transform 141
Transform: AffineTransform_float_3_3
Parameters: 0.99998 0.00081778 -0.00617829 -0.000864229 0.999971 -0.0074828 0.0061727 0.00748719 0.999953 -0.124995 0.0981117 -0.505981
FixedParameters: 0 0 0

#Transform 142
Transform: AffineTransform_float_3_3
Parameters: 0.99998 0.000525829 -0.00626559 -0.000567178 0.999978 -0.00657158 0.00626241 0.00657442 0.999959 -0.120584 0.105538 -0.476577
FixedParameters: 0 0 0

#Transform 143
Transform: AffineTransform_float_3_3
Parameters: 0.999982 0.000530872 -0.00599431 -0.000567124 0.999981 -0.00602671 0.00599069 0.00603029 0.999964 -0.119818 0.0779108 -0.471294
FixedParameters: 0 0 0

#Transform 144
Transform: AffineTransform_float_3_3
Parameters: 0.999978 0.000531448 -0.00669692 -0.000566549 0.999986 -0.00530733 0.00669409 0.00531168 0.999964 -0.116152 0.0991585 -0.372753
FixedParameters: 0 0 0

#Transform 145
Transform: AffineTransform_float_3_3
Parameters: 0.999974 0.000523108 -0.00716534 -0.00056689 0.999981 -0.00612409 0.00716266 0.0061289 0.999955 -0.118238 0.0987478 -0.421937
FixedParameters: 0 0 0

#Transform 146
Transform: AffineTransform_float_3_3
Parameters: 0.999973 0.000520803 -0.00730544 -0.000567194 0.99998 -0.00632303 0.00730156 0.00632697 0.999954 -0.129915 0.101773 -0.452393
FixedParameters: 0 0 0

#Transform 147
Transform: AffineTransform_float_3_3
Parameters: 0.999977 0.000521033 -0.0067637 -0.000566971 0.999976 -0.00679632 0.0067603 0.00679968 0.999954 -0.137521 0.108901 -0.497444
FixedParameters: 0 0 0

#Transform 148
Transform: AffineTransform_float_3_3
Parameters: 0.999974 0.000518238 -0.00710572 -0.000566758 0.999977 -0.00686215 0.00710128 0.00686586 0.999951 -0.132724 0.0890024 -0.483317
FixedParameters: 0 0 0

#Transform 149
Transform: AffineTransform_float_3_3
Parameters: 0.999974 0.000921558 -0.007162 -0.000967444 0.99998 -0.00634424 0.007156 0.00635076 0.999954 -0.151186 0.0776356 -0.537043
FixedParameters: 0 0 0

#Transform 150
Transform: AffineTransform_float_3_3
Parameters: 0.999971 0.00131635 -0.00750133 -0.00136365 0.999979 -0.00621695 0.00749266 0.00622704 0.999952 -0.184253 0.083727 -0.638586
FixedParameters: 0 0 0

#Transform 151
Transform: AffineTransform_float_3_3
Parameters: 0.999973 0.00162183 -0.00726623 -0.00166718 0.99998 -0.00621506 0.00725677 0.00622695 0.999955 -0.190554 0.0747268 -0.67417
FixedParameters: 0 0 0

#Transform 152
Transform: AffineTransform_float_3_3
Parameters: 0.999969 0.00138286 -0.00784319 -0.00143414 0.999977 -0.00651796 0.00783481 0.00652904 0.999948 -0.179441 0.0668508 -0.699451
FixedParameters: 0 0 0

#Transform 153
Transform: AffineTransform_float_3_3
Parameters: 0.999969 0.00187599 -0.00772382 -0.00192401 0.999979 -0.00621233 0.00771218 0.00622766 0.999951 -0.169522 0.0828955 -0.599641
FixedParameters: 0 0 0

#Transform 154
Transform: AffineTransform_float_3_3
Parameters: 0.999968 0.00192458 -0.00768332 -0.00197742 0.999975 -0.00682102 0.00766967 0.00683598 0.999947 -0.173307 0.0915429 -0.588346
FixedParameters: 0 0 0

#Transform 155
Transform: AffineTransform_float_3_3
Parameters: 0.999968 0.00202313 -0.00773375 -0.00207488 0.999976 -0.00670517 0.00772024 0.00672083 0.999947 -0.17213 0.0898137 -0.604377
FixedParameters: 0 0 0

#Transform 156
Transform: AffineTransform_float_3_3
Parameters: 0.999967 0.00188645 -0.00788928 -0.00193355 0.99998 -0.00589694 0.00787773 0.00591206 0.999952 -0.168804 0.111966 -0.524093
FixedParameters: 0 0 0

#Transform 157
Transform: AffineTransform_float_3_3
Parameters: 0.999968 0.00220668 -0.00766326 -0.00225931 0.999974 -0.00682491 0.00764774 0.0068421 0.999948 -0.175289 0.0966829 -0.573423
FixedParameters: 0 0 0

#Transform 158
Transform: AffineTransform_float_3_3
Parameters: 0.99996 0.00234449 -0.00870043 -0.0024015 0.999976 -0.00648937 0.00868458 0.00651063 0.999941 -0.17467 0.10121 -0.530803
FixedParameters: 0 0 0

#Transform 159
Transform: AffineTransform_float_3_3
Parameters: 0.99997 0.00150533 -0.00750076 -0.00155767 0.999974 -0.00702152 0.00749024 0.00703248 0.999947 -0.166952 0.109386 -0.545547
FixedParameters: 0 0 0

#Transform 160
Transform: AffineTransform_float_3_3
Parameters: 0.999975 0.00104734 -0.0070942 -0.00109466 0.999977 -0.00671741 0.00708681 0.0067246 0.999953 -0.183838 0.112214 -0.515993
FixedParameters: 0 0 0

#Transform 161
Transform: AffineTransform_float_3_3
Parameters: 0.999967 0.00152369 -0.00790326 -0.00157631 0.999977 -0.00661675 0.00789373 0.00662924 0.999947 -0.194653 0.120482 -0.613303
FixedParameters: 0 0 0

#Transform 162
Transform: AffineTransform_float_3_3
Parameters: 0.99997 0.0012537 -0.00754674 -0.0013113 0.999971 -0.00759233 0.00753725 0.00760167 0.999942 -0.18586 0.0920878 -0.68548
FixedParameters: 0 0 0

#Transform 163
Transform: AffineTransform_float_3_3
Parameters: 0.999966 0.00196862 -0.00793342 -0.00201838 0.999978 -0.00622119 0.00792058 0.0062368 0.999949 -0.198613 0.0966694 -0.630057
FixedParameters: 0 0 0

#Transform 164
Transform: AffineTransform_float_3_3
Parameters: 0.999965 0.00171437 -0.00816958 -0.00176363 0.99998 -0.0060718 0.00815943 0.0060862 0.999948 -0.172479 0.0945122 -0.594219
FixedParameters: 0 0 0

#Transform 165
Transform: AffineTransform_float_3_3
Parameters: 0.999961 0.0020669 -0.00851057 -0.0021221 0.999977 -0.00647019 0.00849742 0.00648781 0.999943 -0.186201 0.100209 -0.638763
FixedParameters: 0 0 0

#Transform 166
Transform: AffineTransform_float_3_3
Parameters: 0.999966 0.00203472 -0.00800986 -0.00207728 0.999984 -0.00527354 0.00799914 0.00529046 0.999954 -0.175318 0.0828173 -0.626175
FixedParameters: 0 0 0

#Transform 167
Transform: AffineTransform_float_3_3
Parameters: 0.999968 0.00153016 -0.00793739 -0.00156784 0.999988 -0.00476371 0.00792962 0.00477529 0.999957 -0.162091 0.105191 -0.657706
FixedParameters: 0 0 0

#Transform 168
Transform: AffineTransform_float_3_3
Parameters: 0.999971 0.00153462 -0.00753887 -0.00156838 0.999989 -0.00442431 0.00753213 0.00443569 0.999962 -0.161825 0.100264 -0.65438
FixedParameters: 0 0 0

#Transform 169
Transform: AffineTransform_float_3_3
Parameters: 0.999971 0.0015335 -0.0075391 -0.0015685 0.999989 -0.00457231 0.0075319 0.00458369 0.999961 -0.153006 0.107904 -0.624809
FixedParameters: 0 0 0

#Transform 170
Transform: AffineTransform_float_3_3
Parameters: 0.999966 0.00153507 -0.00817726 -0.00156792 0.99999 -0.00402132 0.00817076 0.00403468 0.999959 -0.143531 0.117694 -0.649363
FixedParameters: 0 0 0

#Transform 171
Transform: AffineTransform_float_3_3
Parameters: 0.999967 0.00164996 -0.00804547 -0.00168604 0.999988 -0.00447458 0.00803752 0.00448841 0.999957 -0.147177 0.103617 -0.604462
FixedParameters: 0 0 0

#Transform 172
Transform: AffineTransform_float_3_3
Parameters: 0.999968 0.00153264 -0.00787896 -0.00156836 0.999988 -0.00448379 0.00787203 0.00449621 0.999959 -0.148384 0.106883 -0.592094
FixedParameters: 0 0 0

#Transform 173
Transform: AffineTransform_float_3_3
Parameters: 0.999962 0.00151648 -0.00857128 -0.00156852 0.99998 -0.00600678 0.00856273 0.00602021 0.999945 -0.153591 0.127591 -0.561164
FixedParameters: 0 0 0

#Transform 174
Transform: AffineTransform_float_3_3
Parameters: 0.999957 0.00172774 -0.00905535 -0.00177125 0.999987 -0.00477116 0.00904663 0.00478683 0.999947 -0.162015 0.135781 -0.541321
FixedParameters: 0 0 0

#Transform 175
Transform: AffineTransform_float_3_3
Parameters: 0.99996 0.00105884 -0.00885865 -0.00109715 0.99999 -0.00430345 0.00885336 0.00431355 0.999952 -0.117984 0.127081 -0.576497
FixedParameters: 0 0 0

#Transform 176
Transform: AffineTransform_float_3_3
Parameters: 0.999974 0.000530813 -0.00718245 -0.000563185 0.99999 -0.00448007 0.00717955 0.00448393 0.999964 -0.121593 0.132492 -0.506368
FixedParameters: 0 0 0

#Transform 177
Transform: AffineTransform_float_3_3
Parameters: 0.999967 0.000531169 -0.00810815 -0.000562835 0.999992 -0.00392457 0.00810586 0.00392844 0.99996 -0.0982112 0.132801 -0.475176
FixedParameters: 0 0 0

#Transform 178
Transform: AffineTransform_float_3_3
Parameters: 0.999972 9.08813e-05 -0.00745846 -0.000123111 0.99999 -0.0043052 0.00745754 0.0043068 0.999963 -0.0855487 0.130356 -0.500774
FixedParameters: 0 0 0

#Transform 179
Transform: AffineTransform_float_3_3
Parameters: 0.999966 -3.71199e-05 -0.00816892 -1.21564e-07 0.999989 -0.00454415 0.00816908 0.00454385 0.999957 -0.089732 0.138553 -0.538985
FixedParameters: 0 0 0
