# transform file /out/sourcedata/freesurfer/sub-v2s12x28891_ses-1/mri/transforms/cc_up.lta
# created by oesteban on Wed Mar 11 03:39:00 2026

type      = 0 # LINEAR_VOX_TO_VOX
nxforms   = 1
mean      = 128.0000 118.0000 129.0000
sigma     = 10000.0000
1 4 4
9.987094998359680e-01 -2.546442300081253e-02 4.394229874014854e-02 -2.467830657958984e+00 
2.543981000781059e-02 9.996757507324219e-01 1.119328197091818e-03 2.064290237426758e+01 
-4.395655170083046e-02 0.000000000000000e+00 9.990334510803223e-01 1.174084949493408e+01 
0.000000000000000e+00 0.000000000000000e+00 0.000000000000000e+00 1.000000000000000e+00 
src volume info
valid = 1  # volume info valid
filename = /out/sourcedata/freesurfer/sub-v2s12x28891_ses-1/mri/norm.mgz
volume = 256 256 256
voxelsize = 1.000000000000000e+00 1.000000000000000e+00 1.000000000000000e+00
xras   = -1.000000000000000e+00 0.000000000000000e+00 0.000000000000000e+00
yras   = 0.000000000000000e+00 0.000000000000000e+00 -1.000000000000000e+00
zras   = 0.000000000000000e+00 1.000000000000000e+00 0.000000000000000e+00
cras   = 1.905998229980469e+00 5.000000000000000e-01 8.468994140625000e+00
dst volume info
valid = 1  # volume info valid
filename = /out/sourcedata/freesurfer/sub-v2s12x28891_ses-1/mri/norm.mgz
volume = 256 256 256
voxelsize = 1.000000000000000e+00 1.000000000000000e+00 1.000000000000000e+00
xras   = -1.000000000000000e+00 0.000000000000000e+00 0.000000000000000e+00
yras   = 0.000000000000000e+00 0.000000000000000e+00 -1.000000000000000e+00
zras   = 0.000000000000000e+00 1.000000000000000e+00 0.000000000000000e+00
cras   = 1.905998229980469e+00 5.000000000000000e-01 8.468994140625000e+00
