#Insight Transform File V1.0
#Transform 0
Transform: AffineTransform_float_3_3
Parameters: 0.999997 -1.99346e-06 0.002437 6.528e-09 0.999999 0.000818002 -0.002437 -0.000817997 0.999996 -0.0317529 -0.0872585 -0.0457472
FixedParameters: 0 0 0

#Transform 1
Transform: AffineTransform_float_3_3
Parameters: 0.999995 0.000491117 0.00318913 -0.000491881 1 0.000275433 -0.00318886 -0.000277567 0.999995 -0.0702528 -0.0804743 -0.11908
FixedParameters: 0 0 0

#Transform 2
Transform: AffineTransform_float_3_3
Parameters: 0.999996 0.000491234 0.00276814 -0.000491765 1 0.00027564 -0.00276786 -0.000277361 0.999996 -0.057099 -0.0645328 -0.101315
FixedParameters: 0 0 0

#Transform 3
Transform: AffineTransform_float_3_3
Parameters: 0.999998 -8.17494e-05 0.00164801 8.12504e-05 1 -0.000151866 -0.00164799 0.000152135 0.999998 -0.0306683 -0.0278594 -0.0493767
FixedParameters: 0 0 0

#Transform 4
Transform: AffineTransform_float_3_3
Parameters: 0.999999 -8.25022e-05 0.00123397 8.14977e-05 1 0.000407101 -0.00123403 -0.000406899 0.999999 -0.00554255 -0.0423715 -0.0730342
FixedParameters: 0 0 0

#Transform 5
Transform: AffineTransform_float_3_3
Parameters: 0.999999 0.00014852 0.000874082 -0.00014948 1 0.00054887 -0.000873918 -0.00054913 1 0.00404077 -0.0452453 -0.049818
FixedParameters: 0 0 0

#Transform 6
Transform: AffineTransform_float_3_3
Parameters: 0.999999 0.000305487 0.000669235 -0.000305513 0.999999 0.000767796 -0.000668766 -0.000767205 1 0.0092664 -0.0524956 -0.0473187
FixedParameters: 0 0 0

#Transform 7
Transform: AffineTransform_float_3_3
Parameters: 1 1.74481e-06 0.000703 -1.25519e-06 1 0.000362999 -0.000702999 -0.000363001 0.999999 0.0102212 -0.0585523 -0.0502186
FixedParameters: 0 0 0

#Transform 8
Transform: AffineTransform_float_3_3
Parameters: 1 -8.22979e-05 0.000387937 8.1702e-05 0.999999 0.000768031 -0.000388063 -0.000767968 0.999999 0.00100761 -0.0706617 -0.0678351
FixedParameters: 0 0 0

#Transform 9
Transform: AffineTransform_float_3_3
Parameters: 1 -8.21649e-05 0.000477972 8.18351e-05 1 0.000345039 -0.000478028 -0.000344961 1 0.00151989 -0.0465684 -0.0492061
FixedParameters: 0 0 0

#Transform 10
Transform: AffineTransform_float_3_3
Parameters: 0.999999 -0.000531099 0.000821935 0.0005309 1 0.000121436 -0.000822063 -0.000120563 0.999999 -0.00945697 -0.0568376 -0.0525048
FixedParameters: 0 0 0

#Transform 11
Transform: AffineTransform_float_3_3
Parameters: 0.999999 -0.000531474 0.000821693 0.000530524 0.999999 0.000578436 -0.000822307 -0.000577563 1 -0.00780787 -0.0346594 -0.0258927
FixedParameters: 0 0 0

#Transform 12
Transform: AffineTransform_float_3_3
Parameters: 0.999999 -0.000530353 0.000666515 0.000530646 1 -0.000970647 -0.000665485 0.000971354 1 0.00848752 -0.00406077 -0.0777465
FixedParameters: 0 0 0

#Transform 13
Transform: AffineTransform_float_3_3
Parameters: 0.999999 -0.000531235 0.000821847 0.000530764 1 0.000286436 -0.000822151 -0.000285563 0.999999 0.0101598 -0.0185394 -0.0511971
FixedParameters: 0 0 0

#Transform 14
Transform: AffineTransform_float_3_3
Parameters: 0.999999 -0.000530885 0.000822074 0.000531115 1 -0.000139563 -0.000821925 0.000139436 0.999999 0.0101769 -0.0301737 -0.0378362
FixedParameters: 0 0 0

#Transform 15
Transform: AffineTransform_float_3_3
Parameters: 0.999999 -0.000530942 0.000725041 0.000531057 1 -7.8615e-05 -0.000724957 7.93849e-05 0.999999 0.0132086 -0.0320312 -0.0102536
FixedParameters: 0 0 0

#Transform 16
Transform: AffineTransform_float_3_3
Parameters: 0.999999 -0.000530936 0.00056406 0.000531063 1 -0.0001127 -0.00056394 0.000113299 1 0.00161634 -0.00600091 -0.00178237
FixedParameters: 0 0 0

#Transform 17
Transform: AffineTransform_float_3_3
Parameters: 1 -0.000336156 0.000412873 0.000335844 1 0.000378139 -0.000413127 -0.000377861 1 -0.00592741 -0.0047299 -0.0106927
FixedParameters: 0 0 0

#Transform 18
Transform: AffineTransform_float_3_3
Parameters: 1 -0.000531184 0.000265631 0.000530815 0.999999 0.000694141 -0.000266368 -0.000693858 0.999999 -0.022453 -0.0134883 0.00842602
FixedParameters: 0 0 0

#Transform 19
Transform: AffineTransform_float_3_3
Parameters: 1 -0.000152009 4.09673e-05 0.000151991 1 0.000215006 -4.10327e-05 -0.000214994 1 0.012322 -0.000608827 -0.0344652
FixedParameters: 0 0 0

#Transform 20
Transform: AffineTransform_float_3_3
Parameters: 1 3.00106e-05 0.000251999 -2.99894e-05 1 -4.20076e-05 -0.000252001 4.19924e-05 1 -0.00563028 0.00643018 0.00347188
FixedParameters: 0 0 0

#Transform 21
Transform: AffineTransform_float_3_3
Parameters: 1 7.59948e-05 -0.000124003 -7.60052e-05 1 -4.19906e-05 0.000123997 4.20094e-05 1 0.00563644 0.00609951 -0.0307159
FixedParameters: 0 0 0

#Transform 22
Transform: AffineTransform_float_3_3
Parameters: 0.999999 6.38327e-05 -0.000804013 -6.41672e-05 1 -0.000207948 0.000803986 0.000208051 0.999999 -5.30833e-05 0.0113918 -0.0380132
FixedParameters: 0 0 0

#Transform 23
Transform: AffineTransform_float_3_3
Parameters: 0.999999 -0.000531163 -0.0008739 0.000530836 1 -0.000187464 0.000873098 0.000186536 0.999999 -0.000759832 0.0358837 -0.0684593
FixedParameters: 0 0 0

#Transform 24
Transform: AffineTransform_float_3_3
Parameters: 0.999999 -0.00053118 -0.00120092 0.000530819 1 -0.000150638 0.00120108 0.000149362 1 0.018097 0.0182742 -0.0663787
FixedParameters: 0 0 0

#Transform 25
Transform: AffineTransform_float_3_3
Parameters: 0.999999 -0.000378136 -0.00129696 0.000377865 1 -0.00010449 0.00129704 0.00010451 0.999999 0.0111655 0.0347952 -0.0777894
FixedParameters: 0 0 0

#Transform 26
Transform: AffineTransform_float_3_3
Parameters: 0.999999 -0.000733206 -0.00167635 0.000733795 0.999999 0.00047377 0.00167665 -0.00047423 0.999998 0.0253063 0.0227129 -0.0189482
FixedParameters: 0 0 0

#Transform 27
Transform: AffineTransform_float_3_3
Parameters: 0.999998 -0.00102154 -0.00183081 0.00102345 0.999999 0.000793128 0.00183019 -0.000795872 0.999998 0.031927 -0.00688973 -0.00855544
FixedParameters: 0 0 0

#Transform 28
Transform: AffineTransform_float_3_3
Parameters: 0.999997 -0.00116665 -0.00183022 0.00116735 1 0.000188864 0.00182978 -0.000191135 0.999999 0.0249828 0.0125835 -0.0200845
FixedParameters: 0 0 0

#Transform 29
Transform: AffineTransform_float_3_3
Parameters: 0.999998 -0.00129076 -0.00140922 0.00129125 0.999999 0.000173181 0.00140978 -0.00017482 0.999999 0.0208256 0.0137294 -0.0222921
FixedParameters: 0 0 0

#Transform 30
Transform: AffineTransform_float_3_3
Parameters: 0.999998 -0.0014758 -0.00116225 0.0014762 0.999999 0.000168285 0.00116275 -0.000169716 1 0.0279642 0.0224273 -0.0157295
FixedParameters: 0 0 0

#Transform 31
Transform: AffineTransform_float_3_3
Parameters: 0.999999 -0.00102252 -0.000884553 0.00102348 1 0.000540096 0.000883447 -0.000540904 1 0.0137372 0.000996029 -0.0555398
FixedParameters: 0 0 0

#Transform 32
Transform: AffineTransform_float_3_3
Parameters: 0.999999 -0.00144881 -0.00116473 0.00145119 0.999997 0.00188431 0.00116227 -0.00188569 0.999997 -0.000203554 -0.0265162 -0.0120516
FixedParameters: 0 0 0

#Transform 33
Transform: AffineTransform_float_3_3
Parameters: 0.999998 -0.00102112 -0.0012855 0.00102288 0.999999 0.00146569 0.0012845 -0.00146731 0.999998 -0.00814189 -0.0278277 -0.0141593
FixedParameters: 0 0 0

#Transform 34
Transform: AffineTransform_float_3_3
Parameters: 0.999998 -0.00102075 -0.00159045 0.00102325 0.999999 0.00141438 0.00158855 -0.00141562 0.999997 0.00479448 -0.0261608 0.00871241
FixedParameters: 0 0 0

#Transform 35
Transform: AffineTransform_float_3_3
Parameters: 0.999999 -0.00102148 -0.00117432 0.00102351 0.999998 0.0012898 0.00117268 -0.0012912 0.999999 0.0116121 -0.0255383 -0.0173236
FixedParameters: 0 0 0

#Transform 36
Transform: AffineTransform_float_3_3
Parameters: 0.999999 -0.00102234 -0.000801846 0.00102366 0.999999 0.00082618 0.000801155 -0.00082682 1 7.56103e-05 -0.00781216 0.0116821
FixedParameters: 0 0 0

#Transform 37
Transform: AffineTransform_float_3_3
Parameters: 1 -0.000898568 -0.000801484 0.000899433 1 0.00053828 0.000801515 -0.000539721 0.999999 -0.00779396 0.0246458 0.0173436
FixedParameters: 0 0 0

#Transform 38
Transform: AffineTransform_float_3_3
Parameters: 0.999998 -0.00102278 -0.00121719 0.00102323 1 0.000184755 0.00121681 -0.000185245 0.999999 -0.00510333 0.0361207 -0.00160506
FixedParameters: 0 0 0

#Transform 39
Transform: AffineTransform_float_3_3
Parameters: 0.999999 -0.000720129 -0.00121751 0.00072087 0.999999 0.000714123 0.00121748 -0.000715877 0.999999 -0.000484434 0.0300081 0.00947635
FixedParameters: 0 0 0

#Transform 40
Transform: AffineTransform_float_3_3
Parameters: 1 -0.000292508 -0.0010844 0.000294493 0.999999 0.00137568 0.0010846 -0.00137632 0.999999 0.00381156 0.0237264 0.0172644
FixedParameters: 0 0 0

#Transform 41
Transform: AffineTransform_float_3_3
Parameters: 1 4.24486e-05 -0.00112295 -4.05513e-05 0.999999 0.00129005 0.00112305 -0.00128995 0.999998 0.0102516 0.0193277 0.043892
FixedParameters: 0 0 0

#Transform 42
Transform: AffineTransform_float_3_3
Parameters: 0.999999 4.15762e-05 -0.00135898 -4.14251e-05 1 0.000423057 0.00135902 -0.000423944 0.999999 0.00996308 0.0322022 0.0786808
FixedParameters: 0 0 0

#Transform 43
Transform: AffineTransform_float_3_3
Parameters: 0.999999 4.26029e-05 -0.00179296 -4.1397e-05 0.999999 0.000894075 0.00179304 -0.000893925 0.999998 0.0547231 0.0399387 0.2125
FixedParameters: 0 0 0

#Transform 44
Transform: AffineTransform_float_3_3
Parameters: 0.999998 -0.000162715 -0.00195911 0.000163285 1 0.000655681 0.00195889 -0.00065632 0.999998 0.0476682 0.0116078 0.208375
FixedParameters: 0 0 0

#Transform 45
Transform: AffineTransform_float_3_3
Parameters: 0.999998 -0.000444482 -0.00182688 0.000444517 1 -0.000264813 0.00182612 0.000263189 0.999999 0.0454677 0.0415043 0.165129
FixedParameters: 0 0 0

#Transform 46
Transform: AffineTransform_float_3_3
Parameters: 0.999999 3.86668e-05 -0.00182705 -4.1333e-05 0.999999 -0.00127693 0.00182695 0.00127707 0.999998 0.025401 0.07033 0.156683
FixedParameters: 0 0 0

#Transform 47
Transform: AffineTransform_float_3_3
Parameters: 0.999999 -0.000380861 -0.00182661 0.000379139 1 -0.00101969 0.00182639 0.00101831 0.999998 0.0229767 0.0645132 0.13594
FixedParameters: 0 0 0

#Transform 48
Transform: AffineTransform_float_3_3
Parameters: 0.999998 -0.000453413 -0.00182665 0.000451588 0.999999 -0.000773826 0.00182635 0.000773173 0.999998 0.0146418 0.071138 0.148891
FixedParameters: 0 0 0

#Transform 49
Transform: AffineTransform_float_3_3
Parameters: 0.999999 -0.000511568 -0.00135641 0.000509432 0.999999 -0.00115569 0.00135759 0.00115531 0.999999 -0.0118086 0.0910962 0.213245
FixedParameters: 0 0 0

#Transform 50
Transform: AffineTransform_float_3_3
Parameters: 0.999997 -0.00111728 -0.00187665 0.00111572 0.999998 -0.0012151 0.00187836 0.0012139 0.999998 0.00847905 0.108846 0.129161
FixedParameters: 0 0 0

#Transform 51
Transform: AffineTransform_float_3_3
Parameters: 0.999998 -0.00111721 -0.00159845 0.00111578 0.999998 -0.00138579 0.00160055 0.00138321 0.999998 -0.0288359 0.106446 0.0986843
FixedParameters: 0 0 0

#Transform 52
Transform: AffineTransform_float_3_3
Parameters: 0.999997 -0.00159622 -0.00182418 0.00159278 0.999997 -0.00176691 0.00182681 0.00176409 0.999997 -0.0230003 0.154816 0.0359691
FixedParameters: 0 0 0

#Transform 53
Transform: AffineTransform_float_3_3
Parameters: 0.999997 -0.00159549 -0.00153943 0.00159351 0.999998 -0.00161546 0.00154257 0.00161254 0.999998 -0.028117 0.139974 0.00725894
FixedParameters: 0 0 0

#Transform 54
Transform: AffineTransform_float_3_3
Parameters: 0.999997 -0.00159647 -0.00154943 0.00159353 0.999996 -0.00223948 0.00155257 0.00223753 0.999997 0.00108281 0.138861 -0.031911
FixedParameters: 0 0 0

#Transform 55
Transform: AffineTransform_float_3_3
Parameters: 0.999996 -0.00159887 -0.00227188 0.00159313 0.999996 -0.00258163 0.00227612 0.00257837 0.999994 0.0253178 0.128797 -0.0746768
FixedParameters: 0 0 0

#Transform 56
Transform: AffineTransform_float_3_3
Parameters: 0.999995 -0.00227661 -0.00221425 0.00227139 0.999994 -0.00253304 0.00221976 0.00252796 0.999995 0.0279304 0.114158 -0.0235103
FixedParameters: 0 0 0

#Transform 57
Transform: AffineTransform_float_3_3
Parameters: 0.999996 -0.0022028 -0.00185514 0.0021972 0.999992 -0.00312109 0.00186186 0.00311691 0.999994 0.0360892 0.107121 -0.00691325
FixedParameters: 0 0 0

#Transform 58
Transform: AffineTransform_float_3_3
Parameters: 0.999997 -0.00202767 -0.00182763 0.00202133 0.999992 -0.00364371 0.00183537 0.00364029 0.999991 0.0371575 0.147253 0.001339
FixedParameters: 0 0 0

#Transform 59
Transform: AffineTransform_float_3_3
Parameters: 0.999996 -0.0020296 -0.00196717 0.0020214 0.999989 -0.00436299 0.00197583 0.00435901 0.999988 0.0383207 0.153054 0.00992965
FixedParameters: 0 0 0

#Transform 60
Transform: AffineTransform_float_3_3
Parameters: 0.999996 -0.00203055 -0.00196619 0.00202145 0.999986 -0.004846 0.00197582 0.00484201 0.999987 0.0158218 0.155257 -0.0293593
FixedParameters: 0 0 0

#Transform 61
Transform: AffineTransform_float_3_3
Parameters: 0.999997 -0.00202952 -0.00171598 0.00202148 0.999985 -0.00495049 0.00172603 0.00494751 0.999987 0.00599239 0.16993 -0.0404583
FixedParameters: 0 0 0

#Transform 62
Transform: AffineTransform_float_3_3
Parameters: 0.999995 -0.00203187 -0.00215681 0.00202114 0.999986 -0.00502938 0.00216619 0.00502562 0.999985 0.00888768 0.194161 -0.0333325
FixedParameters: 0 0 0

#Transform 63
Transform: AffineTransform_float_3_3
Parameters: 0.999995 -0.0024359 -0.00234869 0.0024231 0.999982 -0.00548072 0.00236231 0.00547528 0.999982 0.0114435 0.192751 -0.106232
FixedParameters: 0 0 0

#Transform 64
Transform: AffineTransform_float_3_3
Parameters: 0.999994 -0.00246844 -0.00251689 0.00245456 0.999983 -0.00532821 0.0025301 0.00532178 0.999982 0.0113436 0.187953 -0.0762011
FixedParameters: 0 0 0

#Transform 65
Transform: AffineTransform_float_3_3
Parameters: 0.999992 -0.00287427 -0.00294816 0.00285973 0.999984 -0.00483347 0.00296185 0.00482453 0.999984 0.0180479 0.174663 -0.0710484
FixedParameters: 0 0 0

#Transform 66
Transform: AffineTransform_float_3_3
Parameters: 0.999991 -0.00314243 -0.00257993 0.00312956 0.999983 -0.00480911 0.00259507 0.00480188 0.999985 0.0195431 0.175642 -0.119784
FixedParameters: 0 0 0

#Transform 67
Transform: AffineTransform_float_3_3
Parameters: 0.999993 -0.00289778 -0.00240449 0.00288422 0.999979 -0.00571497 0.00242051 0.00570802 0.999981 0.0256828 0.202107 -0.0239109
FixedParameters: 0 0 0

#Transform 68
Transform: AffineTransform_float_3_3
Parameters: 0.999994 -0.00270988 -0.00236519 0.00269612 0.999979 -0.00585342 0.00238081 0.00584659 0.99998 -0.0122425 0.196183 -0.065101
FixedParameters: 0 0 0

#Transform 69
Transform: AffineTransform_float_3_3
Parameters: 0.999992 -0.00270175 -0.00290845 0.00268626 0.999982 -0.00540386 0.00292255 0.00539615 0.999981 0.00123717 0.194621 -0.0630647
FixedParameters: 0 0 0

#Transform 70
Transform: AffineTransform_float_3_3
Parameters: 0.999991 -0.00285385 -0.00316399 0.00283615 0.99998 -0.00563103 0.00318001 0.00562198 0.999979 0.0185418 0.199549 -0.143262
FixedParameters: 0 0 0

#Transform 71
Transform: AffineTransform_float_3_3
Parameters: 0.99999 -0.00286832 -0.00339376 0.00284968 0.99998 -0.00568573 0.00340924 0.00567528 0.999978 0.0257461 0.203765 -0.141668
FixedParameters: 0 0 0

#Transform 72
Transform: AffineTransform_float_3_3
Parameters: 0.999991 -0.00249605 -0.0036089 0.00247695 0.999983 -0.00527299 0.0036221 0.00526401 0.999979 0.0300015 0.196674 -0.128941
FixedParameters: 0 0 0

#Transform 73
Transform: AffineTransform_float_3_3
Parameters: 0.999991 -0.00178098 -0.00382167 0.00176302 0.999988 -0.00470378 0.00383033 0.00469722 0.999981 0.0313295 0.208168 -0.041287
FixedParameters: 0 0 0

#Transform 74
Transform: AffineTransform_float_3_3
Parameters: 0.999995 -0.0015516 -0.00270281 0.00153841 0.999988 -0.00465618 0.00270919 0.00465182 0.999986 -0.00516263 0.225939 0.0344055
FixedParameters: 0 0 0

#Transform 75
Transform: AffineTransform_float_3_3
Parameters: 0.999996 -0.00179684 -0.00249079 0.00178416 0.999985 -0.00514647 0.00250021 0.00514253 0.999983 0.0018869 0.242604 -0.00347781
FixedParameters: 0 0 0

#Transform 76
Transform: AffineTransform_float_3_3
Parameters: 0.999994 -0.00197173 -0.00258081 0.00195627 0.999982 -0.00569808 0.00259218 0.00569292 0.999981 0.00156955 0.260553 -0.0319554
FixedParameters: 0 0 0

#Transform 77
Transform: AffineTransform_float_3_3
Parameters: 0.999994 -0.00244403 -0.00247625 0.00242897 0.999978 -0.00605505 0.00249074 0.00604895 0.999978 -0.00598805 0.239416 -0.00912165
FixedParameters: 0 0 0

#Transform 78
Transform: AffineTransform_float_3_3
Parameters: 0.999992 -0.002899 -0.00267375 0.002883 0.999978 -0.00596875 0.00269024 0.00596125 0.999978 0.000881538 0.241035 -0.0502568
FixedParameters: 0 0 0

#Transform 79
Transform: AffineTransform_float_3_3
Parameters: 0.999992 -0.00304269 -0.00266822 0.00302731 0.999978 -0.00586413 0.00268579 0.00585588 0.999979 0.00404337 0.252976 -0.077973
FixedParameters: 0 0 0

#Transform 80
Transform: AffineTransform_float_3_3
Parameters: 0.999993 -0.00305874 -0.00209855 0.00304526 0.999977 -0.00604844 0.00211645 0.00604157 0.99998 -0.0133199 0.239794 -0.0973235
FixedParameters: 0 0 0

#Transform 81
Transform: AffineTransform_float_3_3
Parameters: 0.999992 -0.0031533 -0.002665 0.0031377 0.999978 -0.00572541 0.002683 0.00571759 0.99998 0.00481137 0.230141 -0.0387595
FixedParameters: 0 0 0

#Transform 82
Transform: AffineTransform_float_3_3
Parameters: 0.999987 -0.00344675 -0.00356291 0.00342925 0.999981 -0.00497628 0.00357909 0.00496372 0.999982 0.0344237 0.192998 -0.0106561
FixedParameters: 0 0 0

#Transform 83
Transform: AffineTransform_float_3_3
Parameters: 0.99999 -0.00308579 -0.00320286 0.00306921 0.999983 -0.00492288 0.00321813 0.00491312 0.999983 0.0289345 0.217264 0.0110701
FixedParameters: 0 0 0

#Transform 84
Transform: AffineTransform_float_3_3
Parameters: 0.999992 -0.00308954 -0.00278447 0.00306946 0.999971 -0.0069946 0.00280553 0.00698639 0.999971 -0.00881944 0.270761 0.0177658
FixedParameters: 0 0 0

#Transform 85
Transform: AffineTransform_float_3_3
Parameters: 0.999989 -0.0035148 -0.00315287 0.0034922 0.99997 -0.00689309 0.00317713 0.00688191 0.999972 -0.0109425 0.244344 -0.0284824
FixedParameters: 0 0 0

#Transform 86
Transform: AffineTransform_float_3_3
Parameters: 0.999986 -0.00399848 -0.00341656 0.00397352 0.999966 -0.00714167 0.00344444 0.00712832 0.999968 -0.000962096 0.271798 -0.0438835
FixedParameters: 0 0 0

#Transform 87
Transform: AffineTransform_float_3_3
Parameters: 0.999987 -0.00372147 -0.00348495 0.00369553 0.999964 -0.00757198 0.00351306 0.00755902 0.999966 -0.00612242 0.263264 -0.175995
FixedParameters: 0 0 0

#Transform 88
Transform: AffineTransform_float_3_3
Parameters: 0.999985 -0.00396742 -0.0037108 0.00393758 0.999961 -0.00790173 0.0037422 0.00788627 0.999962 0.000881472 0.28465 -0.214923
FixedParameters: 0 0 0

#Transform 89
Transform: AffineTransform_float_3_3
Parameters: 0.999987 -0.00372137 -0.00350219 0.00369563 0.999965 -0.00750604 0.00352981 0.00749296 0.999965 0.00412723 0.28141 -0.187912
FixedParameters: 0 0 0

#Transform 90
Transform: AffineTransform_float_3_3
Parameters: 0.999984 -0.00372649 -0.0040855 0.00369551 0.999964 -0.00768822 0.00411451 0.00767379 0.999962 0.0324755 0.267829 -0.161925
FixedParameters: 0 0 0

#Transform 91
Transform: AffineTransform_float_3_3
Parameters: 0.999989 -0.00300947 -0.00362622 0.00297153 0.999942 -0.0102959 0.00365677 0.0102851 0.999941 0.0145845 0.36815 -0.508764
FixedParameters: 0 0 0

#Transform 92
Transform: AffineTransform_float_3_3
Parameters: 0.999986 -0.00321152 -0.00437596 0.00316548 0.999941 -0.010369 0.00440904 0.010355 0.999936 0.0200901 0.361361 -0.559414
FixedParameters: 0 0 0

#Transform 93
Transform: AffineTransform_float_3_3
Parameters: 0.999986 -0.00338402 -0.0040695 0.00334698 0.999954 -0.00906975 0.0041005 0.00905625 0.99995 0.0119466 0.350151 -0.461938
FixedParameters: 0 0 0

#Transform 94
Transform: AffineTransform_float_3_3
Parameters: 0.999984 -0.00369237 -0.00433477 0.00365364 0.999953 -0.00905498 0.00436723 0.00903902 0.999949 0.0163159 0.35134 -0.467004
FixedParameters: 0 0 0

#Transform 95
Transform: AffineTransform_float_3_3
Parameters: 0.999982 -0.00403225 -0.00448917 0.00399275 0.999952 -0.00894009 0.00452484 0.00892192 0.99995 0.0318407 0.354237 -0.482169
FixedParameters: 0 0 0

#Transform 96
Transform: AffineTransform_float_3_3
Parameters: 0.999982 -0.00444739 -0.00407385 0.00441361 0.999957 -0.00816813 0.00411015 0.00814987 0.999959 0.0383163 0.30547 -0.495452
FixedParameters: 0 0 0

#Transform 97
Transform: AffineTransform_float_3_3
Parameters: 0.999979 -0.00463127 -0.00451007 0.00459573 0.999959 -0.00779889 0.00454593 0.00777811 0.99996 0.0426524 0.322791 -0.45044
FixedParameters: 0 0 0

#Transform 98
Transform: AffineTransform_float_3_3
Parameters: 0.999979 -0.00455534 -0.00448438 0.00452166 0.999963 -0.00741743 0.00451762 0.00739758 0.999963 0.0413594 0.320638 -0.452618
FixedParameters: 0 0 0

#Transform 99
Transform: AffineTransform_float_3_3
Parameters: 0.999981 -0.00426474 -0.00448617 0.00423126 0.999963 -0.00750312 0.00451783 0.00748387 0.999962 0.0494544 0.320113 -0.456481
FixedParameters: 0 0 0

#Transform 100
Transform: AffineTransform_float_3_3
Parameters: 0.999979 -0.00453043 -0.00448147 0.00449457 0.999957 -0.00810631 0.00451753 0.0080857 0.999957 0.0546158 0.331832 -0.44938
FixedParameters: 0 0 0

#Transform 101
Transform: AffineTransform_float_3_3
Parameters: 0.999979 -0.00482642 -0.00447907 0.00479058 0.999955 -0.00810663 0.00451794 0.00808537 0.999957 0.0532817 0.31728 -0.482722
FixedParameters: 0 0 0

#Transform 102
Transform: AffineTransform_float_3_3
Parameters: 0.99998 -0.00462144 -0.00448072 0.00458456 0.999956 -0.00810871 0.00451828 0.00808828 0.999957 0.0517007 0.347139 -0.435975
FixedParameters: 0 0 0

#Transform 103
Transform: AffineTransform_float_3_3
Parameters: 0.999979 -0.00436655 -0.00474904 0.00432646 0.999955 -0.00851373 0.00478597 0.00849329 0.999953 0.0580897 0.358106 -0.415115
FixedParameters: 0 0 0

#Transform 104
Transform: AffineTransform_float_3_3
Parameters: 0.999976 -0.0048026 -0.00500049 0.00475841 0.999951 -0.008694 0.0050415 0.00866999 0.999949 0.0690753 0.345966 -0.45992
FixedParameters: 0 0 0

#Transform 105
Transform: AffineTransform_float_3_3
Parameters: 0.999974 -0.00498036 -0.00531865 0.00493765 0.999956 -0.00794848 0.00535735 0.00792153 0.999955 0.0802989 0.323926 -0.474793
FixedParameters: 0 0 0

#Transform 106
Transform: AffineTransform_float_3_3
Parameters: 0.999976 -0.00485908 -0.00507611 0.00481692 0.999952 -0.00846466 0.0051169 0.00843934 0.999952 0.0719687 0.32203 -0.479565
FixedParameters: 0 0 0

#Transform 107
Transform: AffineTransform_float_3_3
Parameters: 0.999975 -0.00504433 -0.00507824 0.00500568 0.999957 -0.00772662 0.00511677 0.00770139 0.999958 0.0755077 0.317587 -0.479768
FixedParameters: 0 0 0

#Transform 108
Transform: AffineTransform_float_3_3
Parameters: 0.999973 -0.00540532 -0.00499289 0.00536767 0.999958 -0.007459 0.0050331 0.00743199 0.999959 0.0969187 0.311013 -0.44889
FixedParameters: 0 0 0

#Transform 109
Transform: AffineTransform_float_3_3
Parameters: 0.999788 -0.0201767 -0.0039513 0.0202023 0.999775 0.00646354 0.00381971 -0.00654145 0.999972 0.57967 -0.125662 -0.214266
FixedParameters: 0 0 0

#Transform 110
Transform: AffineTransform_float_3_3
Parameters: 0.999978 -0.00523827 -0.00418907 0.00521474 0.999971 -0.00554597 0.00421793 0.00552403 0.999976 0.0806247 0.338109 -0.23014
FixedParameters: 0 0 0

#Transform 111
Transform: AffineTransform_float_3_3
Parameters: 0.999977 -0.00486746 -0.00476403 0.00483153 0.99996 -0.00742819 0.00479996 0.00740481 0.999961 0.0756259 0.363254 -0.314754
FixedParameters: 0 0 0

#Transform 112
Transform: AffineTransform_float_3_3
Parameters: 0.999969 -0.00604648 -0.00505587 0.00601153 0.999958 -0.00700261 0.00509813 0.00697239 0.999962 0.0825001 0.35611 -0.316914
FixedParameters: 0 0 0

#Transform 113
Transform: AffineTransform_float_3_3
Parameters: 0.999971 -0.00580409 -0.0049804 0.00576891 0.999958 -0.00703093 0.0050206 0.00700206 0.999963 0.0804153 0.337646 -0.442082
FixedParameters: 0 0 0

#Transform 114
Transform: AffineTransform_float_3_3
Parameters: 0.999972 -0.00574973 -0.0048137 0.00571926 0.999964 -0.0061687 0.00484929 0.00614029 0.99997 0.0833166 0.33468 -0.389975
FixedParameters: 0 0 0

#Transform 115
Transform: AffineTransform_float_3_3
Parameters: 0.99997 -0.00617826 -0.00463026 0.00614574 0.999957 -0.00694966 0.00467273 0.00692034 0.999965 0.0806091 0.361084 -0.403846
FixedParameters: 0 0 0

#Transform 116
Transform: AffineTransform_float_3_3
Parameters: 0.999969 -0.00623584 -0.00480412 0.00620116 0.999954 -0.00723301 0.00484889 0.00720299 0.999963 0.0864279 0.370336 -0.417201
FixedParameters: 0 0 0

#Transform 117
Transform: AffineTransform_float_3_3
Parameters: 0.999969 -0.00603671 -0.00509212 0.00599529 0.99995 -0.00797278 0.00513987 0.00794222 0.999956 0.0749842 0.38574 -0.478358
FixedParameters: 0 0 0

#Transform 118
Transform: AffineTransform_float_3_3
Parameters: 0.999969 -0.00624284 -0.0047976 0.00620315 0.999946 -0.00827501 0.00484941 0.00824498 0.999955 0.062036 0.362894 -0.432853
FixedParameters: 0 0 0

#Transform 119
Transform: AffineTransform_float_3_3
Parameters: 0.999969 -0.00634017 -0.00479768 0.00630084 0.999947 -0.00813449 0.00484933 0.00810451 0.999956 0.0657529 0.358881 -0.469787
FixedParameters: 0 0 0

#Transform 120
Transform: AffineTransform_float_3_3
Parameters: 0.999971 -0.00603556 -0.00479967 0.00599544 0.999949 -0.00821402 0.00484932 0.00818498 0.999954 0.0669437 0.359324 -0.422643
FixedParameters: 0 0 0

#Transform 121
Transform: AffineTransform_float_3_3
Parameters: 0.99997 -0.00643625 -0.00444049 0.00639875 0.999944 -0.00835267 0.00449452 0.00832433 0.999956 0.0769464 0.366131 -0.447854
FixedParameters: 0 0 0

#Transform 122
Transform: AffineTransform_float_3_3
Parameters: 0.999977 -0.00469659 -0.00492076 0.00465341 0.99995 -0.0088321 0.00496224 0.0088089 0.999949 0.0864568 0.356195 -0.578711
FixedParameters: 0 0 0

#Transform 123
Transform: AffineTransform_float_3_3
Parameters: 0.999975 -0.00404353 -0.00575935 0.00398446 0.99994 -0.0101382 0.00580065 0.0101148 0.999932 0.103368 0.395667 -0.866034
FixedParameters: 0 0 0

#Transform 124
Transform: AffineTransform_float_3_3
Parameters: 0.999973 -0.00467468 -0.00579415 0.00461533 0.999939 -0.010099 0.00584085 0.010072 0.999932 0.0899181 0.429421 -0.878492
FixedParameters: 0 0 0

#Transform 125
Transform: AffineTransform_float_3_3
Parameters: 0.999972 -0.00422613 -0.00609248 0.00417287 0.999954 -0.00870766 0.00612851 0.00868134 0.999943 0.102841 0.353132 -0.950922
FixedParameters: 0 0 0

#Transform 126
Transform: AffineTransform_float_3_3
Parameters: 0.999976 -0.00385561 -0.00579735 0.00380339 0.999951 -0.00905927 0.00583165 0.00903673 0.999942 0.0937894 0.415693 -0.937412
FixedParameters: 0 0 0

#Transform 127
Transform: AffineTransform_float_3_3
Parameters: 0.999973 -0.00410375 -0.00608783 0.00404126 0.99994 -0.0101209 0.00612817 0.0100961 0.999931 0.0862807 0.450158 -0.982509
FixedParameters: 0 0 0

#Transform 128
Transform: AffineTransform_float_3_3
Parameters: 0.999974 -0.00406935 -0.00592398 0.00400665 0.999935 -0.010666 0.00596702 0.010642 0.999925 0.0835736 0.467169 -1.00729
FixedParameters: 0 0 0

#Transform 129
Transform: AffineTransform_float_3_3
Parameters: 0.999972 -0.00404066 -0.0062007 0.00397534 0.999937 -0.0105649 0.0062433 0.0105401 0.999925 0.0942314 0.482675 -0.929321
FixedParameters: 0 0 0

#Transform 130
Transform: AffineTransform_float_3_3
Parameters: 0.999973 -0.00378082 -0.00631824 0.00371717 0.999943 -0.0100838 0.00635576 0.0100592 0.999929 0.0911588 0.449265 -0.888406
FixedParameters: 0 0 0

#Transform 131
Transform: AffineTransform_float_3_3
Parameters: 0.999974 -0.00465132 -0.00561577 0.00458968 0.99993 -0.0108831 0.00566623 0.0108569 0.999925 0.0570831 0.439631 -0.924568
FixedParameters: 0 0 0

#Transform 132
Transform: AffineTransform_float_3_3
Parameters: 0.999973 -0.0049364 -0.00531628 0.0048796 0.999931 -0.0107552 0.00536973 0.0107298 0.999928 0.0718818 0.455748 -0.941289
FixedParameters: 0 0 0

#Transform 133
Transform: AffineTransform_float_3_3
Parameters: 0.999975 -0.00500289 -0.00498149 0.00494711 0.999926 -0.0111699 0.00503651 0.0111441 0.999925 0.0619649 0.47193 -0.948733
FixedParameters: 0 0 0

#Transform 134
Transform: AffineTransform_float_3_3
Parameters: 0.999974 -0.00515717 -0.00505028 0.00509984 0.999924 -0.0112671 0.00510772 0.011241 0.999924 0.065452 0.454873 -0.982181
FixedParameters: 0 0 0

#Transform 135
Transform: AffineTransform_float_3_3
Parameters: 0.999971 -0.00541663 -0.00546975 0.00535237 0.999917 -0.0117616 0.00553326 0.0117324 0.999916 0.0803591 0.450044 -0.98333
FixedParameters: 0 0 0

#Transform 136
Transform: AffineTransform_float_3_3
Parameters: 0.99997 -0.00559827 -0.00539003 0.00553373 0.999915 -0.0118662 0.00545596 0.0118358 0.999915 0.0790678 0.465821 -1.00283
FixedParameters: 0 0 0

#Transform 137
Transform: AffineTransform_float_3_3
Parameters: 0.99997 -0.00558076 -0.00539179 0.00551723 0.999917 -0.0115861 0.00545621 0.0115559 0.999919 0.0791717 0.449483 -1.01305
FixedParameters: 0 0 0

#Transform 138
Transform: AffineTransform_float_3_3
Parameters: 0.999974 -0.00517647 -0.00511755 0.00511654 0.999918 -0.0117585 0.00517746 0.0117325 0.999918 0.067931 0.449193 -1.01775
FixedParameters: 0 0 0

#Transform 139
Transform: AffineTransform_float_3_3
Parameters: 0.999969 -0.00563526 -0.00538961 0.00557074 0.999914 -0.0118634 0.00545639 0.0118336 0.999915 0.079297 0.473574 -1.00269
FixedParameters: 0 0 0

#Transform 140
Transform: AffineTransform_float_3_3
Parameters: 0.999966 -0.0056444 -0.00610192 0.0055706 0.999912 -0.0119794 0.00616908 0.0119446 0.999909 0.0697118 0.47858 -0.969213
FixedParameters: 0 0 0

#Transform 141
Transform: AffineTransform_float_3_3
Parameters: 0.999967 -0.00517964 -0.00616307 0.00511636 0.999934 -0.0102969 0.00621593 0.0102651 0.999928 0.0767474 0.468997 -0.977146
FixedParameters: 0 0 0

#Transform 142
Transform: AffineTransform_float_3_3
Parameters: 0.999971 -0.00479132 -0.00602263 0.00473468 0.999946 -0.0093308 0.00606737 0.00930121 0.999939 0.0843272 0.45061 -0.971695
FixedParameters: 0 0 0

#Transform 143
Transform: AffineTransform_float_3_3
Parameters: 0.999974 -0.00473225 -0.00548008 0.00467475 0.999935 -0.0104129 0.00552891 0.0103871 0.999931 0.0657371 0.455754 -0.975709
FixedParameters: 0 0 0

#Transform 144
Transform: AffineTransform_float_3_3
Parameters: 0.999968 -0.00531512 -0.00594303 0.00525289 0.999932 -0.0104185 0.00599797 0.0103875 0.999928 0.0710259 0.458846 -0.974977
FixedParameters: 0 0 0

#Transform 145
Transform: AffineTransform_float_3_3
Parameters: 0.999968 -0.00534009 -0.00594101 0.00527592 0.999929 -0.0107507 0.00599798 0.0107193 0.999924 0.0754819 0.450049 -0.998413
FixedParameters: 0 0 0

#Transform 146
Transform: AffineTransform_float_3_3
Parameters: 0.999971 -0.00516938 -0.00569017 0.00510463 0.999924 -0.0112714 0.00574783 0.0112416 0.999921 0.0748374 0.46554 -1.02773
FixedParameters: 0 0 0

#Transform 147
Transform: AffineTransform_float_3_3
Parameters: 0.999974 -0.00473385 -0.00542924 0.00467414 0.99993 -0.0108027 0.00547975 0.0107763 0.999927 0.0811713 0.468317 -1.0258
FixedParameters: 0 0 0

#Transform 148
Transform: AffineTransform_float_3_3
Parameters: 0.999971 -0.0052664 -0.00551313 0.0052026 0.999921 -0.011452 0.00557287 0.011423 0.999919 0.0752536 0.471883 -1.03803
FixedParameters: 0 0 0

#Transform 149
Transform: AffineTransform_float_3_3
Parameters: 0.999968 -0.00532384 -0.00593432 0.00525216 0.999913 -0.0120575 0.00599768 0.0120254 0.999909 0.0795572 0.487699 -1.05241
FixedParameters: 0 0 0

#Transform 150
Transform: AffineTransform_float_3_3
Parameters: 0.999968 -0.00532214 -0.00593586 0.00525286 0.999917 -0.0117696 0.00599816 0.0117375 0.999913 0.0714096 0.479006 -1.06958
FixedParameters: 0 0 0

#Transform 151
Transform: AffineTransform_float_3_3
Parameters: 0.999968 -0.00554324 -0.0057369 0.00547376 0.999913 -0.0120158 0.00580311 0.0119842 0.999912 0.0690787 0.476317 -1.0534
FixedParameters: 0 0 0

#Transform 152
Transform: AffineTransform_float_3_3
Parameters: 0.99997 -0.00548144 -0.00559476 0.00541256 0.999911 -0.0121757 0.00566124 0.0121443 0.99991 0.0622441 0.474481 -1.09649
FixedParameters: 0 0 0

#Transform 153
Transform: AffineTransform_float_3_3
Parameters: 0.99997 -0.00550921 -0.00556534 0.00544079 0.999908 -0.0123747 0.00563368 0.0123443 0.999908 0.0612446 0.506724 -1.08364
FixedParameters: 0 0 0

#Transform 154
Transform: AffineTransform_float_3_3
Parameters: 0.999971 -0.005668 -0.00521112 0.005602 0.999905 -0.0125936 0.00528189 0.0125644 0.999907 0.0512938 0.515346 -1.08123
FixedParameters: 0 0 0

#Transform 155
Transform: AffineTransform_float_3_3
Parameters: 0.999969 -0.00555905 -0.00546662 0.00549394 0.999915 -0.0118444 0.00553237 0.0118136 0.999915 0.0797983 0.502524 -1.07475
FixedParameters: 0 0 0

#Transform 156
Transform: AffineTransform_float_3_3
Parameters: 0.999966 -0.00582996 -0.00573368 0.00576402 0.999918 -0.0114554 0.00580031 0.0114216 0.999918 0.0689357 0.474334 -1.12367
FixedParameters: 0 0 0

#Transform 157
Transform: AffineTransform_float_3_3
Parameters: 0.999964 -0.00614208 -0.00581607 0.00607793 0.999922 -0.0109717 0.00588293 0.0109363 0.999923 0.0444227 0.476789 -1.09666
FixedParameters: 0 0 0

#Transform 158
Transform: AffineTransform_float_3_3
Parameters: 0.999963 -0.00583402 -0.00623573 0.00575898 0.999909 -0.0121403 0.00630528 0.0121047 0.999907 0.0641317 0.51834 -1.14788
FixedParameters: 0 0 0

#Transform 159
Transform: AffineTransform_float_3_3
Parameters: 0.999965 -0.00583417 -0.00601606 0.00575883 0.999904 -0.0126021 0.00608896 0.0125669 0.999903 0.0551868 0.541416 -1.15189
FixedParameters: 0 0 0

#Transform 160
Transform: AffineTransform_float_3_3
Parameters: 0.999964 -0.00578625 -0.00630135 0.00570476 0.999902 -0.0128364 0.00637465 0.0127996 0.999898 0.0687516 0.533632 -1.15206
FixedParameters: 0 0 0

#Transform 161
Transform: AffineTransform_float_3_3
Parameters: 0.999975 -0.00534353 -0.00448092 0.00529547 0.999931 -0.010553 0.00453707 0.010529 0.999935 0.0748878 0.471656 -1.18334
FixedParameters: 0 0 0

#Transform 162
Transform: AffineTransform_float_3_3
Parameters: 0.999974 -0.00547409 -0.00484926 0.00542592 0.999937 -0.00987358 0.00490374 0.00984742 0.999939 0.0776309 0.453024 -1.10567
FixedParameters: 0 0 0

#Transform 163
Transform: AffineTransform_float_3_3
Parameters: 0.999972 -0.00544263 -0.00511642 0.00538637 0.999925 -0.0110179 0.00517559 0.0109901 0.999926 0.0725075 0.478212 -1.09275
FixedParameters: 0 0 0

#Transform 164
Transform: AffineTransform_float_3_3
Parameters: 0.999974 -0.00447999 -0.00577716 0.00443601 0.999961 -0.00760484 0.00581085 0.00757917 0.999955 0.0856149 0.436496 -0.981493
FixedParameters: 0 0 0

#Transform 165
Transform: AffineTransform_float_3_3
Parameters: 0.99997 -0.00537953 -0.00556652 0.00531248 0.999913 -0.0120759 0.00563048 0.0120461 0.999911 0.0859445 0.518472 -1.11216
FixedParameters: 0 0 0

#Transform 166
Transform: AffineTransform_float_3_3
Parameters: 0.999966 -0.00604995 -0.0057184 0.00596305 0.999868 -0.0151006 0.00580961 0.0150664 0.999869 0.0706924 0.575256 -1.20721
FixedParameters: 0 0 0

#Transform 167
Transform: AffineTransform_float_3_3
Parameters: 0.999965 -0.00615665 -0.00569513 0.00605735 0.999831 -0.0173521 0.00580087 0.0173169 0.999833 0.05709 0.616588 -1.27398
FixedParameters: 0 0 0

#Transform 168
Transform: AffineTransform_float_3_3
Parameters: 0.999964 -0.00646006 -0.00548381 0.00636395 0.999829 -0.0173575 0.00559419 0.0173215 0.999835 0.0645498 0.635979 -1.2805
FixedParameters: 0 0 0

#Transform 169
Transform: AffineTransform_float_3_3
Parameters: 0.999963 -0.00645807 -0.00571127 0.00636294 0.999844 -0.01651 0.00581673 0.0164731 0.999848 0.0713848 0.604627 -1.22421
FixedParameters: 0 0 0

#Transform 170
Transform: AffineTransform_float_3_3
Parameters: 0.999964 -0.00644428 -0.0056428 0.00634672 0.999834 -0.0170904 0.0057522 0.0170546 0.999838 0.0731474 0.606186 -1.24719
FixedParameters: 0 0 0

#Transform 171
Transform: AffineTransform_float_3_3
Parameters: 0.999966 -0.00599513 -0.00557236 0.00589985 0.999839 -0.0169354 0.00567363 0.0169016 0.999841 0.0868765 0.604737 -1.24155
FixedParameters: 0 0 0

#Transform 172
Transform: AffineTransform_float_3_3
Parameters: 0.999963 -0.0060707 -0.00597535 0.00597229 0.999847 -0.0163993 0.00607465 0.0163637 0.999847 0.100058 0.588933 -1.26124
FixedParameters: 0 0 0

#Transform 173
Transform: AffineTransform_float_3_3
Parameters: 0.999967 -0.00601089 -0.0055744 0.00591612 0.99984 -0.0168855 0.00567461 0.0168525 0.999842 0.0904192 0.583031 -1.27416
FixedParameters: 0 0 0

#Transform 174
Transform: AffineTransform_float_3_3
Parameters: 0.999965 -0.00598878 -0.00586582 0.00589023 0.999843 -0.0167151 0.00596418 0.0166799 0.999843 0.0961891 0.583947 -1.26103
FixedParameters: 0 0 0

#Transform 175
Transform: AffineTransform_float_3_3
Parameters: 0.999703 -0.0232053 -0.00745398 0.0231487 0.999702 -0.00768083 0.00763003 0.00750617 0.999942 0.766856 0.353346 -0.959734
FixedParameters: 0 0 0

#Transform 176
Transform: AffineTransform_float_3_3
Parameters: 0.999809 -0.0181374 -0.00719912 0.0180976 0.999821 -0.00563336 0.00729988 0.00550165 0.999958 0.573933 0.423401 -0.980497
FixedParameters: 0 0 0

#Transform 177
Transform: AffineTransform_float_3_3
Parameters: 0.999854 -0.0156436 -0.00698125 0.0156054 0.999863 -0.00541474 0.00706476 0.00530526 0.999961 0.502817 0.41674 -1.03218
FixedParameters: 0 0 0

#Transform 178
Transform: AffineTransform_float_3_3
Parameters: 0.999872 -0.0142185 -0.00732967 0.0141585 0.999867 -0.00810982 0.00744433 0.00800518 0.99994 0.456644 0.456945 -1.05721
FixedParameters: 0 0 0

#Transform 179
Transform: AffineTransform_float_3_3
Parameters: 0.999885 -0.0134258 -0.0070548 0.0133632 0.999872 -0.0088713 0.00717319 0.0087757 0.999936 0.426218 0.465055 -1.09535
FixedParameters: 0 0 0
