#Insight Transform File V1.0
#Transform 0
Transform: AffineTransform_float_3_3
Parameters: 0.999998 0.00157365 -0.000436274 -0.00157435 0.999999 -0.000809314 0.000435724 0.000810687 0.999999 -0.0586696 -0.0288788 0.0236865
FixedParameters: 0 0 0

#Transform 1
Transform: AffineTransform_float_3_3
Parameters: 0.999999 0.00138453 -0.000630039 -0.00138547 0.999999 -0.000750127 0.00062896 0.000750871 0.999999 -0.0417868 -0.0380287 0.00876835
FixedParameters: 0 0 0

#Transform 2
Transform: AffineTransform_float_3_3
Parameters: 1 0.000973487 -0.000629795 -0.000974514 0.999999 -0.000816387 0.000628205 0.000816612 0.999999 -0.0450856 -0.0181632 0.00917945
FixedParameters: 0 0 0

#Transform 3
Transform: AffineTransform_float_3_3
Parameters: 0.999999 0.00096368 -0.00105321 -0.000964319 0.999998 -0.00125298 0.00105179 0.00125401 0.999998 -0.0415626 -0.0190911 0.0041439
FixedParameters: 0 0 0

#Transform 4
Transform: AffineTransform_float_3_3
Parameters: 1 0.000910985 -0.00077819 -0.000912016 0.999998 -0.00130529 0.00077781 0.00130571 0.999999 -0.0443038 -0.0232438 -0.00524177
FixedParameters: 0 0 0

#Transform 5
Transform: AffineTransform_float_3_3
Parameters: 0.999998 0.00138343 -0.00104009 -0.00138557 0.999998 -0.00150956 0.00103791 0.00151044 0.999999 -0.0382244 -0.00997538 -0.0215464
FixedParameters: 0 0 0

#Transform 6
Transform: AffineTransform_float_3_3
Parameters: 0.999998 0.00138428 -0.00089711 -0.00138572 0.999998 -0.000800758 0.000896889 0.000802243 1 -0.0394282 -0.0247235 0.0139336
FixedParameters: 0 0 0

#Transform 7
Transform: AffineTransform_float_3_3
Parameters: 0.999999 0.0011493 -0.00099781 -0.0011497 0.999999 -0.000703854 0.00099719 0.000705147 1 -0.0224866 -0.0360597 0.0134748
FixedParameters: 0 0 0

#Transform 8
Transform: AffineTransform_float_3_3
Parameters: 0.999999 0.00108879 -0.00089626 -0.00108922 1 -0.000239024 0.000896739 0.000239977 0.999999 -0.0419139 -0.0386366 0.0345036
FixedParameters: 0 0 0

#Transform 9
Transform: AffineTransform_float_3_3
Parameters: 0.999999 0.00109733 -0.000896821 -0.00109767 0.999999 -0.000747017 0.00089618 0.000747984 1 -0.0252705 -0.0341893 -0.00608412
FixedParameters: 0 0 0

#Transform 10
Transform: AffineTransform_float_3_3
Parameters: 1 0.000984708 -0.000332868 -0.000985293 0.999999 -0.000881672 0.000331132 0.000881326 0.999999 -0.0372723 -0.00572542 -0.0272125
FixedParameters: 0 0 0

#Transform 11
Transform: AffineTransform_float_3_3
Parameters: 1 0.000711488 -0.000709515 -0.000711514 1 -0.000722496 0.000709486 0.000723506 1 -0.0261141 -0.0290655 -0.0269147
FixedParameters: 0 0 0

#Transform 12
Transform: AffineTransform_float_3_3
Parameters: 0.999999 0.000818863 -0.000332335 -0.000819135 0.999999 -0.000409728 0.000331664 0.000410272 1 -0.0144998 -0.0246941 -0.0212201
FixedParameters: 0 0 0

#Transform 13
Transform: AffineTransform_float_3_3
Parameters: 1 0.000818422 -0.000665712 -0.000819579 1 -0.000868455 0.000665288 0.000869546 1 -0.0084932 -0.0320438 -0.0191263
FixedParameters: 0 0 0

#Transform 14
Transform: AffineTransform_float_3_3
Parameters: 0.999999 0.000491856 -0.000547129 -0.000492143 1 -0.000261731 0.000546871 0.000262269 1 -0.0123076 -0.00221836 -0.020552
FixedParameters: 0 0 0

#Transform 15
Transform: AffineTransform_float_3_3
Parameters: 1 0.000818289 -0.000742784 -0.000819712 0.999999 -0.000957392 0.000742215 0.000958608 1 0.00115328 -0.0236933 -0.0619187
FixedParameters: 0 0 0

#Transform 16
Transform: AffineTransform_float_3_3
Parameters: 0.999999 0.000502662 -0.000546311 -0.000503338 0.999999 -0.000618725 0.000545688 0.000619274 0.999999 -0.00789214 -0.013719 -0.0141427
FixedParameters: 0 0 0

#Transform 17
Transform: AffineTransform_float_3_3
Parameters: 1 0.000371701 -0.000596186 -0.000371298 1 -0.000500779 0.000595814 0.000501221 0.999999 -0.00151968 0.0058455 -0.0149934
FixedParameters: 0 0 0

#Transform 18
Transform: AffineTransform_float_3_3
Parameters: 1 0.000267945 -0.000342043 -0.000268055 1 -0.000160908 0.000341957 0.000161092 1 -0.00132401 0.00990131 -0.0186419
FixedParameters: 0 0 0

#Transform 19
Transform: AffineTransform_float_3_3
Parameters: 1 7.48816e-05 -0.000342026 -7.41183e-05 1 -0.000345975 0.000341974 0.000346026 1 -0.00216905 0.0101051 -0.0171435
FixedParameters: 0 0 0

#Transform 20
Transform: AffineTransform_float_3_3
Parameters: 1 0.000143008 -5.2979e-05 -0.000142992 1 0.000147008 5.3021e-05 -0.000146992 1 -0.0026446 0.00776251 -0.00542706
FixedParameters: 0 0 0

#Transform 21
Transform: AffineTransform_float_3_3
Parameters: 1 -0.000261026 -0.00034198 0.000260974 1 -7.70892e-05 0.00034202 7.69107e-05 1 -0.00346802 -0.0146821 -0.0193165
FixedParameters: 0 0 0

#Transform 22
Transform: AffineTransform_float_3_3
Parameters: 1 -0.000266047 0.000124901 0.000265953 1 0.000373033 -0.000125099 -0.000372967 1 0.00127988 -0.0234826 -0.00549037
FixedParameters: 0 0 0

#Transform 23
Transform: AffineTransform_float_3_3
Parameters: 1 -7.60564e-05 -0.000207979 7.59436e-05 1 -0.000271016 0.000208021 0.000270984 1 0.013466 -0.0251152 -0.0182517
FixedParameters: 0 0 0

#Transform 24
Transform: AffineTransform_float_3_3
Parameters: 1 -7.60848e-05 0.000513987 7.59152e-05 1 0.000165039 -0.000514012 -0.000164961 1 0.00672956 -0.0289444 0.0078682
FixedParameters: 0 0 0

#Transform 25
Transform: AffineTransform_float_3_3
Parameters: 1 -7.59346e-05 0.000376013 7.60654e-05 1 -0.000173971 -0.000375987 0.000174029 1 0.0190593 -0.0259819 -0.0231723
FixedParameters: 0 0 0

#Transform 26
Transform: AffineTransform_float_3_3
Parameters: 1 -7.58811e-05 0.000526017 7.61189e-05 1 -0.00022596 -0.000525983 0.00022604 1 0.00656403 -0.0161055 -0.00232136
FixedParameters: 0 0 0

#Transform 27
Transform: AffineTransform_float_3_3
Parameters: 1 -7.57322e-05 0.000376054 7.62684e-05 0.999999 -0.000711971 -0.000376946 0.000712028 0.999999 0.00782255 -0.0212725 0.00224141
FixedParameters: 0 0 0

#Transform 28
Transform: AffineTransform_float_3_3
Parameters: 1 -7.60418e-05 0.000491993 7.59582e-05 1 8.50374e-05 -0.000492006 -8.49626e-05 1 0.00264157 -0.0137248 0.0234349
FixedParameters: 0 0 0

#Transform 29
Transform: AffineTransform_float_3_3
Parameters: 1 0.000406015 3.98441e-05 -0.000405985 1 -0.000384016 -4.01559e-05 0.000383984 1 -0.00893284 -0.00736718 0.032779
FixedParameters: 0 0 0

#Transform 30
Transform: AffineTransform_float_3_3
Parameters: 1 -7.59997e-05 -1.40017e-05 7.60003e-05 1 2.29989e-05 1.39983e-05 -2.30011e-05 1 -0.0157836 0.0136489 0.0314195
FixedParameters: 0 0 0

#Transform 31
Transform: AffineTransform_float_3_3
Parameters: 1 -1.71705e-05 -0.000255989 1.68295e-05 1 -0.000666004 0.000256011 0.000665995 0.999999 -0.0291783 -0.00383613 0.0380679
FixedParameters: 0 0 0

#Transform 32
Transform: AffineTransform_float_3_3
Parameters: 1 0.000268009 7.49694e-05 -0.000267991 1 -0.00011402 -7.50305e-05 0.00011398 1 -0.0156991 -0.00988227 0.0634164
FixedParameters: 0 0 0

#Transform 33
Transform: AffineTransform_float_3_3
Parameters: 1 0.000375992 -3.70846e-05 -0.000376008 1 -0.000224986 3.69154e-05 0.000225014 1 -0.00925845 -0.0223408 0.054421
FixedParameters: 0 0 0

#Transform 34
Transform: AffineTransform_float_3_3
Parameters: 1 0.000297 -3.70039e-05 -0.000297 1 -1.2989e-05 3.69964e-05 1.2011e-05 1 0.000592644 -0.0109003 0.0792964
FixedParameters: 0 0 0

#Transform 35
Transform: AffineTransform_float_3_3
Parameters: 1 6.40007e-05 5.19992e-05 -6.39993e-05 1 -1.30033e-05 -5.20008e-05 1.29967e-05 1 0.00454017 -0.00999499 0.0327565
FixedParameters: 0 0 0

#Transform 36
Transform: AffineTransform_float_3_3
Parameters: 1 -7.59976e-05 -3.70049e-05 7.60024e-05 1 6.49972e-05 3.69951e-05 -6.50028e-05 1 0.0161992 -0.0246669 0.0307018
FixedParameters: 0 0 0

#Transform 37
Transform: AffineTransform_float_3_3
Parameters: 1 -7.5996e-05 -3.70082e-05 7.6004e-05 1 0.000107997 3.69918e-05 -0.000108003 1 0.00418131 -0.0104685 0.0258447
FixedParameters: 0 0 0

#Transform 38
Transform: AffineTransform_float_3_3
Parameters: 1 -7.60076e-05 -3.69844e-05 7.59924e-05 1 -0.000205003 3.70156e-05 0.000204997 1 0.00418224 -0.0212016 0.0228389
FixedParameters: 0 0 0

#Transform 39
Transform: AffineTransform_float_3_3
Parameters: 1 8.80729e-05 0.000140954 -8.79271e-05 1 -0.000517012 -0.000141045 0.000516987 1 -9.25956e-05 -0.00272979 0.0184765
FixedParameters: 0 0 0

#Transform 40
Transform: AffineTransform_float_3_3
Parameters: 1 -7.55762e-05 0.000273118 7.64236e-05 0.999999 -0.00155198 -0.000272882 0.00155202 0.999999 0.0101531 0.00399164 -0.020482
FixedParameters: 0 0 0

#Transform 41
Transform: AffineTransform_float_3_3
Parameters: 1 0.000163942 -3.72545e-05 -0.000164057 0.999999 -0.00155199 3.67454e-05 0.00155201 0.999999 0.0200904 0.0116528 -0.020866
FixedParameters: 0 0 0

#Transform 42
Transform: AffineTransform_float_3_3
Parameters: 1 -7.56779e-05 0.000208117 7.63219e-05 0.999999 -0.00154798 -0.000207882 0.00154802 0.999999 0.00206238 0.0398541 -0.0320263
FixedParameters: 0 0 0

#Transform 43
Transform: AffineTransform_float_3_3
Parameters: 1 -7.58417e-05 8.51413e-05 7.61581e-05 0.999999 -0.00186099 -8.48584e-05 0.00186101 0.999999 0.014075 0.0293321 -0.00631629
FixedParameters: 0 0 0

#Transform 44
Transform: AffineTransform_float_3_3
Parameters: 1 -7.59719e-05 3.0071e-05 7.6028e-05 0.999999 -0.000933997 -2.9929e-05 0.000934001 0.999999 0.00359789 0.0443161 -0.00703212
FixedParameters: 0 0 0

#Transform 45
Transform: AffineTransform_float_3_3
Parameters: 1 -0.000157935 3.03382e-05 0.000158064 0.999997 -0.00214099 -2.96616e-05 0.002141 0.999997 0.002978 0.0513412 -0.0459189
FixedParameters: 0 0 0

#Transform 46
Transform: AffineTransform_float_3_3
Parameters: 1 -7.59309e-05 3.01747e-05 7.60688e-05 0.999998 -0.002299 -2.98252e-05 0.002299 0.999998 0.0211902 0.0361469 -0.0166898
FixedParameters: 0 0 0

#Transform 47
Transform: AffineTransform_float_3_3
Parameters: 1 -0.000413964 3.04984e-05 0.000414037 0.999999 -0.00120399 -3.05015e-05 0.00120401 1 0.0183779 0.0532253 -0.0159081
FixedParameters: 0 0 0

#Transform 48
Transform: AffineTransform_float_3_3
Parameters: 1 -0.000380954 3.05768e-05 0.000381046 0.999999 -0.00151399 -3.04231e-05 0.00151401 0.999999 0.0164287 0.0430157 -0.017464
FixedParameters: 0 0 0

#Transform 49
Transform: AffineTransform_float_3_3
Parameters: 1 -0.000510437 0.000470612 0.000510564 0.999999 -0.00119776 -0.000470389 0.00119724 0.999999 0.0114949 0.0451158 -0.00773541
FixedParameters: 0 0 0

#Transform 50
Transform: AffineTransform_float_3_3
Parameters: 1 -0.000263492 0.00060922 0.000263508 0.999999 -0.00083384 -0.000608781 0.000834161 1 0.0146922 0.054123 0.0247941
FixedParameters: 0 0 0

#Transform 51
Transform: AffineTransform_float_3_3
Parameters: 0.999999 -0.00068671 0.000187064 0.000686289 0.999998 -0.00154987 -0.000185936 0.00155013 0.999999 0.00762413 0.0620339 0.012806
FixedParameters: 0 0 0

#Transform 52
Transform: AffineTransform_float_3_3
Parameters: 1 -0.000314946 3.05666e-05 0.000315055 0.999999 -0.00179899 -3.04333e-05 0.00179901 0.999999 0.0120318 0.0571277 0.0348846
FixedParameters: 0 0 0

#Transform 53
Transform: AffineTransform_float_3_3
Parameters: 1 -0.000500548 0.000428528 0.000501451 1 -0.00105479 -0.000427471 0.00105521 1 0.00682275 0.0569513 0.0400306
FixedParameters: 0 0 0

#Transform 54
Transform: AffineTransform_float_3_3
Parameters: 1 -0.000481308 0.000429776 0.000481692 0.999998 -0.00161079 -0.000429224 0.00161121 0.999998 0.00748527 0.0583776 0.0317465
FixedParameters: 0 0 0

#Transform 55
Transform: AffineTransform_float_3_3
Parameters: 0.999999 -0.000686412 0.000429939 0.000686587 0.999999 -0.0013677 -0.000429061 0.00136829 0.999999 0.00124315 0.0676452 0.0460956
FixedParameters: 0 0 0

#Transform 56
Transform: AffineTransform_float_3_3
Parameters: 0.999998 0.00195 7.82484e-06 -0.00195 0.999998 0.000422986 -7.17513e-06 -0.000423015 1 -0.0199733 -0.118121 0.219317
FixedParameters: 0 0 0

#Transform 57
Transform: AffineTransform_float_3_3
Parameters: 1 0.00042786 -0.000125477 -0.00042814 1 -0.00111495 0.000125523 0.00111505 1 0.00832752 -0.02152 0.125475
FixedParameters: 0 0 0

#Transform 58
Transform: AffineTransform_float_3_3
Parameters: 1 -8.86021e-05 -0.000424875 8.73977e-05 0.999999 -0.00141704 0.000425124 0.00141696 0.999999 0.010951 0.0311088 0.0689758
FixedParameters: 0 0 0

#Transform 59
Transform: AffineTransform_float_3_3
Parameters: 1 -0.000137717 -0.000529814 0.000137283 0.999999 -0.00135307 0.000530186 0.00135293 0.999999 0.00720546 0.0437417 0.0385949
FixedParameters: 0 0 0

#Transform 60
Transform: AffineTransform_float_3_3
Parameters: 1 -0.00028027 -0.000199621 0.000279729 0.999999 -0.00135306 0.000200379 0.00135294 0.999999 0.0115683 0.0571455 0.0308252
FixedParameters: 0 0 0

#Transform 61
Transform: AffineTransform_float_3_3
Parameters: 1 -0.000326145 -0.000124622 0.000325855 1 -0.00115904 0.000125378 0.00115896 1 0.018858 0.0427995 0.0555921
FixedParameters: 0 0 0

#Transform 62
Transform: AffineTransform_float_3_3
Parameters: 1 -0.000391205 -0.000124357 0.000390794 0.999998 -0.00164505 0.000125643 0.00164495 0.999998 0.0183549 0.0473338 0.0307225
FixedParameters: 0 0 0

#Transform 63
Transform: AffineTransform_float_3_3
Parameters: 1 -0.000391163 -0.00012449 0.000390837 0.999999 -0.00130405 0.00012551 0.00130395 0.999999 0.0183596 0.0443327 0.0420856
FixedParameters: 0 0 0

#Transform 64
Transform: AffineTransform_float_3_3
Parameters: 0.999999 -0.000867178 -0.000123755 0.00086682 0.999998 -0.00143611 0.000125245 0.00143589 0.999999 0.0226946 0.0860621 -0.00855648
FixedParameters: 0 0 0

#Transform 65
Transform: AffineTransform_float_3_3
Parameters: 0.999999 -0.000802591 -0.00035868 0.000801408 0.999999 -0.00164529 0.000360318 0.00164471 0.999998 0.0332359 0.0573497 -0.0255418
FixedParameters: 0 0 0

#Transform 66
Transform: AffineTransform_float_3_3
Parameters: 0.999999 -0.000867612 -0.000361535 0.000866389 0.999998 -0.00168931 0.000362463 0.00168869 0.999998 0.0468779 0.0775482 -0.0584908
FixedParameters: 0 0 0

#Transform 67
Transform: AffineTransform_float_3_3
Parameters: 0.999999 -0.00138017 -0.000371665 0.00137882 0.999994 -0.00314252 0.000376335 0.00314248 0.999995 0.0286386 0.110034 -0.0623984
FixedParameters: 0 0 0

#Transform 68
Transform: AffineTransform_float_3_3
Parameters: 0.999999 -0.0017869 -0.00024351 0.0017861 0.999992 -0.00363344 0.00025049 0.00363256 0.999994 0.0378912 0.144488 -0.0803372
FixedParameters: 0 0 0

#Transform 69
Transform: AffineTransform_float_3_3
Parameters: 0.999999 -0.00180539 -0.000119187 0.00180461 0.999993 -0.00322022 0.000124811 0.00321978 0.999995 0.0230166 0.135776 -0.0534876
FixedParameters: 0 0 0

#Transform 70
Transform: AffineTransform_float_3_3
Parameters: 0.999999 -0.00138064 -0.000506554 0.00137836 0.999994 -0.0032227 0.000511443 0.0032213 0.999994 0.029738 0.169918 -0.0516726
FixedParameters: 0 0 0

#Transform 71
Transform: AffineTransform_float_3_3
Parameters: 0.999998 -0.00196009 -0.000583003 0.0019589 0.999991 -0.00357215 0.00059 0.00357085 0.999994 0.0256014 0.14152 -0.0379813
FixedParameters: 0 0 0

#Transform 72
Transform: AffineTransform_float_3_3
Parameters: 0.999998 -0.00195864 -0.000169803 0.00195836 0.999992 -0.00367534 0.000177198 0.00367466 0.999993 0.0394491 0.142404 -0.069256
FixedParameters: 0 0 0

#Transform 73
Transform: AffineTransform_float_3_3
Parameters: 0.999998 -0.00195865 -0.000169699 0.00195835 0.999991 -0.00372834 0.000177302 0.00372766 0.999993 0.0394458 0.142814 -0.0489705
FixedParameters: 0 0 0

#Transform 74
Transform: AffineTransform_float_3_3
Parameters: 0.999997 -0.00243222 -0.000599064 0.00242978 0.999991 -0.00367647 0.000607937 0.00367553 0.999993 0.0392714 0.157424 -0.068775
FixedParameters: 0 0 0

#Transform 75
Transform: AffineTransform_float_3_3
Parameters: 0.999997 -0.00196232 -0.0010046 0.00195868 0.999989 -0.00428498 0.0010134 0.00428302 0.999991 0.0384257 0.176467 -0.0842528
FixedParameters: 0 0 0

#Transform 76
Transform: AffineTransform_float_3_3
Parameters: 0.999998 -0.00196041 -0.000507787 0.00195859 0.999987 -0.004703 0.000517216 0.00470199 0.999989 0.0422576 0.194649 -0.077923
FixedParameters: 0 0 0

#Transform 77
Transform: AffineTransform_float_3_3
Parameters: 0.999998 -0.00225026 -0.000263455 0.00224974 0.999986 -0.0046876 0.000274547 0.00468639 0.999989 0.026372 0.174332 -0.0462318
FixedParameters: 0 0 0

#Transform 78
Transform: AffineTransform_float_3_3
Parameters: 0.999998 -0.00196031 -0.000620764 0.0019587 0.999992 -0.00369422 0.00062724 0.00369378 0.999993 0.0287282 0.174825 -0.0440728
FixedParameters: 0 0 0

#Transform 79
Transform: AffineTransform_float_3_3
Parameters: 0.999997 -0.0022981 -0.000565516 0.00229589 0.99999 -0.00369431 0.000574486 0.00369369 0.999993 0.0266737 0.174368 -0.0474949
FixedParameters: 0 0 0

#Transform 80
Transform: AffineTransform_float_3_3
Parameters: 0.999997 -0.00239473 -0.000682484 0.00239227 0.999989 -0.00397665 0.000692517 0.00397535 0.999992 0.0403001 0.179025 -0.0650247
FixedParameters: 0 0 0

#Transform 81
Transform: AffineTransform_float_3_3
Parameters: 0.999997 -0.00231558 -0.000673176 0.00231342 0.99999 -0.00381357 0.000681825 0.00381143 0.999993 0.0407568 0.191134 -0.0597978
FixedParameters: 0 0 0

#Transform 82
Transform: AffineTransform_float_3_3
Parameters: 0.999999 -0.00176667 -0.000594115 0.00176433 0.999989 -0.00446706 0.000601886 0.00446595 0.99999 0.0446536 0.155379 -0.0615541
FixedParameters: 0 0 0

#Transform 83
Transform: AffineTransform_float_3_3
Parameters: 0.999998 -0.00175716 -0.000754692 0.00175385 0.99999 -0.00416333 0.000761307 0.00416167 0.999991 0.0460367 0.173419 -0.0284728
FixedParameters: 0 0 0

#Transform 84
Transform: AffineTransform_float_3_3
Parameters: 0.999999 -0.00175525 -0.000343657 0.00175375 0.999992 -0.00361561 0.000350344 0.00361539 0.999994 0.0425379 0.188099 -0.0401947
FixedParameters: 0 0 0

#Transform 85
Transform: AffineTransform_float_3_3
Parameters: 0.999997 -0.00216824 -0.000276438 0.00216676 0.999988 -0.00441161 0.000285562 0.00441139 0.99999 0.0384868 0.17723 -0.0314323
FixedParameters: 0 0 0

#Transform 86
Transform: AffineTransform_float_3_3
Parameters: 0.999997 -0.00216775 -0.000184328 0.00216724 0.999989 -0.00400141 0.000192672 0.00400059 0.999992 0.0325606 0.176959 -0.0138729
FixedParameters: 0 0 0

#Transform 87
Transform: AffineTransform_float_3_3
Parameters: 0.999997 -0.00216866 -0.000384738 0.00216733 0.999988 -0.00427284 0.000394261 0.00427115 0.999991 0.0394287 0.18845 -0.037346
FixedParameters: 0 0 0

#Transform 88
Transform: AffineTransform_float_3_3
Parameters: 0.999997 -0.00216889 -0.000437737 0.00216711 0.999988 -0.00427296 0.000447263 0.00427204 0.999991 0.0491255 0.179388 -0.0334538
FixedParameters: 0 0 0

#Transform 89
Transform: AffineTransform_float_3_3
Parameters: 0.999996 -0.00254132 -0.00027402 0.00253968 0.999985 -0.00471571 0.000285979 0.00471529 0.999989 0.050397 0.181416 -0.050463
FixedParameters: 0 0 0

#Transform 90
Transform: AffineTransform_float_3_3
Parameters: 0.999996 -0.00257731 -0.000273948 0.00257569 0.999985 -0.00467772 0.000286051 0.00467728 0.999989 0.0464485 0.18125 -0.0420148
FixedParameters: 0 0 0

#Transform 91
Transform: AffineTransform_float_3_3
Parameters: 0.999996 -0.00257736 -0.000273435 0.00257564 0.999985 -0.00487672 0.000285561 0.00487528 0.999988 0.0351287 0.182829 -0.0325743
FixedParameters: 0 0 0

#Transform 92
Transform: AffineTransform_float_3_3
Parameters: 0.999996 -0.00257875 -0.000522588 0.00257625 0.999983 -0.00520437 0.000535412 0.00520264 0.999987 0.048411 0.188621 -0.0454343
FixedParameters: 0 0 0

#Transform 93
Transform: AffineTransform_float_3_3
Parameters: 0.999997 -0.00235555 -9.8738e-05 0.00235446 0.999983 -0.00520624 0.000110258 0.00520575 0.999986 0.0447089 0.206432 -0.0591426
FixedParameters: 0 0 0

#Transform 94
Transform: AffineTransform_float_3_3
Parameters: 0.999996 -0.00257712 -0.00021073 0.00257588 0.999984 -0.00515056 0.000224268 0.00514944 0.999986 0.0480183 0.195406 -0.047083
FixedParameters: 0 0 0

#Transform 95
Transform: AffineTransform_float_3_3
Parameters: 0.999996 -0.00257739 -0.000273205 0.00257561 0.999985 -0.00496572 0.000285793 0.00496528 0.999987 0.0524501 0.183818 -0.0672188
FixedParameters: 0 0 0

#Transform 96
Transform: AffineTransform_float_3_3
Parameters: 0.999996 -0.0025759 2.6261e-05 0.0025761 0.999984 -0.00514795 -1.27383e-05 0.00514805 0.999986 0.0498891 0.185319 -0.0569631
FixedParameters: 0 0 0

#Transform 97
Transform: AffineTransform_float_3_3
Parameters: 0.999996 -0.00257529 0.000152546 0.00257571 0.999985 -0.00487062 -0.000140455 0.00487138 0.999988 0.039625 0.207387 -0.0680488
FixedParameters: 0 0 0

#Transform 98
Transform: AffineTransform_float_3_3
Parameters: 0.999997 -0.00246664 -0.000255679 0.00246436 0.999977 -0.00621364 0.000271318 0.00621335 0.99998 0.0263255 0.194173 -0.0747596
FixedParameters: 0 0 0

#Transform 99
Transform: AffineTransform_float_3_3
Parameters: 0.999997 -0.00215118 0.000152072 0.00215282 0.999982 -0.00561069 -0.000139922 0.00561132 0.999984 0.0245068 0.219587 -0.0427114
FixedParameters: 0 0 0

#Transform 100
Transform: AffineTransform_float_3_3
Parameters: 0.999996 -0.00257516 0.00015466 0.00257584 0.999981 -0.00569162 -0.00014034 0.00569238 0.999984 0.0347629 0.228815 -0.0390827
FixedParameters: 0 0 0

#Transform 101
Transform: AffineTransform_float_3_3
Parameters: 0.999996 -0.00257528 0.000152566 0.00257571 0.999985 -0.00487862 -0.000140437 0.00487838 0.999988 0.0369855 0.234842 -0.0521536
FixedParameters: 0 0 0

#Transform 102
Transform: AffineTransform_float_3_3
Parameters: 0.999996 -0.00257701 -0.000188697 0.00257599 0.999984 -0.0051635 0.000202304 0.0051635 0.999986 0.0337636 0.243349 -0.0696225
FixedParameters: 0 0 0

#Transform 103
Transform: AffineTransform_float_3_3
Parameters: 0.999996 -0.00257706 -0.000181542 0.00257594 0.999981 -0.00561149 0.000196456 0.00561051 0.999984 0.0252845 0.22193 -0.0587146
FixedParameters: 0 0 0

#Transform 104
Transform: AffineTransform_float_3_3
Parameters: 0.999998 -0.00229325 0.000151782 0.00229375 0.999984 -0.00513667 -0.000140218 0.00513733 0.999987 0.0267644 0.227691 -0.0779336
FixedParameters: 0 0 0

#Transform 105
Transform: AffineTransform_float_3_3
Parameters: 0.999997 -0.00219026 0.000151106 0.00219074 0.999984 -0.00506968 -0.000139894 0.00507032 0.999987 0.0184447 0.219808 -0.030502
FixedParameters: 0 0 0

#Transform 106
Transform: AffineTransform_float_3_3
Parameters: 0.999997 -0.00248975 0.000264105 0.00249125 0.999985 -0.00486036 -0.000251895 0.00486064 0.999988 0.0267191 0.214809 -0.0199547
FixedParameters: 0 0 0

#Transform 107
Transform: AffineTransform_float_3_3
Parameters: 0.999996 -0.0025752 0.000153962 0.0025758 0.999982 -0.00542062 -0.000140041 0.00542038 0.999986 0.0343273 0.211313 -0.0293445
FixedParameters: 0 0 0

#Transform 108
Transform: AffineTransform_float_3_3
Parameters: 0.999996 -0.00257531 0.00015209 0.00257568 0.999985 -0.00469362 -0.000139911 0.00469437 0.999989 0.0178617 0.215882 -0.027634
FixedParameters: 0 0 0

#Transform 109
Transform: AffineTransform_float_3_3
Parameters: 0.999996 -0.0027654 -0.000448447 0.0027626 0.999983 -0.00526526 0.000462553 0.00526474 0.999986 0.0152119 0.222303 -0.0443262
FixedParameters: 0 0 0

#Transform 110
Transform: AffineTransform_float_3_3
Parameters: 0.999997 -0.00257866 -0.000520998 0.00257634 0.999984 -0.00504536 0.000534003 0.00504364 0.999987 0.017639 0.204736 -0.0189314
FixedParameters: 0 0 0

#Transform 111
Transform: AffineTransform_float_3_3
Parameters: 0.999996 -0.00257714 -0.000225297 0.00257586 0.999985 -0.0049306 0.000237704 0.00493041 0.999988 0.0262746 0.227953 -0.0445099
FixedParameters: 0 0 0

#Transform 112
Transform: AffineTransform_float_3_3
Parameters: 0.999997 -0.00245756 -0.000112249 0.00245644 0.999985 -0.00478229 0.000123748 0.00478171 0.999988 0.0259078 0.229938 -0.0343853
FixedParameters: 0 0 0

#Transform 113
Transform: AffineTransform_float_3_3
Parameters: 0.999996 -0.00257755 -0.000296803 0.00257644 0.999983 -0.00512178 0.000310199 0.00512121 0.999987 0.0337936 0.224109 -0.0452417
FixedParameters: 0 0 0

#Transform 114
Transform: AffineTransform_float_3_3
Parameters: 0.999996 -0.00257759 -0.000296525 0.00257641 0.999983 -0.00522978 0.000310478 0.00522922 0.999987 0.0371624 0.213689 -0.032171
FixedParameters: 0 0 0

#Transform 115
Transform: AffineTransform_float_3_3
Parameters: 0.999996 -0.00257755 -0.000296803 0.00257644 0.999983 -0.00512178 0.000310199 0.00512121 0.999987 0.0405749 0.216134 -0.0475676
FixedParameters: 0 0 0

#Transform 116
Transform: AffineTransform_float_3_3
Parameters: 0.999996 -0.00257649 -9.55924e-05 0.00257651 0.999985 -0.00481626 0.000107409 0.00481574 0.999989 0.0309543 0.216043 -0.00834369
FixedParameters: 0 0 0

#Transform 117
Transform: AffineTransform_float_3_3
Parameters: 0.999996 -0.00257794 -0.000351052 0.00257606 0.999982 -0.00541292 0.000364948 0.00541208 0.999986 0.0421834 0.222674 -0.0283272
FixedParameters: 0 0 0

#Transform 118
Transform: AffineTransform_float_3_3
Parameters: 0.999996 -0.00257639 -6.9691e-05 0.0025756 0.999984 -0.0051662 8.33064e-05 0.0051658 0.999986 0.0297576 0.228041 -0.00757029
FixedParameters: 0 0 0

#Transform 119
Transform: AffineTransform_float_3_3
Parameters: 0.999996 -0.00257571 5.8587e-05 0.00257629 0.99998 -0.00566287 -4.4411e-05 0.00566313 0.999984 0.0253711 0.240955 -0.00409605
FixedParameters: 0 0 0

#Transform 120
Transform: AffineTransform_float_3_3
Parameters: 0.999998 -0.00229203 -0.000198437 0.00229097 0.999984 -0.00504647 0.000209565 0.00504653 0.999987 0.0223734 0.224519 -0.00584037
FixedParameters: 0 0 0

#Transform 121
Transform: AffineTransform_float_3_3
Parameters: 0.999997 -0.00246904 -0.000200565 0.00246796 0.999985 -0.00503751 0.000212433 0.00503649 0.999988 0.0294779 0.232727 -0.00813335
FixedParameters: 0 0 0

#Transform 122
Transform: AffineTransform_float_3_3
Parameters: 0.999997 -0.00239416 -0.0002155 0.00239285 0.999984 -0.00522254 0.0002275 0.00522247 0.999987 0.0130436 0.229814 -0.0187293
FixedParameters: 0 0 0

#Transform 123
Transform: AffineTransform_float_3_3
Parameters: 0.999998 -0.00215957 -0.000628863 0.00215543 0.999982 -0.00562537 0.000640133 0.00562363 0.999984 0.0185661 0.207879 -0.00170718
FixedParameters: 0 0 0

#Transform 124
Transform: AffineTransform_float_3_3
Parameters: 0.999996 -0.00257893 -0.000528902 0.00257607 0.999981 -0.00547038 0.000543097 0.00546862 0.999985 0.0141533 0.22688 -0.0032743
FixedParameters: 0 0 0

#Transform 125
Transform: AffineTransform_float_3_3
Parameters: 0.999998 -0.00213253 -0.000970935 0.00212746 0.999981 -0.00566608 0.000983069 0.00566392 0.999984 0.00592865 0.220329 0.000105689
FixedParameters: 0 0 0

#Transform 126
Transform: AffineTransform_float_3_3
Parameters: 0.999998 0.000130236 -0.00158965 -0.000137761 0.999988 -0.00488479 0.00158835 0.00488521 0.999987 0.00746478 0.0956506 0.121221
FixedParameters: 0 0 0

#Transform 127
Transform: AffineTransform_float_3_3
Parameters: 0.999998 -0.000428489 -0.00164204 0.000416511 0.999976 -0.0069907 0.00164495 0.00699031 0.999974 0.00344039 0.154309 0.0989961
FixedParameters: 0 0 0

#Transform 128
Transform: AffineTransform_float_3_3
Parameters: 0.999997 -0.00110963 -0.00208733 0.00109737 0.999981 -0.00604331 0.00209367 0.00604069 0.999979 0.00712728 0.158645 0.134026
FixedParameters: 0 0 0

#Transform 129
Transform: AffineTransform_float_3_3
Parameters: 0.999996 -0.00153219 -0.00208437 0.00151981 0.999979 -0.00631419 0.00209364 0.00631181 0.999978 0.0234053 0.176442 0.0885995
FixedParameters: 0 0 0

#Transform 130
Transform: AffineTransform_float_3_3
Parameters: 0.999997 -0.00153052 -0.00181938 0.00151949 0.999979 -0.00631378 0.00182863 0.00631122 0.999979 0.0211476 0.190468 0.092742
FixedParameters: 0 0 0

#Transform 131
Transform: AffineTransform_float_3_3
Parameters: 0.999997 -0.00152988 -0.00155034 0.00151912 0.999975 -0.00699238 0.00156166 0.00699063 0.999975 0.018865 0.188314 0.0683544
FixedParameters: 0 0 0

#Transform 132
Transform: AffineTransform_float_3_3
Parameters: 0.999996 -0.00196226 -0.00174398 0.00194674 0.99996 -0.00870942 0.00176102 0.00870557 0.99996 0.0232329 0.170975 -0.0147496
FixedParameters: 0 0 0

#Transform 133
Transform: AffineTransform_float_3_3
Parameters: 0.999997 -0.00196015 -0.00154445 0.00194684 0.999962 -0.00847203 0.00156155 0.00846897 0.999963 0.0307031 0.247743 -0.000443828
FixedParameters: 0 0 0

#Transform 134
Transform: AffineTransform_float_3_3
Parameters: 0.999997 -0.00195508 -0.000947501 0.00194691 0.999963 -0.00845687 0.000964497 0.00845514 0.999964 0.0304027 0.302254 -0.0235432
FixedParameters: 0 0 0

#Transform 135
Transform: AffineTransform_float_3_3
Parameters: 0.999997 -0.00195449 -0.000948721 0.00194751 0.999968 -0.00783287 0.000964282 0.00783114 0.999969 0.0234776 0.314738 -0.0237353
FixedParameters: 0 0 0

#Transform 136
Transform: AffineTransform_float_3_3
Parameters: 0.999998 -0.0019529 -0.000789557 0.0019471 0.99997 -0.00740755 0.000803443 0.00740545 0.999973 0.026573 0.304814 -0.0278773
FixedParameters: 0 0 0

#Transform 137
Transform: AffineTransform_float_3_3
Parameters: 0.999997 -0.00249758 -0.000942139 0.00249042 0.999965 -0.00796537 0.000961867 0.00796363 0.999968 0.0236121 0.308585 -0.0615731
FixedParameters: 0 0 0

#Transform 138
Transform: AffineTransform_float_3_3
Parameters: 0.999997 -0.00216337 -0.00126138 0.00215263 0.999965 -0.00816474 0.00127862 0.00816226 0.999966 0.0266985 0.284786 -0.0919807
FixedParameters: 0 0 0

#Transform 139
Transform: AffineTransform_float_3_3
Parameters: 0.999997 -0.00249317 -0.000359708 0.00248983 0.999961 -0.00854593 0.000381291 0.00854508 0.999964 0.0438569 0.284344 -0.112386
FixedParameters: 0 0 0

#Transform 140
Transform: AffineTransform_float_3_3
Parameters: 0.999996 -0.00304918 -0.000354697 0.00304582 0.999958 -0.00863112 0.000381301 0.00862988 0.999962 0.0434636 0.308706 -0.112797
FixedParameters: 0 0 0

#Transform 141
Transform: AffineTransform_float_3_3
Parameters: 0.999996 -0.00304643 -3.52535e-05 0.00304657 0.999957 -0.00878015 6.27512e-05 0.00877985 0.999962 0.0365698 0.320048 -0.108613
FixedParameters: 0 0 0

#Transform 142
Transform: AffineTransform_float_3_3
Parameters: 0.999996 -0.0030478 -0.000187796 0.00304621 0.999956 -0.00892862 0.000214207 0.00892839 0.99996 0.0378211 0.318512 -0.127658
FixedParameters: 0 0 0

#Transform 143
Transform: AffineTransform_float_3_3
Parameters: 0.999996 -0.0028213 9.18985e-05 0.00282169 0.999957 -0.00882378 -6.61036e-05 0.00882422 0.999961 0.0372212 0.339424 -0.138359
FixedParameters: 0 0 0

#Transform 144
Transform: AffineTransform_float_3_3
Parameters: 0.999996 -0.00304886 -0.000300282 0.00304614 0.999954 -0.00909595 0.00032872 0.00909504 0.999958 0.0388235 0.329196 -0.134643
FixedParameters: 0 0 0

#Transform 145
Transform: AffineTransform_float_3_3
Parameters: 0.999996 -0.00304987 -0.000411276 0.00304614 0.999954 -0.00909629 0.000438727 0.0090957 0.999958 0.0396801 0.349806 -0.0915659
FixedParameters: 0 0 0

#Transform 146
Transform: AffineTransform_float_3_3
Parameters: 0.999996 -0.00288964 -0.000813349 0.00288236 0.999953 -0.00923639 0.000840657 0.00923461 0.999957 0.0412394 0.354767 -0.113451
FixedParameters: 0 0 0

#Transform 147
Transform: AffineTransform_float_3_3
Parameters: 0.999997 -0.00214318 -0.000214244 0.00214082 0.999951 -0.00968948 0.000234753 0.00968852 0.999953 0.0292062 0.374818 -0.11924
FixedParameters: 0 0 0

#Transform 148
Transform: AffineTransform_float_3_3
Parameters: 0.999997 -0.00212775 3.43479e-05 0.00212726 0.999933 -0.011442 -1.06605e-05 0.011442 0.999934 0.0371451 0.390252 -0.164123
FixedParameters: 0 0 0

#Transform 149
Transform: AffineTransform_float_3_3
Parameters: 0.999997 -0.00238376 3.51721e-05 0.00238424 0.999942 -0.010559 -9.82529e-06 0.0105591 0.999945 0.0234183 0.39829 -0.113197
FixedParameters: 0 0 0

#Transform 150
Transform: AffineTransform_float_3_3
Parameters: 0.999997 -0.002138 -0.000351449 0.002134 0.999937 -0.0110258 0.000374551 0.0110252 0.999939 0.0318286 0.414368 -0.139385
FixedParameters: 0 0 0

#Transform 151
Transform: AffineTransform_float_3_3
Parameters: 0.999997 -0.00215076 3.35399e-05 0.00215124 0.999938 -0.010944 -1.04573e-05 0.010944 0.99994 0.0232282 0.407129 -0.126587
FixedParameters: 0 0 0

#Transform 152
Transform: AffineTransform_float_3_3
Parameters: 0.999997 -0.0023888 -0.000376762 0.0023842 0.999922 -0.0122519 0.000406241 0.0122511 0.999925 0.0127422 0.401256 -0.119715
FixedParameters: 0 0 0

#Transform 153
Transform: AffineTransform_float_3_3
Parameters: 0.999997 -0.00238374 3.66883e-05 0.00238427 0.999935 -0.011195 -1.03087e-05 0.0111951 0.999938 0.00787416 0.399203 -0.108239
FixedParameters: 0 0 0

#Transform 154
Transform: AffineTransform_float_3_3
Parameters: 0.999997 -0.00251798 -0.000152117 0.00251602 0.999927 -0.0118724 0.000181885 0.0118726 0.999929 0.0321131 0.398298 -0.104939
FixedParameters: 0 0 0

#Transform 155
Transform: AffineTransform_float_3_3
Parameters: 0.999997 -0.00246058 0.000217424 0.00246342 0.999925 -0.0119515 -0.00018757 0.0119525 0.999928 0.0167733 0.411294 -0.0805458
FixedParameters: 0 0 0

#Transform 156
Transform: AffineTransform_float_3_3
Parameters: 0.999996 -0.00257411 0.000252453 0.00257688 0.999922 -0.0122114 -0.000220549 0.0122116 0.999925 0.0318081 0.43154 -0.125763
FixedParameters: 0 0 0

#Transform 157
Transform: AffineTransform_float_3_3
Parameters: 0.999997 -0.00253456 5.18594e-05 0.00253544 0.999922 -0.0121739 -2.11349e-05 0.0121741 0.999926 0.0279573 0.400694 -0.0765977
FixedParameters: 0 0 0

#Transform 158
Transform: AffineTransform_float_3_3
Parameters: 0.999997 -0.00230661 0.000457113 0.00231239 0.999923 -0.012173 -0.000428882 0.012174 0.999926 0.0380503 0.407456 -0.0876507
FixedParameters: 0 0 0

#Transform 159
Transform: AffineTransform_float_3_3
Parameters: 0.999997 -0.00270757 0.000138579 0.00270843 0.999929 -0.0116597 -0.000106429 0.0116593 0.999932 0.0183104 0.401237 -0.0479625
FixedParameters: 0 0 0

#Transform 160
Transform: AffineTransform_float_3_3
Parameters: 0.999996 -0.00263299 1.62258e-05 0.002633 0.999926 -0.011859 1.52259e-05 0.011859 0.999929 0.0170334 0.393964 -0.0690625
FixedParameters: 0 0 0

#Transform 161
Transform: AffineTransform_float_3_3
Parameters: 0.999998 -0.00169017 -0.00024069 0.00168682 0.999919 -0.0126194 0.000262308 0.0126196 0.999921 0.0231297 0.319266 0.044411
FixedParameters: 0 0 0

#Transform 162
Transform: AffineTransform_float_3_3
Parameters: 0.999998 -0.00183927 -0.000835488 0.00182673 0.999893 -0.0144626 0.000861509 0.0144614 0.999895 0.0117718 0.364306 0.018928
FixedParameters: 0 0 0

#Transform 163
Transform: AffineTransform_float_3_3
Parameters: 0.999997 -0.0018413 -0.00114124 0.00182669 0.999922 -0.0124071 0.00116475 0.0124049 0.999923 0.0180847 0.383445 0.015799
FixedParameters: 0 0 0

#Transform 164
Transform: AffineTransform_float_3_3
Parameters: 0.999997 -0.00238653 -0.000715988 0.00237748 0.999913 -0.0130207 0.000747018 0.0130193 0.999915 0.00998312 0.405849 -0.0250572
FixedParameters: 0 0 0

#Transform 165
Transform: AffineTransform_float_3_3
Parameters: 0.999997 -0.00233028 -0.00069251 0.00232072 0.999912 -0.0131106 0.000723487 0.0131094 0.999914 0.0294669 0.403792 -0.000552488
FixedParameters: 0 0 0

#Transform 166
Transform: AffineTransform_float_3_3
Parameters: 0.999997 -0.00265623 -0.000605986 0.00264777 0.99991 -0.0132027 0.00064101 0.0132003 0.999912 0.0273613 0.419596 -0.00667359
FixedParameters: 0 0 0

#Transform 167
Transform: AffineTransform_float_3_3
Parameters: 0.999996 -0.00275053 -0.000530324 0.00274247 0.999902 -0.0137165 0.000567667 0.0137145 0.999906 0.03425 0.393629 0.0261303
FixedParameters: 0 0 0

#Transform 168
Transform: AffineTransform_float_3_3
Parameters: 0.999994 -0.00331315 -0.000788507 0.00330386 0.999916 -0.0125437 0.000829505 0.0125413 0.999921 0.0430599 0.415953 0.00545305
FixedParameters: 0 0 0

#Transform 169
Transform: AffineTransform_float_3_3
Parameters: 0.999996 -0.00293039 -0.000952714 0.00291861 0.999915 -0.0127518 0.000990295 0.0127492 0.999918 0.0280484 0.413819 0.0077655
FixedParameters: 0 0 0

#Transform 170
Transform: AffineTransform_float_3_3
Parameters: 0.999994 -0.0033713 -0.000947252 0.00335868 0.999913 -0.0127043 0.000990743 0.0127007 0.999919 0.0323443 0.415829 -0.0216935
FixedParameters: 0 0 0

#Transform 171
Transform: AffineTransform_float_3_3
Parameters: 0.999992 -0.00374249 -0.00153429 0.0037225 0.999915 -0.0125148 0.0015817 0.0125092 0.999921 0.0418406 0.387935 -0.0136851
FixedParameters: 0 0 0

#Transform 172
Transform: AffineTransform_float_3_3
Parameters: 0.999994 -0.0033319 -0.000979141 0.00331911 0.999912 -0.0128893 0.00102186 0.0128867 0.999917 0.0250044 0.424132 0.018582
FixedParameters: 0 0 0

#Transform 173
Transform: AffineTransform_float_3_3
Parameters: 0.999991 -0.00390435 -0.00112711 0.00388865 0.999904 -0.0133175 0.00117888 0.0133135 0.99991 0.0394058 0.431086 0.00822214
FixedParameters: 0 0 0

#Transform 174
Transform: AffineTransform_float_3_3
Parameters: 0.999991 -0.0040022 -0.000824387 0.00399081 0.999906 -0.0131654 0.000876608 0.0131616 0.999913 0.0344345 0.420373 0.0429197
FixedParameters: 0 0 0

#Transform 175
Transform: AffineTransform_float_3_3
Parameters: 0.999992 -0.00393305 -0.00125269 0.00391595 0.999904 -0.013332 0.00130531 0.013327 0.999911 0.0233721 0.459051 0.0237713
FixedParameters: 0 0 0

#Transform 176
Transform: AffineTransform_float_3_3
Parameters: 0.99999 -0.00426757 -0.00135381 0.00425044 0.99991 -0.0127269 0.0014072 0.0127211 0.999918 0.0214215 0.45349 0.0418795
FixedParameters: 0 0 0

#Transform 177
Transform: AffineTransform_float_3_3
Parameters: 0.999993 -0.00382628 -0.00086007 0.00381372 0.999896 -0.0138564 0.000912928 0.0138536 0.999903 0.0362507 0.432967 0.064104
FixedParameters: 0 0 0

#Transform 178
Transform: AffineTransform_float_3_3
Parameters: 0.99999 -0.00437004 -0.000781432 0.00435797 0.999881 -0.0147966 0.000845566 0.0147925 0.99989 0.0428654 0.416803 0.0554505
FixedParameters: 0 0 0

#Transform 179
Transform: AffineTransform_float_3_3
Parameters: 0.999991 -0.00412787 -0.0011753 0.00411112 0.999894 -0.014009 0.0012337 0.014003 0.999901 0.0432066 0.414886 0.0723033
FixedParameters: 0 0 0
