#Insight Transform File V1.0
#Transform 0
Transform: AffineTransform_float_3_3
Parameters: 0.999999 0.000324539 -0.00141065 -0.000322461 1 0.00109146 0.00141035 -0.00109054 0.999999 -0.00937733 -0.0166186 0.163858
FixedParameters: 0 0 0

#Transform 1
Transform: AffineTransform_float_3_3
Parameters: 1 0.000387418 -0.00100484 -0.000386583 1 0.000415389 0.00100516 -0.000415611 1 -0.0182799 -0.0061553 0.133221
FixedParameters: 0 0 0

#Transform 2
Transform: AffineTransform_float_3_3
Parameters: 0.999999 0.000388114 -0.00141669 -0.000386885 0.999999 0.000787548 0.0014163 -0.000786451 0.999998 -0.021304 0.00764734 0.106287
FixedParameters: 0 0 0

#Transform 3
Transform: AffineTransform_float_3_3
Parameters: 1 0.000386643 -0.00103013 -0.000386356 1 -0.000345602 0.00102987 0.000346398 1 -0.0103617 0.00895265 0.128452
FixedParameters: 0 0 0

#Transform 4
Transform: AffineTransform_float_3_3
Parameters: 1 0.000387134 -0.00110195 -0.000386867 1 0.000121426 0.00110205 -0.000121573 1 -0.00601005 -0.0115488 0.0994506
FixedParameters: 0 0 0

#Transform 5
Transform: AffineTransform_float_3_3
Parameters: 1 0.000478017 -0.000952993 -0.000477984 1 1.74555e-05 0.000953009 -1.75445e-05 1 -0.0185258 -0.00883876 0.100523
FixedParameters: 0 0 0

#Transform 6
Transform: AffineTransform_float_3_3
Parameters: 0.999999 0.000387975 -0.000852557 -0.000387027 1 0.00114233 0.000852442 -0.00114267 0.999999 -0.00810682 -0.0249462 0.131166
FixedParameters: 0 0 0

#Transform 7
Transform: AffineTransform_float_3_3
Parameters: 0.999999 0.000388081 -0.00122266 -0.000386919 0.999999 0.000884473 0.00122234 -0.000883526 0.999999 0.00229832 -0.00102128 0.12315
FixedParameters: 0 0 0

#Transform 8
Transform: AffineTransform_float_3_3
Parameters: 0.999996 0.00118619 -0.00257984 -0.00118781 0.999999 -0.000701939 0.00257917 0.000705063 0.999997 -0.0100084 0.00788521 0.172032
FixedParameters: 0 0 0

#Transform 9
Transform: AffineTransform_float_3_3
Parameters: 0.999998 0.000752343 -0.00175928 -0.000752658 0.999999 -0.000373677 0.00175872 0.000374324 0.999999 0.00747783 -0.00014616 0.118063
FixedParameters: 0 0 0

#Transform 10
Transform: AffineTransform_float_3_3
Parameters: 0.999998 0.000700646 -0.00150716 -0.000701353 0.999999 -0.000233943 0.00150683 0.000235056 0.999999 -0.000162699 -0.00393923 0.0926454
FixedParameters: 0 0 0

#Transform 11
Transform: AffineTransform_float_3_3
Parameters: 0.999998 0.00102797 -0.00133503 -0.00102803 1 -2.46276e-05 0.00133497 2.53724e-05 0.999999 -0.000659534 -0.0105218 0.0788789
FixedParameters: 0 0 0

#Transform 12
Transform: AffineTransform_float_3_3
Parameters: 1 0.000287288 -0.000974211 -0.000287712 0.999999 -0.00073072 0.000973791 0.00073128 1 -0.0102846 0.0109534 0.0667906
FixedParameters: 0 0 0

#Transform 13
Transform: AffineTransform_float_3_3
Parameters: 0.999999 0.000151349 -0.000892111 -0.000152652 0.999999 -0.000729864 0.000892889 0.000730135 1 -0.000237157 0.0352541 0.0484193
FixedParameters: 0 0 0

#Transform 14
Transform: AffineTransform_float_3_3
Parameters: 1 0.000151699 -0.000662069 -0.000152301 1 -0.000454899 0.00066193 0.0004551 0.999999 -0.0106594 0.0275781 0.0293882
FixedParameters: 0 0 0

#Transform 15
Transform: AffineTransform_float_3_3
Parameters: 1 0.000152099 -0.000340956 -0.000152901 1 0.000291052 0.000341044 -0.000290948 1 -0.0155712 0.00675902 0.00441896
FixedParameters: 0 0 0

#Transform 16
Transform: AffineTransform_float_3_3
Parameters: 1 0.00015199 -0.000600002 -0.00015201 1 -1.69088e-05 0.000599997 1.70912e-05 1 -0.00837042 0.00294417 -0.0193866
FixedParameters: 0 0 0

#Transform 17
Transform: AffineTransform_float_3_3
Parameters: 1 0.000152107 -0.000366956 -0.000152893 1 0.000291056 0.000367044 -0.000290944 1 0.00281478 -0.00815904 -0.0239091
FixedParameters: 0 0 0

#Transform 18
Transform: AffineTransform_float_3_3
Parameters: 1 0.000152064 -0.000219956 -0.000152936 1 0.000291034 0.000220044 -0.000290967 1 0.00460952 -0.0125236 -0.0109857
FixedParameters: 0 0 0

#Transform 19
Transform: AffineTransform_float_3_3
Parameters: 1 0.000151995 -0.000151005 -0.000152005 1 -3.5977e-05 0.000150995 3.6023e-05 1 0.00272293 -0.00630689 -0.0021264
FixedParameters: 0 0 0

#Transform 20
Transform: AffineTransform_float_3_3
Parameters: 1 -0.000135 -3.70005e-05 0.000135 1 3.995e-06 3.69995e-05 -4.00499e-06 1 -0.000560311 0.00459868 -0.0028417
FixedParameters: 0 0 0

#Transform 21
Transform: AffineTransform_float_3_3
Parameters: 1 -0.000102004 -3.69882e-05 0.000101996 1 -0.000116004 3.70118e-05 0.000115996 1 0.00950444 0.0187303 0.00824433
FixedParameters: 0 0 0

#Transform 22
Transform: AffineTransform_float_3_3
Parameters: 1 -0.000118002 -9.09973e-05 0.000117998 1 -2.30107e-05 9.10027e-05 2.29893e-05 1 0.00132738 0.0161343 0.00456786
FixedParameters: 0 0 0

#Transform 23
Transform: AffineTransform_float_3_3
Parameters: 1 -0.000215 -3.70019e-05 0.000215 1 8.99204e-06 3.69981e-05 -9.00795e-06 1 -0.00146309 0.0185539 0.0180591
FixedParameters: 0 0 0

#Transform 24
Transform: AffineTransform_float_3_3
Parameters: 1 -0.000373979 0.000178043 0.000374021 1 -0.000115933 -0.000177957 0.000116067 1 0.0065826 0.00742653 0.0192411
FixedParameters: 0 0 0

#Transform 25
Transform: AffineTransform_float_3_3
Parameters: 1 -0.000323985 0.00049901 0.000324015 1 -2.98383e-05 -0.00049899 3.01617e-05 1 0.00313116 0.0168143 0.0249429
FixedParameters: 0 0 0

#Transform 26
Transform: AffineTransform_float_3_3
Parameters: 1 -0.000422084 0.000342896 0.000421916 1 0.000246145 -0.000342104 -0.000245856 1 0.00621054 0.00926663 0.0141368
FixedParameters: 0 0 0

#Transform 27
Transform: AffineTransform_float_3_3
Parameters: 1 -0.000324003 0.000498998 0.000323996 1 7.16167e-06 -0.000499002 -6.83832e-06 1 0.0031393 0.0290308 0.049192
FixedParameters: 0 0 0

#Transform 28
Transform: AffineTransform_float_3_3
Parameters: 1 -0.000323942 0.000499037 0.000324058 1 -0.000115838 -0.000498962 0.000116162 1 0.00313409 0.0435615 0.0481823
FixedParameters: 0 0 0

#Transform 29
Transform: AffineTransform_float_3_3
Parameters: 1 -0.000324167 0.000498892 0.000323833 1 0.000334162 -0.000499108 -0.000333838 1 0.000614134 0.0309836 0.0340952
FixedParameters: 0 0 0

#Transform 30
Transform: AffineTransform_float_3_3
Parameters: 1 -9.50831e-05 0.000325976 9.49169e-05 1 0.000255031 -0.000326024 -0.000254969 1 0.0109172 0.0117229 0.0161288
FixedParameters: 0 0 0

#Transform 31
Transform: AffineTransform_float_3_3
Parameters: 1 -0.000218179 0.000498922 0.000217821 1 0.000359109 -0.000499078 -0.000358891 1 0.00455411 -0.00709727 0.0133802
FixedParameters: 0 0 0

#Transform 32
Transform: AffineTransform_float_3_3
Parameters: 1 -0.000212311 0.000498868 0.000211689 1 0.000622105 -0.000499132 -0.000622894 0.999999 0.00460419 -0.0078693 -0.00107207
FixedParameters: 0 0 0

#Transform 33
Transform: AffineTransform_float_3_3
Parameters: 1 0.000147612 0.000345166 -0.000147388 1 0.00112495 -0.000344835 -0.00112405 1 0.0136124 -0.00285675 0.020575
FixedParameters: 0 0 0

#Transform 34
Transform: AffineTransform_float_3_3
Parameters: 1 -0.000112337 0.000498924 0.000111663 1 0.000675055 -0.000499075 -0.000674944 0.999999 0.00585799 0.0101407 0.0150764
FixedParameters: 0 0 0

#Transform 35
Transform: AffineTransform_float_3_3
Parameters: 1 9.33433e-07 8.30007e-05 -1.06657e-06 0.999999 0.000801999 -8.29991e-05 -0.000802 0.999999 0.00861025 -0.0168749 0.00756815
FixedParameters: 0 0 0

#Transform 36
Transform: AffineTransform_float_3_3
Parameters: 1 0.000141164 -0.000167862 -0.000140836 0.999999 0.000975023 0.000168137 -0.000974975 0.999999 0.010648 -0.00803982 -0.000694988
FixedParameters: 0 0 0

#Transform 37
Transform: AffineTransform_float_3_3
Parameters: 1 0.000140935 8.21118e-05 -0.000141065 0.999999 0.000792988 -8.18881e-05 -0.000793011 0.999999 0.0036713 -0.00915344 0.00526967
FixedParameters: 0 0 0

#Transform 38
Transform: AffineTransform_float_3_3
Parameters: 1 0.000368318 0.000457549 -0.000368682 0.999999 0.00148983 -0.000457451 -0.00149017 0.999999 0.0160514 -0.0135138 0.0357861
FixedParameters: 0 0 0

#Transform 39
Transform: AffineTransform_float_3_3
Parameters: 1 0.000351296 0.000371666 -0.000352704 0.999998 0.00189487 -0.000371332 -0.00189513 0.999998 -0.00221468 -0.0248804 0.0306968
FixedParameters: 0 0 0

#Transform 40
Transform: AffineTransform_float_3_3
Parameters: 1 0.000311868 8.24984e-05 -0.000312132 0.999998 0.00159797 -8.25013e-05 -0.00159802 0.999998 0.018619 -0.0164423 0.0557353
FixedParameters: 0 0 0

#Transform 41
Transform: AffineTransform_float_3_3
Parameters: 1 0.000311609 0.000282432 -0.000312391 0.999999 0.00138691 -0.000281567 -0.00138709 0.999999 -0.000272336 -0.0105834 0.0448042
FixedParameters: 0 0 0

#Transform 42
Transform: AffineTransform_float_3_3
Parameters: 1 0.000311567 0.000301448 -0.000312432 0.999999 0.00143691 -0.000300551 -0.00143709 0.999999 -0.000787088 -0.0302527 0.0461615
FixedParameters: 0 0 0

#Transform 43
Transform: AffineTransform_float_3_3
Parameters: 1 0.000311094 0.000541522 -0.000311907 0.999998 0.00167383 -0.000541479 -0.00167417 0.999999 0.00428223 -0.0184942 0.0588864
FixedParameters: 0 0 0

#Transform 44
Transform: AffineTransform_float_3_3
Parameters: 1 0.000311633 0.000292391 -0.000312366 0.999999 0.00125491 -0.000291608 -0.00125509 0.999999 0.00692429 -0.0149024 0.0449497
FixedParameters: 0 0 0

#Transform 45
Transform: AffineTransform_float_3_3
Parameters: 1 0.00038201 0.000541699 -0.00038299 0.999999 0.00182779 -0.000541301 -0.00182821 0.999998 -0.0114402 -0.0230881 -0.00630004
FixedParameters: 0 0 0

#Transform 46
Transform: AffineTransform_float_3_3
Parameters: 1 0.000214397 0.000353366 -0.000214602 0.999998 0.00170792 -0.000352634 -0.00170807 0.999998 -0.00492805 -0.0591096 -0.002732
FixedParameters: 0 0 0

#Transform 47
Transform: AffineTransform_float_3_3
Parameters: 1 0.000151943 0.000541298 -0.000153059 0.999998 0.00195392 -0.000541702 -0.00195408 0.999998 -0.0109786 -0.0489614 -0.0151875
FixedParameters: 0 0 0

#Transform 48
Transform: AffineTransform_float_3_3
Parameters: 1 0.000311159 0.000541484 -0.000311842 0.999998 0.00155383 -0.000541516 -0.00155317 0.999998 -0.00662659 -0.0347568 -0.016425
FixedParameters: 0 0 0

#Transform 49
Transform: AffineTransform_float_3_3
Parameters: 0.999999 -7.01758e-05 0.000720887 6.88239e-05 0.999998 0.00163105 -0.000721113 -0.00163095 0.999999 -0.0189656 -0.0282932 -0.037408
FixedParameters: 0 0 0

#Transform 50
Transform: AffineTransform_float_3_3
Parameters: 0.999999 2.67289e-05 0.000762046 -2.8271e-05 0.999998 0.00166798 -0.000761954 -0.00166802 0.999999 -0.0218848 -0.025408 -0.0344597
FixedParameters: 0 0 0

#Transform 51
Transform: AffineTransform_float_3_3
Parameters: 1 -0.000109966 0.000655838 0.000109035 0.999999 0.00147307 -0.000655161 -0.00147293 0.999998 -0.0175888 -0.0143165 -0.0316779
FixedParameters: 0 0 0

#Transform 52
Transform: AffineTransform_float_3_3
Parameters: 1 -0.000109757 0.000540847 0.000109243 0.999999 0.00139906 -0.000541153 -0.00139894 0.999999 -0.0144325 -0.0122327 -0.0567279
FixedParameters: 0 0 0

#Transform 53
Transform: AffineTransform_float_3_3
Parameters: 1 -0.000109569 0.000351823 0.000108431 0.999998 0.00161604 -0.000352176 -0.00161596 0.999998 -0.00913542 -0.0183939 -0.0592452
FixedParameters: 0 0 0

#Transform 54
Transform: AffineTransform_float_3_3
Parameters: 1 -0.000301815 0.000540545 0.000301184 0.999999 0.00150716 -0.000541455 -0.00150784 0.999998 -0.022894 0.00716117 -0.0390595
FixedParameters: 0 0 0

#Transform 55
Transform: AffineTransform_float_3_3
Parameters: 1 -0.000109766 0.000540845 0.000109234 0.999999 0.00141606 -0.000541155 -0.00141594 0.999999 -0.014429 0.0148494 -0.0188553
FixedParameters: 0 0 0

#Transform 56
Transform: AffineTransform_float_3_3
Parameters: 1 -0.000110078 0.000629813 0.000108921 0.999999 0.00171207 -0.000630187 -0.00171193 0.999999 -0.0169171 0.00946607 -0.0228993
FixedParameters: 0 0 0

#Transform 57
Transform: AffineTransform_float_3_3
Parameters: 0.999999 -0.000110223 0.000713812 0.000108777 0.999998 0.00171308 -0.000714187 -0.00171292 0.999999 -0.0192671 0.011565 -0.0231396
FixedParameters: 0 0 0

#Transform 58
Transform: AffineTransform_float_3_3
Parameters: 0.999999 -0.00036738 0.000629778 0.00036662 1 0.000603231 -0.000630221 -0.000602768 0.999999 -0.0202898 0.028916 -0.0128433
FixedParameters: 0 0 0

#Transform 59
Transform: AffineTransform_float_3_3
Parameters: 0.999999 -0.000475676 0.000540406 0.000474323 0.999999 0.00125026 -0.000541594 -0.00125074 0.999999 -0.0263217 0.0235374 -0.0144551
FixedParameters: 0 0 0

#Transform 60
Transform: AffineTransform_float_3_3
Parameters: 0.999999 -0.000366374 0.000719302 0.000364627 0.999998 0.00190926 -0.000719697 -0.00190974 0.999998 -0.0239365 0.00913365 -0.0345304
FixedParameters: 0 0 0

#Transform 61
Transform: AffineTransform_float_3_3
Parameters: 0.999999 -0.000647246 0.00075994 0.000646753 0.999999 0.00163949 -0.000761061 -0.00163851 0.999999 -0.0457671 0.0242809 -0.0591369
FixedParameters: 0 0 0

#Transform 62
Transform: AffineTransform_float_3_3
Parameters: 1 -0.000648153 0.00103065 0.000645845 0.999997 0.00208867 -0.00103235 -0.00208733 0.999998 -0.053294 0.00947514 -0.0746301
FixedParameters: 0 0 0

#Transform 63
Transform: AffineTransform_float_3_3
Parameters: 1 -0.000648076 0.0010307 0.000645923 0.999998 0.00201367 -0.0010323 -0.00201233 0.999998 -0.0430678 0.0115474 -0.0857045
FixedParameters: 0 0 0

#Transform 64
Transform: AffineTransform_float_3_3
Parameters: 0.999999 -0.000162487 0.000692653 0.000160513 0.999997 0.00214511 -0.000693346 -0.00214589 0.999998 -0.0375098 0.00673637 -0.0842288
FixedParameters: 0 0 0

#Transform 65
Transform: AffineTransform_float_3_3
Parameters: 0.999999 -0.000376721 0.000824215 0.000375278 0.999997 0.00208831 -0.000824785 -0.00208769 0.999998 -0.0440505 0.00888363 -0.0861542
FixedParameters: 0 0 0

#Transform 66
Transform: AffineTransform_float_3_3
Parameters: 0.999999 -0.000495394 0.000720043 0.000494606 0.999998 0.00193436 -0.000720958 -0.00193464 0.999998 -0.0402519 0.0133699 -0.100802
FixedParameters: 0 0 0

#Transform 67
Transform: AffineTransform_float_3_3
Parameters: 0.999999 -0.000495356 0.000694033 0.000494643 0.999998 0.00195334 -0.000694967 -0.00195266 0.999998 -0.0420581 0.0128034 -0.148318
FixedParameters: 0 0 0

#Transform 68
Transform: AffineTransform_float_3_3
Parameters: 0.999999 -0.000495428 0.000713009 0.000494571 0.999998 0.00200235 -0.000713991 -0.00200165 0.999997 -0.0425332 0.0070313 -0.144412
FixedParameters: 0 0 0

#Transform 69
Transform: AffineTransform_float_3_3
Parameters: 1 -0.000624454 0.000826905 0.000622547 0.999999 0.00175652 -0.000828095 -0.00175648 0.999998 -0.0368524 0.00648249 -0.165283
FixedParameters: 0 0 0

#Transform 70
Transform: AffineTransform_float_3_3
Parameters: 0.999999 -0.000495177 0.000703173 0.000494824 0.999999 0.00167235 -0.000703829 -0.00167265 0.999999 -0.0423408 0.002625 -0.188053
FixedParameters: 0 0 0

#Transform 71
Transform: AffineTransform_float_3_3
Parameters: 0.999999 -0.000814738 0.000630045 0.000813259 0.999999 0.00117251 -0.000631953 -0.00117149 0.999999 -0.0444411 0.0131731 -0.18034
FixedParameters: 0 0 0

#Transform 72
Transform: AffineTransform_float_3_3
Parameters: 0.999999 -0.00049495 0.000765386 0.00049405 0.999999 0.00124138 -0.000765613 -0.00124062 0.999999 -0.0440368 0.0221389 -0.180607
FixedParameters: 0 0 0

#Transform 73
Transform: AffineTransform_float_3_3
Parameters: 0.999999 -0.00074928 0.00103107 0.00074872 0.999999 0.00124177 -0.00103193 -0.00124023 0.999998 -0.0547649 0.033139 -0.180577
FixedParameters: 0 0 0

#Transform 74
Transform: AffineTransform_float_3_3
Parameters: 1 -0.000918613 0.000792291 0.000917389 1 0.000772728 -0.00079271 -0.000772273 1 -0.0501553 0.0464716 -0.154822
FixedParameters: 0 0 0

#Transform 75
Transform: AffineTransform_float_3_3
Parameters: 0.999999 -0.000863797 0.00103133 0.000862203 1 0.00077289 -0.00103267 -0.000772109 0.999999 -0.0561751 0.0463201 -0.175219
FixedParameters: 0 0 0

#Transform 76
Transform: AffineTransform_float_3_3
Parameters: 0.999999 -0.000918797 0.00103129 0.000918203 1 0.000772948 -0.00103271 -0.000772052 0.999999 -0.0569148 0.0401982 -0.17522
FixedParameters: 0 0 0

#Transform 77
Transform: AffineTransform_float_3_3
Parameters: 1 -0.000918212 0.000615684 0.000917788 0.999999 0.000344565 -0.000616316 -0.000344434 1 -0.0452388 0.0585398 -0.149241
FixedParameters: 0 0 0

#Transform 78
Transform: AffineTransform_float_3_3
Parameters: 1 -0.000803347 0.000666582 0.000802653 0.999999 0.000520535 -0.000667418 -0.000520464 0.999999 -0.03915 0.0533503 -0.152718
FixedParameters: 0 0 0

#Transform 79
Transform: AffineTransform_float_3_3
Parameters: 0.999999 -0.000918634 0.00103144 0.000917365 1 0.000615947 -0.00103256 -0.000614052 1 -0.0569005 0.0508903 -0.151836
FixedParameters: 0 0 0

#Transform 80
Transform: AffineTransform_float_3_3
Parameters: 1 -0.000918275 0.000796684 0.000917727 1 0.000344731 -0.000796316 -0.000344269 0.999999 -0.0502689 0.0551074 -0.155307
FixedParameters: 0 0 0

#Transform 81
Transform: AffineTransform_float_3_3
Parameters: 0.999999 -0.000918675 0.0010314 0.000917326 1 0.000653947 -0.0010326 -0.000653052 1 -0.056905 0.0314436 -0.173581
FixedParameters: 0 0 0

#Transform 82
Transform: AffineTransform_float_3_3
Parameters: 0.999999 -0.000918892 0.00103121 0.000918108 0.999999 0.000864948 -0.00103279 -0.000864052 0.999999 -0.0569198 0.0443522 -0.176373
FixedParameters: 0 0 0

#Transform 83
Transform: AffineTransform_float_3_3
Parameters: 0.999999 -0.000918914 0.00103119 0.000918086 0.999999 0.000885948 -0.00103281 -0.000885052 0.999999 -0.0568978 0.0201451 -0.176637
FixedParameters: 0 0 0

#Transform 84
Transform: AffineTransform_float_3_3
Parameters: 0.999999 -0.000918921 0.000826978 0.000918079 0.999999 0.00111376 -0.000828022 -0.00111224 0.999999 -0.0511946 0.0288694 -0.195618
FixedParameters: 0 0 0

#Transform 85
Transform: AffineTransform_float_3_3
Parameters: 0.999999 -0.00126657 0.00089219 0.00126543 0.999999 0.00064013 -0.00089281 -0.00063887 1 -0.0575946 0.0520512 -0.196667
FixedParameters: 0 0 0

#Transform 86
Transform: AffineTransform_float_3_3
Parameters: 0.999999 -0.00128872 0.000889961 0.00128728 0.999999 0.000807147 -0.00089104 -0.000806853 1 -0.0463533 0.0396623 -0.175272
FixedParameters: 0 0 0

#Transform 87
Transform: AffineTransform_float_3_3
Parameters: 0.999997 -0.00154118 0.00148778 0.00154082 0.999999 0.000794294 -0.00148922 -0.000791707 0.999998 -0.0383995 0.0241153 -0.152571
FixedParameters: 0 0 0

#Transform 88
Transform: AffineTransform_float_3_3
Parameters: 0.999998 -0.00154064 0.00119818 0.00154036 0.999998 0.000535847 -0.00119882 -0.000533154 0.999999 -0.0426108 0.0582328 -0.17248
FixedParameters: 0 0 0

#Transform 89
Transform: AffineTransform_float_3_3
Parameters: 0.999998 -0.00154105 0.00129575 0.00153995 0.999998 0.000810996 -0.00129725 -0.000809002 0.999999 -0.0438338 0.0402598 -0.176273
FixedParameters: 0 0 0

#Transform 90
Transform: AffineTransform_float_3_3
Parameters: 0.999997 -0.00168707 0.00142374 0.00168593 0.999999 0.000749402 -0.00142526 -0.000747597 0.999998 -0.0438508 0.0256026 -0.158278
FixedParameters: 0 0 0

#Transform 91
Transform: AffineTransform_float_3_3
Parameters: 0.999998 -0.00172641 0.0015244 0.00172559 0.999998 0.000926633 -0.0015256 -0.000923369 0.999999 -0.0340727 0.0396165 -0.178246
FixedParameters: 0 0 0

#Transform 92
Transform: AffineTransform_float_3_3
Parameters: 0.999997 -0.00154161 0.00148733 0.00154039 0.999998 0.00108229 -0.00148867 -0.00108071 0.999999 -0.0323999 0.0292629 -0.17772
FixedParameters: 0 0 0

#Transform 93
Transform: AffineTransform_float_3_3
Parameters: 0.999997 -0.00173808 0.00136362 0.00173692 0.999998 0.00079237 -0.00136437 -0.00078963 0.999999 -0.0351389 0.034884 -0.176114
FixedParameters: 0 0 0

#Transform 94
Transform: AffineTransform_float_3_3
Parameters: 0.999998 -0.00161005 0.00103036 0.00160895 0.999998 0.00101866 -0.00103264 -0.00101734 0.999999 -0.0244995 0.0179759 -0.178406
FixedParameters: 0 0 0

#Transform 95
Transform: AffineTransform_float_3_3
Parameters: 0.999998 -0.00180948 0.00138038 0.00180952 0.999999 0.000346499 -0.00138063 -0.000344503 0.999999 -0.0277752 0.0371353 -0.160147
FixedParameters: 0 0 0

#Transform 96
Transform: AffineTransform_float_3_3
Parameters: 0.999997 -0.00173969 0.00138913 0.00173931 0.999999 0.000500418 -0.00138987 -0.000498583 0.999999 -0.0280593 0.0326488 -0.148541
FixedParameters: 0 0 0

#Transform 97
Transform: AffineTransform_float_3_3
Parameters: 0.999997 -0.00154051 0.00148747 0.00154049 0.999999 0.000346292 -0.00148853 -0.000343708 0.999999 -0.0225723 0.0365918 -0.170696
FixedParameters: 0 0 0

#Transform 98
Transform: AffineTransform_float_3_3
Parameters: 0.999997 -0.00196148 0.00138132 0.00196152 0.999998 0.00034671 -0.00138168 -0.000344291 0.999999 -0.0300908 0.0452521 -0.170305
FixedParameters: 0 0 0

#Transform 99
Transform: AffineTransform_float_3_3
Parameters: 0.999997 -0.00196147 0.00136132 0.00196153 0.999998 0.000346671 -0.00136168 -0.00034433 0.999999 -0.0266617 0.0694522 -0.148938
FixedParameters: 0 0 0

#Transform 100
Transform: AffineTransform_float_3_3
Parameters: 0.999997 -0.00196125 0.00134364 0.00196075 0.999998 0.000185635 -0.00134436 -0.000183364 0.999999 -0.0402972 0.0614662 -0.148549
FixedParameters: 0 0 0

#Transform 101
Transform: AffineTransform_float_3_3
Parameters: 0.999998 -0.00171841 0.00117341 0.0017176 0.999999 0.000346016 -0.00117359 -0.000343984 1 -0.0221473 0.0656088 -0.149296
FixedParameters: 0 0 0

#Transform 102
Transform: AffineTransform_float_3_3
Parameters: 0.999997 -0.00195952 0.00150632 0.00195948 0.999998 0.000346953 -0.00150668 -0.000344049 0.999999 -0.0311501 0.0738132 -0.163412
FixedParameters: 0 0 0

#Transform 103
Transform: AffineTransform_float_3_3
Parameters: 0.999997 -0.00195952 0.00150632 0.00195948 0.999998 0.000346953 -0.00150668 -0.000344049 0.999999 -0.0299477 0.07381 -0.17978
FixedParameters: 0 0 0

#Transform 104
Transform: AffineTransform_float_3_3
Parameters: 0.999997 -0.00195962 0.00150619 0.00195938 0.999998 0.000414952 -0.00150681 -0.000412048 0.999999 -0.037351 0.0590682 -0.18384
FixedParameters: 0 0 0

#Transform 105
Transform: AffineTransform_float_3_3
Parameters: 0.999997 -0.00195952 0.00150632 0.00195948 0.999998 0.000346953 -0.00150668 -0.000344049 0.999999 -0.0448442 0.0560923 -0.204393
FixedParameters: 0 0 0

#Transform 106
Transform: AffineTransform_float_3_3
Parameters: 0.999996 -0.00208052 0.00150628 0.00207948 0.999998 0.000347133 -0.00150672 -0.000343866 0.999999 -0.046458 0.0672432 -0.202504
FixedParameters: 0 0 0

#Transform 107
Transform: AffineTransform_float_3_3
Parameters: 0.999997 -0.00195952 0.00150632 0.00195948 0.999998 0.000346953 -0.00150668 -0.000344049 0.999999 -0.044828 0.0737839 -0.170664
FixedParameters: 0 0 0

#Transform 108
Transform: AffineTransform_float_3_3
Parameters: 0.999998 -0.00144084 0.00150716 0.00144116 0.999999 -0.000106828 -0.00150684 0.000109171 0.999999 -0.0380542 0.0853253 -0.153719
FixedParameters: 0 0 0

#Transform 109
Transform: AffineTransform_float_3_3
Parameters: 0.999997 -0.00196857 0.00150625 0.00196843 0.999998 0.000380966 -0.00150675 -0.000378035 0.999999 -0.0449173 0.0728949 -0.171071
FixedParameters: 0 0 0

#Transform 110
Transform: AffineTransform_float_3_3
Parameters: 0.999997 -0.00196848 0.00150637 0.00196752 0.999998 0.000318965 -0.00150662 -0.000316035 0.999999 -0.0449143 0.0745455 -0.170241
FixedParameters: 0 0 0

#Transform 111
Transform: AffineTransform_float_3_3
Parameters: 0.999997 -0.00196887 0.00150587 0.00196813 0.999998 0.000575965 -0.00150613 -0.000573036 0.999998 -0.0449539 0.0674569 -0.202462
FixedParameters: 0 0 0

#Transform 112
Transform: AffineTransform_float_3_3
Parameters: 0.999997 -0.00186382 0.00150599 0.00186319 0.999998 0.000542807 -0.00150601 -0.000540195 0.999998 -0.0435305 0.0681621 -0.201112
FixedParameters: 0 0 0

#Transform 113
Transform: AffineTransform_float_3_3
Parameters: 0.999997 -0.00196866 0.00150613 0.00196833 0.999998 0.000442966 -0.00150687 -0.000440035 0.999999 -0.044945 0.0755563 -0.185991
FixedParameters: 0 0 0

#Transform 114
Transform: AffineTransform_float_3_3
Parameters: 0.999997 -0.00187816 0.00165682 0.00187784 0.999998 9.61115e-05 -0.00165718 -9.28878e-05 0.999998 -0.0479516 0.0805902 -0.182319
FixedParameters: 0 0 0

#Transform 115
Transform: AffineTransform_float_3_3
Parameters: 0.999996 -0.00196885 0.00165199 0.00196815 0.999998 0.000514253 -0.00165301 -0.000510747 0.999998 -0.0490231 0.0691592 -0.17234
FixedParameters: 0 0 0

#Transform 116
Transform: AffineTransform_float_3_3
Parameters: 0.999997 -0.00196881 0.00157699 0.00196819 0.999998 0.000514105 -0.00157801 -0.000510895 0.999998 -0.0469384 0.0691656 -0.179693
FixedParameters: 0 0 0

#Transform 117
Transform: AffineTransform_float_3_3
Parameters: 0.999997 -0.00196895 0.00185799 0.00196805 0.999998 0.000514659 -0.00185901 -0.000511342 0.999998 -0.0417529 0.0691565 -0.180256
FixedParameters: 0 0 0

#Transform 118
Transform: AffineTransform_float_3_3
Parameters: 0.999996 -0.00196874 0.00204629 0.00196826 0.999998 0.000364029 -0.00204771 -0.00035997 0.999998 -0.0480403 0.0733697 -0.19283
FixedParameters: 0 0 0

#Transform 119
Transform: AffineTransform_float_3_3
Parameters: 0.999996 -0.00196741 0.00204757 0.00196759 0.999998 -0.000286972 -0.00204743 0.000291029 0.999998 -0.0354008 0.109176 -0.178239
FixedParameters: 0 0 0

#Transform 120
Transform: AffineTransform_float_3_3
Parameters: 0.999996 -0.0019688 0.00204623 0.0019682 0.999998 0.000392029 -0.00204777 -0.00038797 0.999998 -0.0353307 0.0725724 -0.179185
FixedParameters: 0 0 0

#Transform 121
Transform: AffineTransform_float_3_3
Parameters: 0.999996 -0.00196868 0.00204634 0.00196832 0.999998 0.000335029 -0.00204766 -0.00033097 0.999998 -0.0353235 0.0697125 -0.178416
FixedParameters: 0 0 0

#Transform 122
Transform: AffineTransform_float_3_3
Parameters: 0.999996 -0.0019691 0.00204594 0.0019679 0.999998 0.000540028 -0.00204706 -0.000535971 0.999998 -0.035316 0.0572014 -0.186752
FixedParameters: 0 0 0

#Transform 123
Transform: AffineTransform_float_3_3
Parameters: 0.999995 -0.00196881 0.00224029 0.00196819 0.999998 0.000365411 -0.00224172 -0.000361588 0.999998 -0.0407292 0.0401426 -0.179257
FixedParameters: 0 0 0

#Transform 124
Transform: AffineTransform_float_3_3
Parameters: 0.999996 -0.00196865 0.00204637 0.00196835 0.999998 0.000320029 -0.00204763 -0.00031597 0.999998 -0.0351549 0.0216991 -0.142201
FixedParameters: 0 0 0

#Transform 125
Transform: AffineTransform_float_3_3
Parameters: 0.999995 -0.00196857 0.00219849 0.00196843 0.999998 0.000259329 -0.00219851 -0.000255673 0.999998 -0.0394352 0.0427028 -0.149169
FixedParameters: 0 0 0

#Transform 126
Transform: AffineTransform_float_3_3
Parameters: 0.999996 -0.00161574 0.00204641 0.00161526 0.999998 0.000363307 -0.00204758 -0.000359693 0.999998 -0.0305704 0.0351288 -0.143122
FixedParameters: 0 0 0

#Transform 127
Transform: AffineTransform_float_3_3
Parameters: 0.999996 -0.00187457 0.00204648 0.00187443 0.999998 0.000280837 -0.00204752 -0.000277163 0.999998 -0.0339126 0.0473706 -0.112925
FixedParameters: 0 0 0

#Transform 128
Transform: AffineTransform_float_3_3
Parameters: 0.999996 -0.00187341 0.00204754 0.00187459 0.999998 -0.000287163 -0.00204746 0.000290837 0.999998 -0.0339725 0.0655868 -0.125984
FixedParameters: 0 0 0

#Transform 129
Transform: AffineTransform_float_3_3
Parameters: 0.999996 -0.00187473 0.00209734 0.00187426 0.999998 0.000352932 -0.00209866 -0.000348067 0.999997 -0.0288425 0.0559035 -0.134561
FixedParameters: 0 0 0

#Transform 130
Transform: AffineTransform_float_3_3
Parameters: 0.999996 -0.00187403 0.00176497 0.00187397 0.999998 1.93076e-05 -0.00176503 -1.56923e-05 0.999999 -0.0189193 0.0569902 -0.10592
FixedParameters: 0 0 0

#Transform 131
Transform: AffineTransform_float_3_3
Parameters: 0.999996 -0.00187435 0.00204668 0.00187465 0.999998 0.000174837 -0.00204732 -0.000171163 0.999998 -0.0128439 0.0527798 -0.132057
FixedParameters: 0 0 0

#Transform 132
Transform: AffineTransform_float_3_3
Parameters: 0.999997 -0.00173901 0.00204784 0.00173999 0.999999 -0.000479439 -0.00204716 0.000483562 0.999998 -0.00171262 0.0509606 -0.0974887
FixedParameters: 0 0 0

#Transform 133
Transform: AffineTransform_float_3_3
Parameters: 0.999996 -0.00187294 0.00204797 0.00187407 0.999998 -0.000518164 -0.00204703 0.000521836 0.999998 -0.00897369 0.0863479 -0.0909891
FixedParameters: 0 0 0

#Transform 134
Transform: AffineTransform_float_3_3
Parameters: 0.999996 -0.00206888 0.00204813 0.00207011 0.999997 -0.000542762 -0.00204687 0.000547237 0.999998 -0.0216726 0.0805964 -0.0800292
FixedParameters: 0 0 0

#Transform 135
Transform: AffineTransform_float_3_3
Parameters: 0.999995 -0.00187235 0.00228635 0.00187465 0.999998 -0.000718717 -0.00228465 0.000723281 0.999997 -0.019729 0.064771 -0.0739172
FixedParameters: 0 0 0

#Transform 136
Transform: AffineTransform_float_3_3
Parameters: 0.999995 -0.00209295 0.00216998 0.00209505 0.999998 -0.000941459 -0.00216802 0.000945542 0.999997 -0.0131857 0.0858715 -0.0856406
FixedParameters: 0 0 0

#Transform 137
Transform: AffineTransform_float_3_3
Parameters: 0.999995 -0.00230676 0.00236219 0.00230824 0.999997 -0.000945552 -0.00235981 0.000950448 0.999997 -0.0020158 0.079197 -0.0890636
FixedParameters: 0 0 0

#Transform 138
Transform: AffineTransform_float_3_3
Parameters: 0.999996 -0.00187233 0.00204853 0.00187467 0.999998 -0.000814162 -0.00204747 0.000817836 0.999997 -0.00686233 0.076679 -0.0806185
FixedParameters: 0 0 0

#Transform 139
Transform: AffineTransform_float_3_3
Parameters: 0.999995 -0.00218507 0.00204906 0.00218693 0.999997 -0.000941524 -0.00204694 0.000946478 0.999998 -0.00545661 0.092721 -0.0669416
FixedParameters: 0 0 0

#Transform 140
Transform: AffineTransform_float_3_3
Parameters: 0.999996 -0.00199489 0.00204808 0.00199611 0.999998 -0.000539914 -0.00204692 0.000544085 0.999998 -0.00845319 0.0812132 -0.0906797
FixedParameters: 0 0 0

#Transform 141
Transform: AffineTransform_float_3_3
Parameters: 0.999996 -0.00187289 0.00204802 0.00187411 0.999998 -0.000540164 -0.00204698 0.000543836 0.999998 -0.00685582 0.0808506 -0.0697082
FixedParameters: 0 0 0

#Transform 142
Transform: AffineTransform_float_3_3
Parameters: 0.999996 -0.00224449 0.00204866 0.00224552 0.999997 -0.000737403 -0.00204734 0.000741599 0.999997 -0.00229584 0.0871109 -0.0881731
FixedParameters: 0 0 0

#Transform 143
Transform: AffineTransform_float_3_3
Parameters: 0.999995 -0.00187284 0.00249887 0.00187417 0.999998 -0.000464319 -0.00249713 0.000468679 0.999997 -0.00433327 0.0787262 -0.0642628
FixedParameters: 0 0 0

#Transform 144
Transform: AffineTransform_float_3_3
Parameters: 0.999995 -0.00213306 0.00256062 0.00213494 0.999998 -0.000754538 -0.00255839 0.000760462 0.999997 -0.0191962 0.0829402 -0.0923016
FixedParameters: 0 0 0

#Transform 145
Transform: AffineTransform_float_3_3
Parameters: 0.999994 -0.00187271 0.00272489 0.00187429 0.999998 -0.000471895 -0.00272411 0.000477104 0.999996 -0.0175533 0.0789775 -0.0839947
FixedParameters: 0 0 0

#Transform 146
Transform: AffineTransform_float_3_3
Parameters: 0.999993 -0.00215275 0.00297818 0.00215226 0.999997 -8.25907e-05 -0.00297782 8.8411e-05 0.999995 -0.0231985 0.10125 -0.0850328
FixedParameters: 0 0 0

#Transform 147
Transform: AffineTransform_float_3_3
Parameters: 0.999992 -0.00247479 0.00295401 0.00247521 0.999997 -0.000405691 -0.00295299 0.000412311 0.999995 -0.0235771 0.090469 -0.0841357
FixedParameters: 0 0 0

#Transform 148
Transform: AffineTransform_float_3_3
Parameters: 0.999993 -0.00247579 0.00301317 0.00247521 0.999997 -6.45423e-05 -0.00301283 7.24597e-05 0.999996 -0.0326316 0.0873272 -0.0740705
FixedParameters: 0 0 0

#Transform 149
Transform: AffineTransform_float_3_3
Parameters: 0.999993 -0.00196654 0.00322228 0.00196746 0.999998 -0.000138661 -0.00322172 0.000144337 0.999995 -0.0143608 0.0586344 -0.0399404
FixedParameters: 0 0 0

#Transform 150
Transform: AffineTransform_float_3_3
Parameters: 0.999993 -0.00178581 0.00323535 0.0017812 0.999998 0.00148777 -0.00323765 -0.00148223 0.999993 0.00722054 0.0191929 -0.0956172
FixedParameters: 0 0 0

#Transform 151
Transform: AffineTransform_float_3_3
Parameters: 0.999992 -0.00246246 0.00330546 0.00245555 0.999995 0.00225714 -0.00331054 -0.00224887 0.999992 0.0164904 -0.00702982 -0.125245
FixedParameters: 0 0 0

#Transform 152
Transform: AffineTransform_float_3_3
Parameters: 0.999992 -0.00252964 0.00314567 0.00252336 0.999994 0.00211195 -0.00315133 -0.00210404 0.999993 0.0202298 0.00998584 -0.1451
FixedParameters: 0 0 0

#Transform 153
Transform: AffineTransform_float_3_3
Parameters: 0.999993 -0.0023806 0.00309169 0.0023754 0.999995 0.00181436 -0.00309531 -0.00180664 0.999993 0.00861242 0.0280377 -0.149651
FixedParameters: 0 0 0

#Transform 154
Transform: AffineTransform_float_3_3
Parameters: 0.999992 -0.00218643 0.00314723 0.00218057 0.999996 0.00172787 -0.00315176 -0.00172112 0.999993 0.000581773 0.0352174 -0.136358
FixedParameters: 0 0 0

#Transform 155
Transform: AffineTransform_float_3_3
Parameters: 0.999992 -0.00199939 0.00329634 0.00199461 0.999997 0.00133358 -0.00329865 -0.00132741 0.999993 0.00288393 0.0264993 -0.13017
FixedParameters: 0 0 0

#Transform 156
Transform: AffineTransform_float_3_3
Parameters: 0.999994 -0.00186045 0.00314838 0.00185655 0.999998 0.00141486 -0.00315163 -0.00140915 0.999994 0.0197343 0.0316209 -0.0961491
FixedParameters: 0 0 0

#Transform 157
Transform: AffineTransform_float_3_3
Parameters: 0.999994 -0.00158598 0.00309296 0.00158202 0.999998 0.0012889 -0.00309504 -0.0012831 0.999995 0.0250199 0.0464427 -0.0665414
FixedParameters: 0 0 0

#Transform 158
Transform: AffineTransform_float_3_3
Parameters: 0.999994 -0.00158486 0.00314956 0.00158214 0.999999 0.000910989 -0.00315144 -0.000906011 0.999994 0.0235171 0.0569662 -0.0167047
FixedParameters: 0 0 0

#Transform 159
Transform: AffineTransform_float_3_3
Parameters: 0.999993 -0.00199218 0.00315025 0.00199082 0.999998 0.000377274 -0.00315174 -0.000370724 0.999995 0.00463644 0.0661663 -0.0305445
FixedParameters: 0 0 0

#Transform 160
Transform: AffineTransform_float_3_3
Parameters: 0.999993 -0.0020707 0.00314988 0.00206929 0.999997 0.000544522 -0.00315112 -0.000537479 0.999995 0.00831059 0.0682942 -0.0324684
FixedParameters: 0 0 0

#Transform 161
Transform: AffineTransform_float_3_3
Parameters: 0.999994 -0.00206907 0.00295995 0.00206893 0.999998 2.81241e-05 -0.00296005 -2.18756e-05 0.999995 0.0129672 0.0608536 -0.0253403
FixedParameters: 0 0 0

#Transform 162
Transform: AffineTransform_float_3_3
Parameters: 0.999993 -0.00181286 0.00332827 0.00180614 0.999996 0.00206403 -0.00333173 -0.00205798 0.999993 0.0167638 0.0259537 -0.0127752
FixedParameters: 0 0 0

#Transform 163
Transform: AffineTransform_float_3_3
Parameters: 0.999992 -0.00214852 0.00314792 0.00214447 0.999996 0.00143976 -0.00315108 -0.00143324 0.999994 0.0276115 0.0296969 -0.0128567
FixedParameters: 0 0 0

#Transform 164
Transform: AffineTransform_float_3_3
Parameters: 0.999994 -0.00184755 0.00314833 0.00184245 0.999998 0.00144781 -0.00315167 -0.00144219 0.999994 0.0214734 0.0395526 0.010412
FixedParameters: 0 0 0

#Transform 165
Transform: AffineTransform_float_3_3
Parameters: 0.999993 -0.00231159 0.00273197 0.00230841 0.999997 0.00131532 -0.00273503 -0.00130869 0.999996 0.0268376 0.068357 -0.00311057
FixedParameters: 0 0 0

#Transform 166
Transform: AffineTransform_float_3_3
Parameters: 0.999994 -0.00225195 0.00282085 0.00224805 0.999997 0.00140335 -0.00282415 -0.00139665 0.999995 0.025267 0.0735369 -0.00443065
FixedParameters: 0 0 0

#Transform 167
Transform: AffineTransform_float_3_3
Parameters: 0.999993 -0.00192025 0.00296961 0.00191475 0.999996 0.0017707 -0.00297339 -0.0017653 0.999994 0.0253421 0.0543484 -0.00958397
FixedParameters: 0 0 0

#Transform 168
Transform: AffineTransform_float_3_3
Parameters: 0.999995 -0.00208486 0.00263896 0.00208114 0.999997 0.0014655 -0.00264205 -0.0014595 0.999996 0.0325515 0.0317647 -0.00483501
FixedParameters: 0 0 0

#Transform 169
Transform: AffineTransform_float_3_3
Parameters: 0.999995 -0.00206994 0.00262011 0.00206506 0.999996 0.00188642 -0.00262489 -0.00188058 0.999995 0.0430378 -0.0044592 -0.0261631
FixedParameters: 0 0 0

#Transform 170
Transform: AffineTransform_float_3_3
Parameters: 0.999995 -0.00191816 0.00269693 0.00191084 0.999994 0.00265317 -0.00270208 -0.00264883 0.999993 0.0332206 0.00796561 0.0101088
FixedParameters: 0 0 0

#Transform 171
Transform: AffineTransform_float_3_3
Parameters: 0.999994 -0.00217843 0.00269762 0.00217256 0.999995 0.00201587 -0.00270238 -0.00201012 0.999995 0.0234496 0.0211546 -0.00470424
FixedParameters: 0 0 0

#Transform 172
Transform: AffineTransform_float_3_3
Parameters: 0.999994 -0.00208001 0.0026966 0.00207299 0.999995 0.00260161 -0.0027024 -0.0025954 0.999993 0.0309902 0.0198707 -0.0109085
FixedParameters: 0 0 0

#Transform 173
Transform: AffineTransform_float_3_3
Parameters: 0.999991 -0.00344199 0.00222349 0.00342801 0.999974 0.00626467 -0.00224451 -0.00625732 0.999978 0.0189821 -0.0650858 0.0185504
FixedParameters: 0 0 0

#Transform 174
Transform: AffineTransform_float_3_3
Parameters: 0.999978 -0.00460643 0.00466369 0.00455658 0.999934 0.0105545 -0.00471131 -0.0105335 0.999934 0.0410786 -0.0937816 0.544795
FixedParameters: 0 0 0

#Transform 175
Transform: AffineTransform_float_3_3
Parameters: 0.99998 -0.00406789 0.00480804 0.00402511 0.999953 0.00889653 -0.00484396 -0.00887747 0.999949 0.044079 -0.109983 0.48137
FixedParameters: 0 0 0

#Transform 176
Transform: AffineTransform_float_3_3
Parameters: 0.999977 -0.00401619 0.00533375 0.00397381 0.999959 0.00808437 -0.00536526 -0.00806363 0.999953 -0.00288236 -0.119938 0.40012
FixedParameters: 0 0 0

#Transform 177
Transform: AffineTransform_float_3_3
Parameters: 0.999969 -0.00489349 0.00615459 0.0048545 0.999968 0.00625407 -0.00618541 -0.00622392 0.999961 0.0205995 -0.0772332 0.342843
FixedParameters: 0 0 0

#Transform 178
Transform: AffineTransform_float_3_3
Parameters: 0.999969 -0.00480679 0.00634531 0.00476521 0.999968 0.00642844 -0.00637569 -0.00639756 0.999959 0.0233727 -0.0811087 0.352858
FixedParameters: 0 0 0

#Transform 179
Transform: AffineTransform_float_3_3
Parameters: 0.99997 -0.00469647 0.00619175 0.00465953 0.999971 0.00605203 -0.00622024 -0.00602296 0.999962 0.0221855 -0.0659617 0.364427
FixedParameters: 0 0 0
