# transform file /out/sourcedata/freesurfer/sub-v2s12x28872_ses-1/mri/transforms/cc_up.lta
# created by oesteban on Wed Mar 11 00:27:58 2026

type      = 0 # LINEAR_VOX_TO_VOX
nxforms   = 1
mean      = 127.0000 105.0000 136.0000
sigma     = 10000.0000
1 4 4
9.901427030563354e-01 1.013630107045174e-01 9.665910154581070e-02 -2.042191123962402e+01 
-1.008834466338158e-01 9.948495030403137e-01 -9.848381392657757e-03 5.366160964965820e+01 
-9.715951979160309e-02 0.000000000000000e+00 9.952688217163086e-01 1.005620098114014e+01 
0.000000000000000e+00 0.000000000000000e+00 0.000000000000000e+00 1.000000000000000e+00 
src volume info
valid = 1  # volume info valid
filename = /out/sourcedata/freesurfer/sub-v2s12x28872_ses-1/mri/norm.mgz
volume = 256 256 256
voxelsize = 1.000000000000000e+00 1.000000000000000e+00 1.000000000000000e+00
xras   = -1.000000000000000e+00 0.000000000000000e+00 0.000000000000000e+00
yras   = 0.000000000000000e+00 0.000000000000000e+00 -1.000000000000000e+00
zras   = 0.000000000000000e+00 1.000000000000000e+00 0.000000000000000e+00
cras   = 5.000000000000000e-01 -1.403100585937500e+01 -7.000000000000000e+00
dst volume info
valid = 1  # volume info valid
filename = /out/sourcedata/freesurfer/sub-v2s12x28872_ses-1/mri/norm.mgz
volume = 256 256 256
voxelsize = 1.000000000000000e+00 1.000000000000000e+00 1.000000000000000e+00
xras   = -1.000000000000000e+00 0.000000000000000e+00 0.000000000000000e+00
yras   = 0.000000000000000e+00 0.000000000000000e+00 -1.000000000000000e+00
zras   = 0.000000000000000e+00 1.000000000000000e+00 0.000000000000000e+00
cras   = 5.000000000000000e-01 -1.403100585937500e+01 -7.000000000000000e+00
