# transform file /out/sourcedata/freesurfer/sub-v2s12x28889_ses-1/mri/transforms/cc_up.lta
# created by oesteban on Wed Mar 11 03:31:37 2026

type      = 0 # LINEAR_VOX_TO_VOX
nxforms   = 1
mean      = 127.0000 117.0000 132.0000
sigma     = 10000.0000
1 4 4
9.961441159248352e-01 6.265103071928024e-02 -6.141577288508415e-02 4.576182365417480e-02 
-6.253229826688766e-02 9.980355501174927e-01 3.855334827676415e-03 3.282949447631836e+01 
6.153666228055954e-02 4.656613428188905e-10 9.981048703193665e-01 6.277819156646729e+00 
0.000000000000000e+00 0.000000000000000e+00 0.000000000000000e+00 1.000000000000000e+00 
src volume info
valid = 1  # volume info valid
filename = /out/sourcedata/freesurfer/sub-v2s12x28889_ses-1/mri/norm.mgz
volume = 256 256 256
voxelsize = 1.000000000000000e+00 1.000000000000000e+00 1.000000000000000e+00
xras   = -1.000000000000000e+00 0.000000000000000e+00 0.000000000000000e+00
yras   = 0.000000000000000e+00 0.000000000000000e+00 -1.000000000000000e+00
zras   = 0.000000000000000e+00 1.000000000000000e+00 0.000000000000000e+00
cras   = -5.549011230468750e-01 5.000000000000000e-01 5.656005859375000e+00
dst volume info
valid = 1  # volume info valid
filename = /out/sourcedata/freesurfer/sub-v2s12x28889_ses-1/mri/norm.mgz
volume = 256 256 256
voxelsize = 1.000000000000000e+00 1.000000000000000e+00 1.000000000000000e+00
xras   = -1.000000000000000e+00 0.000000000000000e+00 0.000000000000000e+00
yras   = 0.000000000000000e+00 0.000000000000000e+00 -1.000000000000000e+00
zras   = 0.000000000000000e+00 1.000000000000000e+00 0.000000000000000e+00
cras   = -5.549011230468750e-01 5.000000000000000e-01 5.656005859375000e+00
