# transform file /out/sourcedata/freesurfer/sub-v2s12x28859_ses-1/mri/transforms/cc_up.lta
# created by oesteban on Wed Mar 11 00:06:55 2026

type      = 0 # LINEAR_VOX_TO_VOX
nxforms   = 1
mean      = 127.0000 143.0000 111.0000
sigma     = 10000.0000
1 4 4
9.977648258209229e-01 -2.994040213525295e-02 5.973874405026436e-02 -1.921606421470642e+00 
2.988688088953495e-02 9.995515942573547e-01 1.789404312148690e-03 -2.948610544204712e+00 
-5.976554006338120e-02 1.164153079491470e-10 9.982123970985413e-01 2.881838989257812e+01 
0.000000000000000e+00 0.000000000000000e+00 0.000000000000000e+00 1.000000000000000e+00 
src volume info
valid = 1  # volume info valid
filename = /out/sourcedata/freesurfer/sub-v2s12x28859_ses-1/mri/norm.mgz
volume = 256 256 256
voxelsize = 1.000000000000000e+00 1.000000000000000e+00 1.000000000000000e+00
xras   = -1.000000000000000e+00 0.000000000000000e+00 0.000000000000000e+00
yras   = 0.000000000000000e+00 0.000000000000000e+00 -1.000000000000000e+00
zras   = 0.000000000000000e+00 1.000000000000000e+00 0.000000000000000e+00
cras   = 1.310043334960938e-01 1.409399414062500e+01 1.831199645996094e+01
dst volume info
valid = 1  # volume info valid
filename = /out/sourcedata/freesurfer/sub-v2s12x28859_ses-1/mri/norm.mgz
volume = 256 256 256
voxelsize = 1.000000000000000e+00 1.000000000000000e+00 1.000000000000000e+00
xras   = -1.000000000000000e+00 0.000000000000000e+00 0.000000000000000e+00
yras   = 0.000000000000000e+00 0.000000000000000e+00 -1.000000000000000e+00
zras   = 0.000000000000000e+00 1.000000000000000e+00 0.000000000000000e+00
cras   = 1.310043334960938e-01 1.409399414062500e+01 1.831199645996094e+01
