# transform file /out/sourcedata/freesurfer/sub-v2s12x28899_ses-1/mri/transforms/cc_up.lta
# created by oesteban on Wed Mar 11 04:34:58 2026

type      = 0 # LINEAR_VOX_TO_VOX
nxforms   = 1
mean      = 128.0000 101.0000 123.0000
sigma     = 10000.0000
1 4 4
9.971702098846436e-01 3.084886074066162e-02 6.855602562427521e-02 -1.041124820709229e+01 
-3.077621199190617e-02 9.995240569114685e-01 -2.115882234647870e-03 4.523042678833008e+01 
-6.858867406845093e-02 0.000000000000000e+00 9.976450204849243e-01 1.905723381042480e+01 
0.000000000000000e+00 0.000000000000000e+00 0.000000000000000e+00 1.000000000000000e+00 
src volume info
valid = 1  # volume info valid
filename = /out/sourcedata/freesurfer/sub-v2s12x28899_ses-1/mri/norm.mgz
volume = 256 256 256
voxelsize = 1.000000000000000e+00 1.000000000000000e+00 1.000000000000000e+00
xras   = -1.000000000000000e+00 0.000000000000000e+00 0.000000000000000e+00
yras   = 0.000000000000000e+00 0.000000000000000e+00 -1.000000000000000e+00
zras   = 0.000000000000000e+00 1.000000000000000e+00 0.000000000000000e+00
cras   = 4.249702453613281e+00 2.843994140625000e+00 -6.531997680664062e+00
dst volume info
valid = 1  # volume info valid
filename = /out/sourcedata/freesurfer/sub-v2s12x28899_ses-1/mri/norm.mgz
volume = 256 256 256
voxelsize = 1.000000000000000e+00 1.000000000000000e+00 1.000000000000000e+00
xras   = -1.000000000000000e+00 0.000000000000000e+00 0.000000000000000e+00
yras   = 0.000000000000000e+00 0.000000000000000e+00 -1.000000000000000e+00
zras   = 0.000000000000000e+00 1.000000000000000e+00 0.000000000000000e+00
cras   = 4.249702453613281e+00 2.843994140625000e+00 -6.531997680664062e+00
