# transform file /out/sourcedata/freesurfer/sub-v2s12x28864_ses-1/mri/transforms/cc_up.lta
# created by oesteban on Wed Mar 11 00:17:56 2026

type      = 0 # LINEAR_VOX_TO_VOX
nxforms   = 1
mean      = 127.0000 115.0000 121.0000
sigma     = 10000.0000
1 4 4
9.984914660453796e-01 -5.210354179143906e-02 -1.732358895242214e-02 6.904025554656982e+00 
5.209570378065109e-02 9.986417293548584e-01 -9.038479765877128e-04 1.854179191589355e+01 
1.734715141355991e-02 -5.820766785236131e-11 9.998495578765869e-01 2.078711128234863e+01 
0.000000000000000e+00 0.000000000000000e+00 0.000000000000000e+00 1.000000000000000e+00 
src volume info
valid = 1  # volume info valid
filename = /out/sourcedata/freesurfer/sub-v2s12x28864_ses-1/mri/norm.mgz
volume = 256 256 256
voxelsize = 1.000000000000000e+00 1.000000000000000e+00 1.000000000000000e+00
xras   = -1.000000000000000e+00 0.000000000000000e+00 0.000000000000000e+00
yras   = 0.000000000000000e+00 0.000000000000000e+00 -1.000000000000000e+00
zras   = 0.000000000000000e+00 1.000000000000000e+00 0.000000000000000e+00
cras   = 2.374702453613281e+00 1.065600585937500e+01 -1.700000000000000e+01
dst volume info
valid = 1  # volume info valid
filename = /out/sourcedata/freesurfer/sub-v2s12x28864_ses-1/mri/norm.mgz
volume = 256 256 256
voxelsize = 1.000000000000000e+00 1.000000000000000e+00 1.000000000000000e+00
xras   = -1.000000000000000e+00 0.000000000000000e+00 0.000000000000000e+00
yras   = 0.000000000000000e+00 0.000000000000000e+00 -1.000000000000000e+00
zras   = 0.000000000000000e+00 1.000000000000000e+00 0.000000000000000e+00
cras   = 2.374702453613281e+00 1.065600585937500e+01 -1.700000000000000e+01
