# transform file /out/sourcedata/freesurfer/sub-v2s12x28895_ses-1/mri/transforms/cc_up.lta
# created by oesteban on Wed Mar 11 03:49:30 2026

type      = 0 # LINEAR_VOX_TO_VOX
nxforms   = 1
mean      = 130.0000 118.0000 116.0000
sigma     = 10000.0000
1 4 4
9.996191859245300e-01 -2.710899151861668e-02 5.178052000701427e-03 1.146582484245300e+00 
2.710862644016743e-02 9.996325969696045e-01 1.404233480570838e-04 2.652384185791016e+01 
-5.179955624043941e-03 0.000000000000000e+00 9.999866485595703e-01 2.066966247558594e+01 
0.000000000000000e+00 0.000000000000000e+00 0.000000000000000e+00 1.000000000000000e+00 
src volume info
valid = 1  # volume info valid
filename = /out/sourcedata/freesurfer/sub-v2s12x28895_ses-1/mri/norm.mgz
volume = 256 256 256
voxelsize = 1.000000000000000e+00 1.000000000000000e+00 1.000000000000000e+00
xras   = -1.000000000000000e+00 0.000000000000000e+00 0.000000000000000e+00
yras   = 0.000000000000000e+00 0.000000000000000e+00 -1.000000000000000e+00
zras   = 0.000000000000000e+00 1.000000000000000e+00 0.000000000000000e+00
cras   = 6.124702453613281e+00 1.573399353027344e+01 -6.414001464843750e+00
dst volume info
valid = 1  # volume info valid
filename = /out/sourcedata/freesurfer/sub-v2s12x28895_ses-1/mri/norm.mgz
volume = 256 256 256
voxelsize = 1.000000000000000e+00 1.000000000000000e+00 1.000000000000000e+00
xras   = -1.000000000000000e+00 0.000000000000000e+00 0.000000000000000e+00
yras   = 0.000000000000000e+00 0.000000000000000e+00 -1.000000000000000e+00
zras   = 0.000000000000000e+00 1.000000000000000e+00 0.000000000000000e+00
cras   = 6.124702453613281e+00 1.573399353027344e+01 -6.414001464843750e+00
