#Insight Transform File V1.0
#Transform 0
Transform: AffineTransform_float_3_3
Parameters: 0.999999 -0.000957833 -0.00100832 0.000955167 0.999995 -0.00280696 0.00101068 0.00280603 0.999995 0.0541594 0.0769447 -0.0512639
FixedParameters: 0 0 0

#Transform 1
Transform: AffineTransform_float_3_3
Parameters: 0.999999 -0.0010206 -0.000923139 0.00101841 0.999996 -0.00280694 0.000925862 0.00280606 0.999995 0.0444654 0.0653621 -0.0512784
FixedParameters: 0 0 0

#Transform 2
Transform: AffineTransform_float_3_3
Parameters: 0.999999 -0.00102645 -0.00100852 0.00102355 0.999996 -0.00242303 0.00101048 0.00242196 0.999996 0.0579694 0.0568146 -0.0535214
FixedParameters: 0 0 0

#Transform 3
Transform: AffineTransform_float_3_3
Parameters: 0.999998 -0.00111401 -0.00125834 0.00111099 0.999997 -0.0023894 0.00126066 0.0023876 0.999997 0.066792 0.055589 -0.0506124
FixedParameters: 0 0 0

#Transform 4
Transform: AffineTransform_float_3_3
Parameters: 0.999999 -0.00111341 -0.00100834 0.00111059 0.999996 -0.00239212 0.00101066 0.00239088 0.999996 0.0559531 0.0557482 -0.05059
FixedParameters: 0 0 0

#Transform 5
Transform: AffineTransform_float_3_3
Parameters: 0.999999 -0.00111272 -0.000707298 0.00111028 0.999996 -0.00243079 0.000709701 0.00243021 0.999997 0.0476637 0.0570535 -0.0506587
FixedParameters: 0 0 0

#Transform 6
Transform: AffineTransform_float_3_3
Parameters: 0.999999 -0.00111267 -0.000850826 0.00111033 0.999998 -0.00195595 0.000853173 0.00195505 0.999997 0.046332 0.0621705 -0.0693745
FixedParameters: 0 0 0

#Transform 7
Transform: AffineTransform_float_3_3
Parameters: 0.999999 -0.00111182 -0.000657618 0.00111018 0.999998 -0.00124373 0.000659381 0.00124327 0.999999 0.0459677 0.0283963 -0.0893506
FixedParameters: 0 0 0

#Transform 8
Transform: AffineTransform_float_3_3
Parameters: 0.999999 -0.00103946 -0.00092625 0.00103654 0.999996 -0.00264896 0.000928749 0.00264804 0.999996 0.0493559 0.0893112 -0.0449605
FixedParameters: 0 0 0

#Transform 9
Transform: AffineTransform_float_3_3
Parameters: 0.999999 -0.000922971 -0.00104226 0.000921029 0.999998 -0.00188996 0.00104374 0.00188904 0.999997 0.0589041 0.0748875 -0.0661709
FixedParameters: 0 0 0

#Transform 10
Transform: AffineTransform_float_3_3
Parameters: 0.999999 -0.00111232 -0.00104259 0.00111068 0.999998 -0.00126816 0.00104441 0.00126684 0.999998 0.0539138 0.0469863 -0.0800072
FixedParameters: 0 0 0

#Transform 11
Transform: AffineTransform_float_3_3
Parameters: 0.999999 -0.00105214 -0.000809519 0.00105186 0.999999 -0.00140885 0.000810482 0.00140815 0.999998 0.0424563 0.047308 -0.0890154
FixedParameters: 0 0 0

#Transform 12
Transform: AffineTransform_float_3_3
Parameters: 0.999999 -0.00111204 -0.000661248 0.00111096 0.999998 -0.00157674 0.000662751 0.00157526 0.999998 0.046075 0.0499391 -0.0969018
FixedParameters: 0 0 0

#Transform 13
Transform: AffineTransform_float_3_3
Parameters: 0.999999 -0.000765467 -0.000965839 0.000763534 0.999998 -0.00151874 0.000966161 0.00151826 0.999999 0.0462427 0.0408446 -0.109263
FixedParameters: 0 0 0

#Transform 14
Transform: AffineTransform_float_3_3
Parameters: 0.999999 -0.00111211 -0.000942694 0.00111089 0.999998 -0.00117505 0.000944305 0.00117395 0.999999 0.0558985 0.0146445 -0.0666864
FixedParameters: 0 0 0

#Transform 15
Transform: AffineTransform_float_3_3
Parameters: 0.999999 -0.000618176 -0.00115491 0.000617824 1 -0.000152714 0.00115509 0.000152286 1 0.0451356 -0.00890836 -0.0373826
FixedParameters: 0 0 0

#Transform 16
Transform: AffineTransform_float_3_3
Parameters: 1 -0.000264043 -0.000554979 0.000263957 1 -7.71465e-05 0.00055502 7.68535e-05 1 0.023457 0.0109161 -0.0433402
FixedParameters: 0 0 0

#Transform 17
Transform: AffineTransform_float_3_3
Parameters: 1 -0.000166186 -0.000596948 0.000165815 1 -0.000310099 0.000597051 0.000310901 1 0.0248373 0.0239369 -0.0651578
FixedParameters: 0 0 0

#Transform 18
Transform: AffineTransform_float_3_3
Parameters: 0.999999 -0.000102293 -0.000943967 0.000101707 1 -0.000310096 0.000944031 0.000310903 0.999999 0.0368148 0.0191686 -0.0652528
FixedParameters: 0 0 0

#Transform 19
Transform: AffineTransform_float_3_3
Parameters: 1 -0.000102122 -0.000470973 0.000101878 1 -0.000259048 0.000471026 0.000258952 1 0.020313 0.0173521 -0.0315207
FixedParameters: 0 0 0

#Transform 20
Transform: AffineTransform_float_3_3
Parameters: 1 -0.000101959 0.000131032 0.000102041 1 -0.000309987 -0.000130968 0.000310013 1 -0.000654531 0.00835649 0.00663986
FixedParameters: 0 0 0

#Transform 21
Transform: AffineTransform_float_3_3
Parameters: 1 -0.000102198 -0.000637968 0.000101802 1 -0.000310065 0.000638031 0.000310935 0.999999 0.0261078 0.0191603 -0.0065586
FixedParameters: 0 0 0

#Transform 22
Transform: AffineTransform_float_3_3
Parameters: 1 4.98909e-05 -0.000638008 -5.01091e-05 1 -0.000170968 0.000637991 0.000171032 1 0.0258441 0.0358704 0.0118998
FixedParameters: 0 0 0

#Transform 23
Transform: AffineTransform_float_3_3
Parameters: 1 0.000382762 -0.000921099 -0.000383238 1 -0.000257647 0.000920901 0.000258352 0.999999 0.0351546 0.0265644 -0.0322945
FixedParameters: 0 0 0

#Transform 24
Transform: AffineTransform_float_3_3
Parameters: 0.999999 -0.00010077 -0.0012921 0.00010123 0.999999 0.000951869 0.0012919 -0.00095213 0.999998 0.0489034 -0.0426807 -0.0420249
FixedParameters: 0 0 0

#Transform 25
Transform: AffineTransform_float_3_3
Parameters: 1 -0.000100606 -0.00107913 0.000101396 0.999999 0.00129289 0.00107987 -0.00129211 0.999998 0.0415757 -0.0545546 -0.0454622
FixedParameters: 0 0 0

#Transform 26
Transform: AffineTransform_float_3_3
Parameters: 1 -0.00010065 -0.00107913 0.000101351 0.999999 0.00125089 0.00107987 -0.00125111 0.999998 0.0242776 -0.0159276 -0.019374
FixedParameters: 0 0 0

#Transform 27
Transform: AffineTransform_float_3_3
Parameters: 1 1.16001e-05 -0.00107898 -1.04009e-05 0.999999 0.00148201 0.00107902 -0.00148299 0.999999 0.024042 -0.0238929 -0.00337933
FixedParameters: 0 0 0

#Transform 28
Transform: AffineTransform_float_3_3
Parameters: 1 0.000152503 -0.00107879 -0.000151497 0.999999 0.00139316 0.00107921 -0.00139284 0.999999 0.036956 -0.0207391 -0.0492473
FixedParameters: 0 0 0

#Transform 29
Transform: AffineTransform_float_3_3
Parameters: 1 -0.000100308 -0.00107916 0.000101693 0.999999 0.00156789 0.00107984 -0.00156811 0.999998 0.0357671 -0.0268421 -0.0873004
FixedParameters: 0 0 0

#Transform 30
Transform: AffineTransform_float_3_3
Parameters: 0.999999 -0.000100884 -0.000761148 0.000102115 0.999999 0.00146592 0.000760851 -0.00146608 0.999998 0.0239404 -0.0256883 -0.08753
FixedParameters: 0 0 0

#Transform 31
Transform: AffineTransform_float_3_3
Parameters: 1 -0.000100456 -0.00118013 0.000101543 0.999999 0.00130788 0.00117987 -0.00130812 0.999999 0.0404604 -0.0499771 -0.0878156
FixedParameters: 0 0 0

#Transform 32
Transform: AffineTransform_float_3_3
Parameters: 1 -0.000100529 -0.00107914 0.000101472 0.999999 0.00136289 0.00107986 -0.00136311 0.999999 0.0368389 -0.0453841 -0.048355
FixedParameters: 0 0 0

#Transform 33
Transform: AffineTransform_float_3_3
Parameters: 0.999999 -0.000100124 -0.00123615 0.000101876 0.999999 0.00151788 0.00123585 -0.00151812 0.999998 0.0453069 -0.0398425 -0.0369181
FixedParameters: 0 0 0

#Transform 34
Transform: AffineTransform_float_3_3
Parameters: 1 -0.000101382 -0.000649097 0.000101618 0.999999 0.000951934 0.000648904 -0.000952066 1 0.0285586 -0.0263361 -0.0212457
FixedParameters: 0 0 0

#Transform 35
Transform: AffineTransform_float_3_3
Parameters: 0.999999 -0.00017979 -0.000873249 0.00018021 0.999999 0.00138584 0.00087275 -0.00138616 0.999998 0.0336764 -0.0415191 -0.00964133
FixedParameters: 0 0 0

#Transform 36
Transform: AffineTransform_float_3_3
Parameters: 1 -0.000101049 -0.00056917 0.000101952 0.999998 0.00167094 0.000569831 -0.00167106 0.999999 0.0494995 -0.0206429 0.0110665
FixedParameters: 0 0 0

#Transform 37
Transform: AffineTransform_float_3_3
Parameters: 1 -0.000109227 0.00121037 0.00010177 0.999982 0.00596913 -0.00121163 -0.00596888 0.999982 -0.0125796 -0.144521 0.0477468
FixedParameters: 0 0 0

#Transform 38
Transform: AffineTransform_float_3_3
Parameters: 1 -0.000108888 0.00117038 0.000102114 0.999982 0.00588412 -0.00117062 -0.00588387 0.999982 -0.0111709 -0.145521 0.0539752
FixedParameters: 0 0 0

#Transform 39
Transform: AffineTransform_float_3_3
Parameters: 0.999999 -0.000107077 0.000878396 0.000101925 0.999984 0.00577809 -0.000878603 -0.00577791 0.999983 -0.00115696 -0.136894 0.0030926
FixedParameters: 0 0 0

#Transform 40
Transform: AffineTransform_float_3_3
Parameters: 1 -0.000108331 0.00116443 0.000101671 0.999985 0.00543612 -0.00116457 -0.00543588 0.999984 -0.0210319 -0.145284 -0.0381953
FixedParameters: 0 0 0

#Transform 41
Transform: AffineTransform_float_3_3
Parameters: 0.999999 -0.000105603 0.000743497 0.000101394 0.999989 0.00484508 -0.0007445 -0.00484492 0.999988 -0.0142755 -0.109642 -0.00826808
FixedParameters: 0 0 0

#Transform 42
Transform: AffineTransform_float_3_3
Parameters: 0.999999 -0.000106135 0.000760434 0.000101867 0.999985 0.00543608 -0.000760565 -0.00543592 0.999985 -0.0148177 -0.127915 0.0106183
FixedParameters: 0 0 0

#Transform 43
Transform: AffineTransform_float_3_3
Parameters: 1 3.14763e-06 0.00063803 -6.85218e-06 0.999982 0.00603799 -0.00063797 -0.006038 0.999981 -0.0108813 -0.134818 -0.00699443
FixedParameters: 0 0 0

#Transform 44
Transform: AffineTransform_float_3_3
Parameters: 0.999999 -2.63415e-05 0.000728856 2.16576e-05 0.999983 0.00595602 -0.000729142 -0.00595598 0.999982 -0.0138856 -0.129248 0.000425976
FixedParameters: 0 0 0

#Transform 45
Transform: AffineTransform_float_3_3
Parameters: 1 -0.000105271 0.000563399 0.000101731 0.999983 0.00580306 -0.0005636 -0.00580294 0.999983 -0.00795456 -0.12392 -0.00124122
FixedParameters: 0 0 0

#Transform 46
Transform: AffineTransform_float_3_3
Parameters: 0.999999 -0.000106125 0.000716401 0.000101872 0.999984 0.00575508 -0.000717598 -0.00575493 0.999983 -0.0133427 -0.122248 -0.00753206
FixedParameters: 0 0 0

#Transform 47
Transform: AffineTransform_float_3_3
Parameters: 0.999999 -0.000107601 0.00094638 0.000101402 0.999983 0.0059161 -0.000946616 -0.0059159 0.999982 -0.0213354 -0.109087 -0.00722767
FixedParameters: 0 0 0

#Transform 48
Transform: AffineTransform_float_3_3
Parameters: 0.999999 2.54627e-05 0.000773163 -2.95363e-05 0.999983 0.00586898 -0.00077284 -0.00586902 0.999983 -0.0210643 -0.10731 -0.00731598
FixedParameters: 0 0 0

#Transform 49
Transform: AffineTransform_float_3_3
Parameters: 1 6.57022e-05 0.000568391 -6.93019e-05 0.999983 0.00580496 -0.000568607 -0.00580404 0.999983 -0.00845626 -0.104971 0.0165436
FixedParameters: 0 0 0

#Transform 50
Transform: AffineTransform_float_3_3
Parameters: 1 6.27274e-05 0.000672412 -6.72699e-05 0.99998 0.00635595 -0.000671586 -0.00635604 0.999979 -0.0120613 -0.131626 0.00418031
FixedParameters: 0 0 0

#Transform 51
Transform: AffineTransform_float_3_3
Parameters: 0.999999 0.000319643 0.00071995 -0.000324357 0.999981 0.00605977 -0.000718048 -0.00605923 0.999982 -0.0306733 -0.113589 0.037704
FixedParameters: 0 0 0

#Transform 52
Transform: AffineTransform_float_3_3
Parameters: 0.999999 3.9539e-05 0.000736253 -4.44594e-05 0.999981 0.00605997 -0.000735744 -0.00606003 0.999982 -0.0307608 -0.113799 0.0206329
FixedParameters: 0 0 0

#Transform 53
Transform: AffineTransform_float_3_3
Parameters: 0.999999 8.33663e-06 0.000726068 -1.36629e-05 0.99998 0.00642299 -0.000725927 -0.00642301 0.999979 -0.0303103 -0.126441 0.0372681
FixedParameters: 0 0 0

#Transform 54
Transform: AffineTransform_float_3_3
Parameters: 0.999999 0.000257758 0.000694589 -0.000261244 0.999982 0.00611382 -0.000693416 -0.00611418 0.999981 -0.016803 -0.127665 -0.0164168
FixedParameters: 0 0 0

#Transform 55
Transform: AffineTransform_float_3_3
Parameters: 0.999999 0.000457763 0.000942561 -0.00046324 0.999985 0.00556357 -0.000940437 -0.00556344 0.999984 -0.0387471 -0.0966825 -0.0174887
FixedParameters: 0 0 0

#Transform 56
Transform: AffineTransform_float_3_3
Parameters: 1 0.000330133 0.00116668 -0.000335868 0.999988 0.00503161 -0.00116532 -0.00503239 0.999986 -0.0462894 -0.0909005 -0.0183971
FixedParameters: 0 0 0

#Transform 57
Transform: AffineTransform_float_3_3
Parameters: 0.999999 -0.000106894 0.00105551 0.000102109 0.99999 0.00463511 -0.00105548 -0.00463589 0.999988 -0.0415986 -0.0987352 0.017226
FixedParameters: 0 0 0

#Transform 58
Transform: AffineTransform_float_3_3
Parameters: 0.999999 0.000428735 0.000852159 -0.000432264 0.999988 0.00501064 -0.000849844 -0.00501137 0.999987 -0.0276848 -0.105651 0.00513649
FixedParameters: 0 0 0

#Transform 59
Transform: AffineTransform_float_3_3
Parameters: 0.999999 0.000401843 0.00116714 -0.000408156 0.999986 0.00527953 -0.00116486 -0.00528047 0.999986 -0.0464308 -0.11513 -0.00439046
FixedParameters: 0 0 0

#Transform 60
Transform: AffineTransform_float_3_3
Parameters: 1 0.00013248 0.00116576 -0.000139522 0.999985 0.00559484 -0.00116524 -0.00559516 0.999983 -0.0354871 -0.118377 0.000271751
FixedParameters: 0 0 0

#Transform 61
Transform: AffineTransform_float_3_3
Parameters: 0.999999 0.000417924 0.00116756 -0.00042508 0.999982 0.00606751 -0.00116544 -0.00606749 0.999981 -0.0464293 -0.142535 0.00235121
FixedParameters: 0 0 0

#Transform 62
Transform: AffineTransform_float_3_3
Parameters: 0.999999 0.000427868 0.000866553 -0.000433135 0.999983 0.00593163 -0.000864446 -0.00593137 0.999982 -0.0359866 -0.137614 0.0309572
FixedParameters: 0 0 0

#Transform 63
Transform: AffineTransform_float_3_3
Parameters: 1 0.000556209 0.00100877 -0.000562786 0.999977 0.00674444 -0.00100423 -0.00674456 0.999976 -0.0410361 -0.136674 0.0638273
FixedParameters: 0 0 0

#Transform 64
Transform: AffineTransform_float_3_3
Parameters: 0.999999 0.000444442 0.00137945 -0.000455563 0.99997 0.00766337 -0.00137655 -0.00766361 0.999969 -0.0538482 -0.156926 0.0565616
FixedParameters: 0 0 0

#Transform 65
Transform: AffineTransform_float_3_3
Parameters: 0.999999 0.000577414 0.00116978 -0.000587588 0.999966 0.00821132 -0.00116521 -0.00821168 0.999965 -0.0466794 -0.164378 0.0799081
FixedParameters: 0 0 0

#Transform 66
Transform: AffineTransform_float_3_3
Parameters: 0.999999 0.000400949 0.00152322 -0.000413055 0.999968 0.00791837 -0.00152078 -0.00791961 0.999967 -0.0474474 -0.177735 0.0502945
FixedParameters: 0 0 0

#Transform 67
Transform: AffineTransform_float_3_3
Parameters: 0.999998 0.000749143 0.00146512 -0.000760855 0.999967 0.0081089 -0.00145888 -0.0081101 0.999966 -0.04917 -0.184436 0.0400053
FixedParameters: 0 0 0

#Transform 68
Transform: AffineTransform_float_3_3
Parameters: 0.999999 0.000780192 0.00117159 -0.000789812 0.999965 0.00839509 -0.00116541 -0.00839592 0.999964 -0.0450031 -0.194717 -0.00528462
FixedParameters: 0 0 0

#Transform 69
Transform: AffineTransform_float_3_3
Parameters: 0.999998 0.000756749 0.00139571 -0.000769253 0.999961 0.00879794 -0.00138929 -0.00879907 0.999961 -0.0550952 -0.183955 -0.00461614
FixedParameters: 0 0 0

#Transform 70
Transform: AffineTransform_float_3_3
Parameters: 0.999998 0.000809924 0.001765 -0.000825076 0.999963 0.00855756 -0.001758 -0.00855944 0.999962 -0.0679194 -0.163293 0.0422942
FixedParameters: 0 0 0

#Transform 71
Transform: AffineTransform_float_3_3
Parameters: 0.999998 0.000809789 0.00179992 -0.000825212 0.999964 0.00846653 -0.00179308 -0.00846746 0.999962 -0.071286 -0.170991 0.0678111
FixedParameters: 0 0 0

#Transform 72
Transform: AffineTransform_float_3_3
Parameters: 0.999997 0.00110466 0.00181542 -0.00112034 0.999964 0.00847198 -0.00180557 -0.00847401 0.999962 -0.0702547 -0.162062 0.0513287
FixedParameters: 0 0 0

#Transform 73
Transform: AffineTransform_float_3_3
Parameters: 0.999998 0.00123168 0.00145154 -0.00124432 0.999963 0.00851721 -0.00144045 -0.00851879 0.999962 -0.057765 -0.163812 0.0212712
FixedParameters: 0 0 0

#Transform 74
Transform: AffineTransform_float_3_3
Parameters: 0.999999 0.000811859 0.00159974 -0.000825135 0.999966 0.00823069 -0.00159226 -0.0082323 0.999965 -0.0621877 -0.163784 0.0274849
FixedParameters: 0 0 0

#Transform 75
Transform: AffineTransform_float_3_3
Parameters: 0.999998 0.00122309 0.00142233 -0.00123491 0.999964 0.00840625 -0.00141167 -0.00840774 0.999963 -0.0567924 -0.183186 0.0123426
FixedParameters: 0 0 0

#Transform 76
Transform: AffineTransform_float_3_3
Parameters: 0.999998 0.00122232 0.00142411 -0.00123368 0.999966 0.00823026 -0.00141389 -0.00823275 0.999965 -0.0568754 -0.186526 0.0296758
FixedParameters: 0 0 0

#Transform 77
Transform: AffineTransform_float_3_3
Parameters: 0.999997 0.00124764 0.00179378 -0.00126336 0.999963 0.00858776 -0.00178321 -0.00859025 0.999962 -0.0698523 -0.183744 0.0134102
FixedParameters: 0 0 0

#Transform 78
Transform: AffineTransform_float_3_3
Parameters: 0.999998 0.00103915 0.00179228 -0.00105485 0.99996 0.00886413 -0.00178372 -0.00886587 0.999959 -0.0670335 -0.177833 0.0234004
FixedParameters: 0 0 0

#Transform 79
Transform: AffineTransform_float_3_3
Parameters: 0.999997 0.0012265 0.0017937 -0.00124251 0.999961 0.00866779 -0.0017833 -0.0086692 0.999961 -0.0697749 -0.170949 0.0283935
FixedParameters: 0 0 0

#Transform 80
Transform: AffineTransform_float_3_3
Parameters: 0.999997 0.00127575 0.00179466 -0.00129225 0.999958 0.0090807 -0.00178334 -0.0090823 0.999957 -0.069867 -0.185298 0.0306643
FixedParameters: 0 0 0

#Transform 81
Transform: AffineTransform_float_3_3
Parameters: 0.999997 0.00124171 0.00174372 -0.00125728 0.999956 0.00937283 -0.00173129 -0.00937517 0.999954 -0.0679978 -0.19538 0.0432948
FixedParameters: 0 0 0

#Transform 82
Transform: AffineTransform_float_3_3
Parameters: 0.999998 0.00124252 0.00195786 -0.00126149 0.999955 0.00946956 -0.00194614 -0.00947145 0.999953 -0.0753908 -0.189349 0.0249767
FixedParameters: 0 0 0

#Transform 83
Transform: AffineTransform_float_3_3
Parameters: 0.999997 0.00124384 0.00179571 -0.00126116 0.999947 0.0101468 -0.00178329 -0.0101492 0.999947 -0.069941 -0.197474 0.0275325
FixedParameters: 0 0 0

#Transform 84
Transform: AffineTransform_float_3_3
Parameters: 0.999998 0.00149281 0.00179825 -0.00151119 0.999948 0.0101543 -0.00178374 -0.0101577 0.999947 -0.0703464 -0.193396 0.0162056
FixedParameters: 0 0 0

#Transform 85
Transform: AffineTransform_float_3_3
Parameters: 0.999998 0.00134182 0.00179672 -0.00136018 0.999947 0.0101546 -0.00178328 -0.0101564 0.999947 -0.0700034 -0.206498 0.0163082
FixedParameters: 0 0 0

#Transform 86
Transform: AffineTransform_float_3_3
Parameters: 0.999996 0.0013706 0.00223912 -0.0013954 0.99994 0.0109319 -0.00222387 -0.0109351 0.999937 -0.0855131 -0.238235 0.0181672
FixedParameters: 0 0 0

#Transform 87
Transform: AffineTransform_float_3_3
Parameters: 0.999996 0.00129639 0.00221201 -0.00131961 0.999942 0.0107041 -0.002198 -0.0107069 0.999941 -0.0776942 -0.220998 0.0175761
FixedParameters: 0 0 0

#Transform 88
Transform: AffineTransform_float_3_3
Parameters: 0.999996 0.00123903 0.00235186 -0.00126497 0.999938 0.0110731 -0.00233813 -0.0110759 0.999936 -0.0892066 -0.204971 0.0471466
FixedParameters: 0 0 0

#Transform 89
Transform: AffineTransform_float_3_3
Parameters: 0.999997 0.00122638 0.00203557 -0.00124662 0.999947 0.0101615 -0.00202244 -0.0101645 0.999947 -0.0780168 -0.170233 0.0483391
FixedParameters: 0 0 0

#Transform 90
Transform: AffineTransform_float_3_3
Parameters: 0.999996 0.00140088 0.00215223 -0.00142412 0.999941 0.010779 -0.00213677 -0.010782 0.999939 -0.0825112 -0.198837 0.0388794
FixedParameters: 0 0 0

#Transform 91
Transform: AffineTransform_float_3_3
Parameters: 0.999997 0.00170711 0.00175656 -0.0017259 0.99994 0.01081 -0.00173844 -0.010813 0.99994 -0.0693804 -0.223415 0.00619696
FixedParameters: 0 0 0

#Transform 92
Transform: AffineTransform_float_3_3
Parameters: 0.999996 0.0015521 0.00209588 -0.0015719 0.999954 0.00952575 -0.00208112 -0.00952827 0.999953 -0.0808574 -0.185407 0.0505609
FixedParameters: 0 0 0

#Transform 93
Transform: AffineTransform_float_3_3
Parameters: 0.999996 0.00164526 0.00204964 -0.00166774 0.999942 0.0106496 -0.00203235 -0.0106534 0.999941 -0.0860027 -0.226764 0.0567768
FixedParameters: 0 0 0

#Transform 94
Transform: AffineTransform_float_3_3
Parameters: 0.999996 0.0016679 0.00195817 -0.0016891 0.99994 0.0108227 -0.00193983 -0.0108263 0.999939 -0.0763206 -0.233026 0.036732
FixedParameters: 0 0 0

#Transform 95
Transform: AffineTransform_float_3_3
Parameters: 0.999996 0.00184861 0.00186541 -0.00186739 0.999943 0.0104435 -0.00184659 -0.0104474 0.999943 -0.0734662 -0.219787 0.0227989
FixedParameters: 0 0 0

#Transform 96
Transform: AffineTransform_float_3_3
Parameters: 0.999997 0.00190054 0.00196896 -0.00192046 0.999943 0.0104433 -0.00194905 -0.0104477 0.999944 -0.0796693 -0.219702 0.0262369
FixedParameters: 0 0 0

#Transform 97
Transform: AffineTransform_float_3_3
Parameters: 0.999996 0.00207105 0.00203063 -0.00209296 0.999938 0.0108688 -0.00200837 -0.0108732 0.999939 -0.0795287 -0.228478 0.0341694
FixedParameters: 0 0 0

#Transform 98
Transform: AffineTransform_float_3_3
Parameters: 0.999996 0.00160907 0.00227368 -0.00163192 0.999952 0.00967432 -0.00225731 -0.00967866 0.99995 -0.0868729 -0.168673 0.0883211
FixedParameters: 0 0 0

#Transform 99
Transform: AffineTransform_float_3_3
Parameters: 0.999997 0.0015931 0.00193107 -0.0016099 0.99996 0.00878292 -0.00191693 -0.00878608 0.999959 -0.0749971 -0.161322 0.0817453
FixedParameters: 0 0 0

#Transform 100
Transform: AffineTransform_float_3_3
Parameters: 0.999996 0.00202772 0.00194128 -0.00204528 0.999953 0.00946407 -0.00192173 -0.00946794 0.999954 -0.0928853 -0.160386 0.0518171
FixedParameters: 0 0 0

#Transform 101
Transform: AffineTransform_float_3_3
Parameters: 0.999996 0.00176552 0.00211144 -0.00178548 0.999955 0.00926026 -0.00209455 -0.00926373 0.999955 -0.0874752 -0.161406 0.0165003
FixedParameters: 0 0 0

#Transform 102
Transform: AffineTransform_float_3_3
Parameters: 0.999995 0.00217562 0.00194872 -0.00219438 0.999952 0.00947976 -0.00192828 -0.00948423 0.999953 -0.0847974 -0.171113 0.0171532
FixedParameters: 0 0 0

#Transform 103
Transform: AffineTransform_float_3_3
Parameters: 0.999996 0.00213659 0.00194256 -0.00215541 0.999947 0.0100429 -0.00192144 -0.0100471 0.999947 -0.0931454 -0.205484 0.0392475
FixedParameters: 0 0 0

#Transform 104
Transform: AffineTransform_float_3_3
Parameters: 0.999996 0.00212515 0.00208942 -0.00214586 0.999948 0.0100286 -0.00206858 -0.0100334 0.999947 -0.0981837 -0.205029 0.0381826
FixedParameters: 0 0 0

#Transform 105
Transform: AffineTransform_float_3_3
Parameters: 0.999994 0.00208522 0.00252483 -0.00210878 0.999953 0.00945373 -0.00250517 -0.00945928 0.999952 -0.0982611 -0.184565 0.0811186
FixedParameters: 0 0 0

#Transform 106
Transform: AffineTransform_float_3_3
Parameters: 0.999995 0.00220535 0.00252673 -0.00222965 0.999949 0.00979342 -0.00250528 -0.00979857 0.999949 -0.113503 -0.176099 0.0409468
FixedParameters: 0 0 0

#Transform 107
Transform: AffineTransform_float_3_3
Parameters: 0.999995 0.00213328 0.00252524 -0.00215672 0.999953 0.00942961 -0.00250477 -0.0094354 0.999953 -0.10763 -0.184366 0.0172481
FixedParameters: 0 0 0

#Transform 108
Transform: AffineTransform_float_3_3
Parameters: 0.999993 0.00213142 0.00293151 -0.00215858 0.999957 0.00909574 -0.00291148 -0.00910127 0.999955 -0.127607 -0.148522 0.00109824
FixedParameters: 0 0 0

#Transform 109
Transform: AffineTransform_float_3_3
Parameters: 0.999994 0.00204636 0.00259184 -0.00206963 0.999956 0.00915168 -0.00257216 -0.00915731 0.999955 -0.115679 -0.162143 0.0149382
FixedParameters: 0 0 0

#Transform 110
Transform: AffineTransform_float_3_3
Parameters: 0.999994 0.00222011 0.00291446 -0.0022479 0.999952 0.00960151 -0.00289354 -0.00960749 0.999949 -0.127177 -0.172381 0.0239558
FixedParameters: 0 0 0

#Transform 111
Transform: AffineTransform_float_3_3
Parameters: 0.999994 0.00234057 0.00252691 -0.00236443 0.999954 0.00931007 -0.00250509 -0.00931591 0.999953 -0.109627 -0.180252 0.0085079
FixedParameters: 0 0 0

#Transform 112
Transform: AffineTransform_float_3_3
Parameters: 0.999995 0.0022495 0.00252612 -0.0022735 0.999954 0.00933831 -0.00250487 -0.00934369 0.999953 -0.113689 -0.171547 0.0016353
FixedParameters: 0 0 0

#Transform 113
Transform: AffineTransform_float_3_3
Parameters: 0.999995 0.00220179 0.00252543 -0.00222422 0.999955 0.00922644 -0.00250558 -0.00923157 0.999954 -0.113671 -0.177327 0.0014188
FixedParameters: 0 0 0

#Transform 114
Transform: AffineTransform_float_3_3
Parameters: 0.999995 0.0020088 0.00252365 -0.00203221 0.999956 0.00922593 -0.00250535 -0.00923109 0.999955 -0.113174 -0.156999 0.033597
FixedParameters: 0 0 0

#Transform 115
Transform: AffineTransform_float_3_3
Parameters: 0.999995 0.00200789 0.00252436 -0.00203211 0.999952 0.00958392 -0.00250563 -0.00958908 0.999951 -0.113237 -0.162217 0.0162577
FixedParameters: 0 0 0

#Transform 116
Transform: AffineTransform_float_3_3
Parameters: 0.999996 0.00208554 0.00219958 -0.00210545 0.999954 0.00933941 -0.00217943 -0.00934459 0.999954 -0.102076 -0.169514 0.00155357
FixedParameters: 0 0 0

#Transform 117
Transform: AffineTransform_float_3_3
Parameters: 0.999995 0.00217455 0.00252538 -0.00219745 0.999954 0.00931951 -0.00250562 -0.00932551 0.999954 -0.113562 -0.169525 0.0172787
FixedParameters: 0 0 0

#Transform 118
Transform: AffineTransform_float_3_3
Parameters: 0.999995 0.00200957 0.0024079 -0.00203243 0.999954 0.00934816 -0.0023891 -0.00935385 0.999954 -0.109228 -0.183929 0.00464326
FixedParameters: 0 0 0

#Transform 119
Transform: AffineTransform_float_3_3
Parameters: 0.999995 0.00200756 0.00244924 -0.00203243 0.999948 0.0100161 -0.00242876 -0.0100209 0.999947 -0.105649 -0.199045 0.0206219
FixedParameters: 0 0 0

#Transform 120
Transform: AffineTransform_float_3_3
Parameters: 0.999995 0.00210204 0.00202999 -0.00212497 0.999939 0.0108797 -0.002007 -0.0108833 0.999939 -0.0961311 -0.216185 0.00447645
FixedParameters: 0 0 0

#Transform 121
Transform: AffineTransform_float_3_3
Parameters: 0.999996 0.00193114 0.00236139 -0.00195687 0.999937 0.0109984 -0.00234062 -0.0110026 0.999936 -0.107354 -0.217311 0.03621
FixedParameters: 0 0 0

#Transform 122
Transform: AffineTransform_float_3_3
Parameters: 0.999995 0.00188435 0.00281507 -0.00191465 0.999943 0.0105667 -0.00279492 -0.0105713 0.99994 -0.123033 -0.194379 0.0376056
FixedParameters: 0 0 0

#Transform 123
Transform: AffineTransform_float_3_3
Parameters: 0.999994 0.00198833 0.00281817 -0.00201767 0.999942 0.0105664 -0.00279683 -0.0105716 0.99994 -0.123385 -0.202465 0.0182186
FixedParameters: 0 0 0

#Transform 124
Transform: AffineTransform_float_3_3
Parameters: 0.999995 0.00201534 0.00272245 -0.00204366 0.999942 0.0105665 -0.00270055 -0.0105715 0.999941 -0.120004 -0.176735 0.0254031
FixedParameters: 0 0 0

#Transform 125
Transform: AffineTransform_float_3_3
Parameters: 0.999995 0.00198908 0.00270352 -0.00201792 0.999941 0.0107366 -0.00268148 -0.0107424 0.999938 -0.119327 -0.184966 0.0385342
FixedParameters: 0 0 0

#Transform 126
Transform: AffineTransform_float_3_3
Parameters: 0.999995 0.00218994 0.00252956 -0.00221806 0.999936 0.0111425 -0.00250543 -0.0111486 0.999934 -0.113603 -0.198709 0.0369691
FixedParameters: 0 0 0

#Transform 127
Transform: AffineTransform_float_3_3
Parameters: 0.999995 0.00183785 0.00252277 -0.00186215 0.999952 0.00960335 -0.00250523 -0.00960765 0.99995 -0.112806 -0.168896 0.022035
FixedParameters: 0 0 0

#Transform 128
Transform: AffineTransform_float_3_3
Parameters: 0.999993 0.00234576 0.0027191 -0.00237023 0.999957 0.00894462 -0.0026979 -0.00895139 0.999957 -0.116617 -0.145856 0.0339189
FixedParameters: 0 0 0

#Transform 129
Transform: AffineTransform_float_3_3
Parameters: 0.999995 0.00216429 0.00258305 -0.00218771 0.999955 0.00921141 -0.00256295 -0.0092166 0.999954 -0.115357 -0.149448 0.0599198
FixedParameters: 0 0 0

#Transform 130
Transform: AffineTransform_float_3_3
Parameters: 0.999995 0.00253108 0.00223888 -0.00255192 0.999952 0.00939134 -0.00221512 -0.00939766 0.999954 -0.0855444 -0.144891 0.110112
FixedParameters: 0 0 0

#Transform 131
Transform: AffineTransform_float_3_3
Parameters: 0.999993 0.00283832 0.00237657 -0.00286168 0.999945 0.0100213 -0.00234743 -0.0100277 0.999947 -0.109147 -0.175287 0.159857
FixedParameters: 0 0 0

#Transform 132
Transform: AffineTransform_float_3_3
Parameters: 0.999995 0.00238502 0.00233277 -0.00240897 0.999943 0.0103304 -0.00230723 -0.0103366 0.999944 -0.106928 -0.197622 0.101771
FixedParameters: 0 0 0

#Transform 133
Transform: AffineTransform_float_3_3
Parameters: 0.999995 0.00217513 0.00252663 -0.00219987 0.999948 0.00988249 -0.00250538 -0.0098875 0.999948 -0.113419 -0.201628 0.0930444
FixedParameters: 0 0 0

#Transform 134
Transform: AffineTransform_float_3_3
Parameters: 0.999995 0.00223079 0.00252569 -0.00225421 0.999955 0.00922436 -0.00250531 -0.00922964 0.999955 -0.106603 -0.157677 0.0973872
FixedParameters: 0 0 0

#Transform 135
Transform: AffineTransform_float_3_3
Parameters: 0.999995 0.00225974 0.002526 -0.00228326 0.999954 0.00924328 -0.002505 -0.00924871 0.999954 -0.111426 -0.147123 0.0768282
FixedParameters: 0 0 0

#Transform 136
Transform: AffineTransform_float_3_3
Parameters: 0.999995 0.00224485 0.00252577 -0.00226816 0.999955 0.00920133 -0.00250523 -0.00920668 0.999955 -0.109462 -0.145694 0.0767131
FixedParameters: 0 0 0

#Transform 137
Transform: AffineTransform_float_3_3
Parameters: 0.999994 0.00227714 0.00252671 -0.00230087 0.999953 0.00948124 -0.00250529 -0.00948676 0.999952 -0.10835 -0.155611 0.0648438
FixedParameters: 0 0 0

#Transform 138
Transform: AffineTransform_float_3_3
Parameters: 0.999995 0.00223544 0.00252694 -0.00226056 0.99995 0.00975834 -0.00250506 -0.00976366 0.999949 -0.113456 -0.164892 0.0969912
FixedParameters: 0 0 0

#Transform 139
Transform: AffineTransform_float_3_3
Parameters: 0.999993 0.00216372 0.00283084 -0.00219228 0.999948 0.0100269 -0.00280815 -0.0100331 0.999945 -0.12399 -0.174366 0.0932065
FixedParameters: 0 0 0

#Transform 140
Transform: AffineTransform_float_3_3
Parameters: 0.999993 0.00228619 0.0027039 -0.00231281 0.999948 0.0099538 -0.0026811 -0.00996019 0.999947 -0.119785 -0.162393 0.106004
FixedParameters: 0 0 0

#Transform 141
Transform: AffineTransform_float_3_3
Parameters: 0.999994 0.00245621 0.00253029 -0.00248179 0.999945 0.0102398 -0.00250471 -0.0102462 0.999945 -0.114115 -0.166612 0.0909316
FixedParameters: 0 0 0

#Transform 142
Transform: AffineTransform_float_3_3
Parameters: 0.999993 0.00254659 0.00253082 -0.0025714 0.999946 0.0100856 -0.00250518 -0.0100924 0.999946 -0.114284 -0.145594 0.0957963
FixedParameters: 0 0 0

#Transform 143
Transform: AffineTransform_float_3_3
Parameters: 0.999994 0.00247887 0.00258331 -0.00250613 0.999941 0.0105526 -0.00255669 -0.0105584 0.999941 -0.115909 -0.158486 0.068767
FixedParameters: 0 0 0

#Transform 144
Transform: AffineTransform_float_3_3
Parameters: 0.999994 0.00235543 0.00281926 -0.00238257 0.999949 0.00981535 -0.00279574 -0.00982165 0.999948 -0.124037 -0.154046 0.0674653
FixedParameters: 0 0 0

#Transform 145
Transform: AffineTransform_float_3_3
Parameters: 0.999993 0.0022243 0.0030355 -0.00225171 0.999955 0.00915323 -0.00301551 -0.00915977 0.999954 -0.137861 -0.144239 0.0441187
FixedParameters: 0 0 0

#Transform 146
Transform: AffineTransform_float_3_3
Parameters: 0.999993 0.00229089 0.00278651 -0.0023181 0.999949 0.0097656 -0.00276349 -0.00977239 0.999949 -0.122915 -0.165756 0.030235
FixedParameters: 0 0 0

#Transform 147
Transform: AffineTransform_float_3_3
Parameters: 0.999993 0.00246821 0.00278191 -0.00249678 0.999946 0.0100311 -0.00275608 -0.0100379 0.999946 -0.122886 -0.168594 0.0394503
FixedParameters: 0 0 0

#Transform 148
Transform: AffineTransform_float_3_3
Parameters: 0.999994 0.00248567 0.00267274 -0.00251234 0.999948 0.00989435 -0.00264827 -0.00990065 0.999948 -0.119124 -0.170096 0.0412587
FixedParameters: 0 0 0

#Transform 149
Transform: AffineTransform_float_3_3
Parameters: 0.999994 0.00249594 0.00245174 -0.00252006 0.999948 0.00986089 -0.00242626 -0.00986712 0.999949 -0.111526 -0.16636 0.0426191
FixedParameters: 0 0 0

#Transform 150
Transform: AffineTransform_float_3_3
Parameters: 0.999994 0.00257626 0.00236996 -0.00259874 0.99995 0.0096419 -0.00234504 -0.0096481 0.99995 -0.10886 -0.161255 0.0476914
FixedParameters: 0 0 0

#Transform 151
Transform: AffineTransform_float_3_3
Parameters: 0.999994 0.00245439 0.00273304 -0.00248261 0.999946 0.0101433 -0.00270795 -0.0101507 0.999945 -0.12107 -0.165358 0.0633268
FixedParameters: 0 0 0

#Transform 152
Transform: AffineTransform_float_3_3
Parameters: 0.999992 0.00228791 0.00313195 -0.00231809 0.999947 0.00995881 -0.00310906 -0.00996618 0.999945 -0.13487 -0.172133 0.063892
FixedParameters: 0 0 0

#Transform 153
Transform: AffineTransform_float_3_3
Parameters: 0.999992 0.00245408 0.00313346 -0.00248492 0.999948 0.00990229 -0.00310854 -0.00990971 0.999946 -0.135187 -0.161709 0.0493844
FixedParameters: 0 0 0

#Transform 154
Transform: AffineTransform_float_3_3
Parameters: 0.999992 0.00254302 0.00313356 -0.00257297 0.99995 0.00959901 -0.00310843 -0.00960698 0.999949 -0.151189 -0.135439 0.0740331
FixedParameters: 0 0 0

#Transform 155
Transform: AffineTransform_float_3_3
Parameters: 0.999992 0.00268116 0.00313304 -0.00270884 0.999956 0.00891559 -0.00310896 -0.00892441 0.999956 -0.151424 -0.135498 0.0829945
FixedParameters: 0 0 0

#Transform 156
Transform: AffineTransform_float_3_3
Parameters: 0.999992 0.00245439 0.00313322 -0.00248461 0.999949 0.00980329 -0.00310878 -0.00981071 0.999947 -0.142951 -0.148835 0.0654234
FixedParameters: 0 0 0

#Transform 157
Transform: AffineTransform_float_3_3
Parameters: 0.999991 0.00285417 0.00313824 -0.00288582 0.999944 0.010184 -0.00310876 -0.010193 0.999943 -0.151944 -0.146069 0.0497832
FixedParameters: 0 0 0

#Transform 158
Transform: AffineTransform_float_3_3
Parameters: 0.999992 0.00283318 0.00274 -0.00285982 0.999947 0.00983324 -0.002712 -0.00984075 0.999948 -0.138072 -0.132371 0.0387903
FixedParameters: 0 0 0

#Transform 159
Transform: AffineTransform_float_3_3
Parameters: 0.999992 0.00286901 0.00277616 -0.00289599 0.999948 0.00976603 -0.00274784 -0.00977396 0.999948 -0.139464 -0.142483 0.0358324
FixedParameters: 0 0 0

#Transform 160
Transform: AffineTransform_float_3_3
Parameters: 0.999993 0.00262255 0.00287508 -0.00265245 0.99994 0.0106395 -0.00284693 -0.0106475 0.99994 -0.142426 -0.157072 0.028462
FixedParameters: 0 0 0

#Transform 161
Transform: AffineTransform_float_3_3
Parameters: 0.99999 0.00298665 0.00314105 -0.00302034 0.999938 0.0106656 -0.00310895 -0.0106754 0.999938 -0.152281 -0.148453 0.0673541
FixedParameters: 0 0 0

#Transform 162
Transform: AffineTransform_float_3_3
Parameters: 0.999992 0.00295382 0.00290304 -0.00298419 0.999941 0.0104494 -0.00287196 -0.0104576 0.999941 -0.143731 -0.136762 0.0723068
FixedParameters: 0 0 0

#Transform 163
Transform: AffineTransform_float_3_3
Parameters: 0.999991 0.00306104 0.00272177 -0.00308896 0.999942 0.0103287 -0.00269022 -0.0103373 0.999943 -0.131212 -0.147783 0.0591878
FixedParameters: 0 0 0

#Transform 164
Transform: AffineTransform_float_3_3
Parameters: 0.999991 0.00303954 0.00314075 -0.00307247 0.999942 0.0103845 -0.00310925 -0.0103936 0.999941 -0.152293 -0.159563 0.0672139
FixedParameters: 0 0 0

#Transform 165
Transform: AffineTransform_float_3_3
Parameters: 0.99999 0.00318188 0.00313778 -0.00321013 0.999955 0.00899902 -0.00310922 -0.00900898 0.999954 -0.152488 -0.0966264 0.0464643
FixedParameters: 0 0 0

#Transform 166
Transform: AffineTransform_float_3_3
Parameters: 0.999991 0.00309025 0.00283224 -0.00311475 0.999956 0.00877525 -0.00280576 -0.00878374 0.999957 -0.139179 -0.0963442 0.0595722
FixedParameters: 0 0 0

#Transform 167
Transform: AffineTransform_float_3_3
Parameters: 0.999991 0.00319936 0.00276496 -0.00322465 0.999952 0.00932117 -0.00273505 -0.00932983 0.999952 -0.13961 -0.113349 0.0444879
FixedParameters: 0 0 0

#Transform 168
Transform: AffineTransform_float_3_3
Parameters: 0.999992 0.00303282 0.00262304 -0.00305618 0.999956 0.00887806 -0.00259596 -0.00888595 0.999957 -0.134437 -0.116568 0.0386859
FixedParameters: 0 0 0

#Transform 169
Transform: AffineTransform_float_3_3
Parameters: 0.999992 0.00298659 0.00285971 -0.00301041 0.999958 0.00856946 -0.00283429 -0.00857854 0.999959 -0.142638 -0.104113 0.0248518
FixedParameters: 0 0 0

#Transform 170
Transform: AffineTransform_float_3_3
Parameters: 0.999991 0.00274738 0.00302554 -0.00277261 0.999963 0.00816268 -0.00300245 -0.00817132 0.999962 -0.147964 -0.0749236 0.00819714
FixedParameters: 0 0 0

#Transform 171
Transform: AffineTransform_float_3_3
Parameters: 0.999993 0.00262964 0.00287554 -0.00265236 0.999964 0.00815043 -0.00285347 -0.00815756 0.999962 -0.14251 -0.0825348 0.0188103
FixedParameters: 0 0 0

#Transform 172
Transform: AffineTransform_float_3_3
Parameters: 0.999993 0.00283148 0.00214928 -0.00284853 0.999963 0.00819393 -0.00212672 -0.00820008 0.999964 -0.117617 -0.0811357 0.0278556
FixedParameters: 0 0 0

#Transform 173
Transform: AffineTransform_float_3_3
Parameters: 0.999992 0.00318161 0.00261129 -0.00320241 0.999961 0.0082317 -0.00258572 -0.00823929 0.999962 -0.134297 -0.0754602 0.0103514
FixedParameters: 0 0 0

#Transform 174
Transform: AffineTransform_float_3_3
Parameters: 0.999992 0.00303208 0.00260951 -0.00305292 0.999963 0.0080501 -0.0025855 -0.0080579 0.999964 -0.12504 -0.0722601 0.00450311
FixedParameters: 0 0 0

#Transform 175
Transform: AffineTransform_float_3_3
Parameters: 0.999991 0.00316012 0.00302614 -0.00318389 0.999964 0.00792145 -0.00300086 -0.00793056 0.999964 -0.151118 -0.0675928 0.0394237
FixedParameters: 0 0 0

#Transform 176
Transform: AffineTransform_float_3_3
Parameters: 0.999991 0.00314264 0.00286693 -0.00316736 0.999958 0.008532 -0.00284007 -0.008541 0.99996 -0.142998 -0.0887161 0.0505708
FixedParameters: 0 0 0

#Transform 177
Transform: AffineTransform_float_3_3
Parameters: 0.999991 0.0032096 0.00273569 -0.00323239 0.999958 0.00859124 -0.00270732 -0.00859977 0.99996 -0.138714 -0.091162 -0.000230557
FixedParameters: 0 0 0

#Transform 178
Transform: AffineTransform_float_3_3
Parameters: 0.999989 0.00331916 0.00326452 -0.00334584 0.999961 0.00825117 -0.00323648 -0.00826183 0.99996 -0.165427 -0.0795373 -0.0148051
FixedParameters: 0 0 0

#Transform 179
Transform: AffineTransform_float_3_3
Parameters: 0.999989 0.0032524 0.00331034 -0.00327959 0.999959 0.00836523 -0.00328266 -0.00837676 0.999959 -0.157878 -0.0857503 -0.0134951
FixedParameters: 0 0 0
