#Insight Transform File V1.0
#Transform 0
Transform: AffineTransform_float_3_3
Parameters: 0.999999 0.000976556 -0.000417701 -0.000976442 0.999998 0.00133041 0.0004193 -0.00133059 0.999999 -0.00954131 -0.0379689 0.0411913
FixedParameters: 0 0 0

#Transform 1
Transform: AffineTransform_float_3_3
Parameters: 0.999999 0.001004 1.27809e-06 -0.001004 0.999998 0.001273 2.78093e-07 -0.001273 0.999999 -0.0380439 -0.0396572 0.0390954
FixedParameters: 0 0 0

#Transform 2
Transform: AffineTransform_float_3_3
Parameters: 0.999999 0.000687841 0.00018958 -0.000688159 1 0.00084287 -0.00018842 -0.00084313 0.999999 -0.0285708 -0.038334 0.0357864
FixedParameters: 0 0 0

#Transform 3
Transform: AffineTransform_float_3_3
Parameters: 0.999999 0.000715999 7.9834e-07 -0.000716001 0.999999 0.001115 -2.01659e-07 -0.001115 1 -0.0191757 -0.0344041 0.0381
FixedParameters: 0 0 0

#Transform 4
Transform: AffineTransform_float_3_3
Parameters: 0.999999 0.000712999 9.07649e-07 -0.000713 0.999999 0.001273 -9.235e-08 -0.001273 0.999999 -0.0259648 -0.0343195 0.0390536
FixedParameters: 0 0 0

#Transform 5
Transform: AffineTransform_float_3_3
Parameters: 0.999999 0.000745999 1.04515e-06 -0.000746 0.999998 0.001401 4.5147e-08 -0.001401 0.999999 -0.0262153 -0.0403328 0.0398734
FixedParameters: 0 0 0

#Transform 6
Transform: AffineTransform_float_3_3
Parameters: 0.999999 0.000736998 1.92357e-06 -0.000737003 0.999997 0.00261 -7.6422e-08 -0.00261 0.999996 -0.0261128 -0.0796408 0.0866648
FixedParameters: 0 0 0

#Transform 7
Transform: AffineTransform_float_3_3
Parameters: 1 0.000402433 0.000180272 -0.00040257 0.999995 0.00315793 -0.00017973 -0.00315807 0.999995 -0.032345 -0.103532 0.0859256
FixedParameters: 0 0 0

#Transform 8
Transform: AffineTransform_float_3_3
Parameters: 1 4.8265e-05 0.000203176 -4.87344e-05 0.999994 0.00361899 -0.000202825 -0.00361901 0.999994 -0.0312331 -0.123446 0.0992216
FixedParameters: 0 0 0

#Transform 9
Transform: AffineTransform_float_3_3
Parameters: 0.999999 0.000749995 2.61e-06 -0.000749005 0.999993 0.00348 -3.93462e-07 -0.00348 0.999994 -0.0153067 -0.119758 0.0770203
FixedParameters: 0 0 0

#Transform 10
Transform: AffineTransform_float_3_3
Parameters: 0.999999 0.000749996 2.4645e-06 -0.000749003 0.999995 0.003286 4.61226e-07 -0.003286 0.999994 -0.0262875 -0.0914462 0.0866423
FixedParameters: 0 0 0

#Transform 11
Transform: AffineTransform_float_3_3
Parameters: 1 0.000474997 1.84205e-06 -0.000475004 0.999993 0.003878 -1.57934e-07 -0.003878 0.999993 -0.0244794 -0.115429 0.0587871
FixedParameters: 0 0 0

#Transform 12
Transform: AffineTransform_float_3_3
Parameters: 0.999999 0.000749994 3.09075e-06 -0.000749006 0.999991 0.004121 8.6656e-08 -0.004121 0.999991 -0.0263036 -0.118336 0.117046
FixedParameters: 0 0 0

#Transform 13
Transform: AffineTransform_float_3_3
Parameters: 1 0.000657994 2.64516e-06 -0.000658006 0.999991 0.00402 -3.54816e-07 -0.00402 0.999992 -0.0256977 -0.124886 0.0981824
FixedParameters: 0 0 0

#Transform 14
Transform: AffineTransform_float_3_3
Parameters: 0.999999 0.000750241 -6.11165e-05 -0.00074976 0.999993 0.00384405 6.38825e-05 -0.00384395 0.999992 -0.0233702 -0.117302 0.071186
FixedParameters: 0 0 0

#Transform 15
Transform: AffineTransform_float_3_3
Parameters: 1 2.85804e-05 0.000582124 -3.14191e-05 0.999992 0.00415698 -0.000581874 -0.00415702 0.999991 -0.0485846 -0.12879 0.100157
FixedParameters: 0 0 0

#Transform 16
Transform: AffineTransform_float_3_3
Parameters: 1 3.177e-05 -0.00021889 -3.12296e-05 0.999994 0.00351701 0.000219111 -0.00351699 0.999994 -0.00752546 -0.125885 0.0936389
FixedParameters: 0 0 0

#Transform 17
Transform: AffineTransform_float_3_3
Parameters: 1 3.1616e-05 -0.000189898 -3.13837e-05 0.999994 0.003243 0.000190103 -0.00324299 0.999994 -0.0129709 -0.11859 0.103598
FixedParameters: 0 0 0

#Transform 18
Transform: AffineTransform_float_3_3
Parameters: 1 3.17457e-05 -0.000271914 -3.12541e-05 0.999996 0.00274201 0.000272087 -0.00274199 0.999996 -0.00920135 -0.118761 0.0867735
FixedParameters: 0 0 0

#Transform 19
Transform: AffineTransform_float_3_3
Parameters: 1 0.000238999 7.00509e-07 -0.000239002 0.999995 0.002931 -2.99487e-07 -0.002931 0.999995 -0.0230672 -0.123791 0.0804989
FixedParameters: 0 0 0

#Transform 20
Transform: AffineTransform_float_3_3
Parameters: 1 3.1e-05 3.41e-09 -3.1e-05 1 0.00011 3.41e-09 -0.00011 1 -0.00637613 -0.000941291 0.00347882
FixedParameters: 0 0 0

#Transform 21
Transform: AffineTransform_float_3_3
Parameters: 1 3.1e-05 5.5769e-08 -3.1e-05 0.999999 0.001799 5.5769e-08 -0.001799 0.999999 -0.0112163 -0.0710817 0.0433827
FixedParameters: 0 0 0

#Transform 22
Transform: AffineTransform_float_3_3
Parameters: 1 -0.000463 -5.67638e-07 0.000463001 0.999999 0.001226 4.32361e-07 -0.001226 0.999999 0.0256288 -0.0324845 -0.0277117
FixedParameters: 0 0 0

#Transform 23
Transform: AffineTransform_float_3_3
Parameters: 0.999999 -0.000882276 -0.000883725 0.000882725 1 0.000820221 0.000882277 -0.000820779 1 0.129763 -0.0668148 0.297606
FixedParameters: 0 0 0

#Transform 24
Transform: AffineTransform_float_3_3
Parameters: 1 -0.000384587 -0.000293542 0.000385414 0.999999 0.00140889 0.000293457 -0.00140911 0.999999 0.0325931 -0.0842815 0.227779
FixedParameters: 0 0 0

#Transform 25
Transform: AffineTransform_float_3_3
Parameters: 1 -0.000385148 0.000114503 0.000384851 0.999999 0.00129104 -0.000115497 -0.00129096 0.999999 -0.00127974 -0.0816537 0.199517
FixedParameters: 0 0 0

#Transform 26
Transform: AffineTransform_float_3_3
Parameters: 1 -0.000174224 -0.000309438 0.000175774 0.999997 0.00250794 0.00030856 -0.00250805 0.999997 0.000884286 -0.162982 0.144304
FixedParameters: 0 0 0

#Transform 27
Transform: AffineTransform_float_3_3
Parameters: 1 0.000160308 0.000294378 -0.000161691 0.999997 0.00235295 -0.00029362 -0.00235305 0.999997 -0.0121691 -0.172608 -0.0404123
FixedParameters: 0 0 0

#Transform 28
Transform: AffineTransform_float_3_3
Parameters: 0.999999 -0.000211986 -0.000887765 0.000211013 1 -0.00111119 0.000888235 0.00111081 0.999999 0.0527966 -0.00562324 -0.184391
FixedParameters: 0 0 0

#Transform 29
Transform: AffineTransform_float_3_3
Parameters: 0.999999 -0.000798237 -0.00112772 0.000794761 0.999995 -0.0028689 0.00113028 0.0028671 0.999995 0.0401462 0.12796 -0.265584
FixedParameters: 0 0 0

#Transform 30
Transform: AffineTransform_float_3_3
Parameters: 0.999999 -0.00074305 -3.59746e-05 0.000742949 0.999999 -0.00138003 3.70253e-05 0.00137997 0.999999 0.00598148 0.0371955 -0.29459
FixedParameters: 0 0 0

#Transform 31
Transform: AffineTransform_float_3_3
Parameters: 0.999999 -0.00151392 0.000309327 0.00151508 0.999992 -0.00351753 -0.000303673 0.00351746 0.999994 0.0397184 0.0930565 -0.544569
FixedParameters: 0 0 0

#Transform 32
Transform: AffineTransform_float_3_3
Parameters: 1 -0.0011381 -0.000232684 0.0011369 0.999989 -0.00467327 0.000238315 0.00467273 0.999989 0.0253594 0.201448 -0.341074
FixedParameters: 0 0 0

#Transform 33
Transform: AffineTransform_float_3_3
Parameters: 0.999999 -0.000126225 -0.00178678 0.000122774 0.999999 -0.00180522 0.00178722 0.00180478 0.999997 0.026376 0.134854 0.136724
FixedParameters: 0 0 0

#Transform 34
Transform: AffineTransform_float_3_3
Parameters: 0.999993 -0.00158117 -0.00322366 0.00156183 0.999981 -0.00594207 0.00323233 0.00593693 0.999977 0.12045 0.22003 -0.0874335
FixedParameters: 0 0 0

#Transform 35
Transform: AffineTransform_float_3_3
Parameters: 0.999993 -0.0019512 -0.00318954 0.0019338 0.999983 -0.00538621 0.00319946 0.0053798 0.999981 0.130773 0.203684 -0.0570124
FixedParameters: 0 0 0

#Transform 36
Transform: AffineTransform_float_3_3
Parameters: 0.999995 -0.0015653 -0.00279515 0.0015527 0.999989 -0.00439836 0.00280185 0.00439464 0.999987 0.109931 0.16573 -0.096322
FixedParameters: 0 0 0

#Transform 37
Transform: AffineTransform_float_3_3
Parameters: 0.999995 -0.000843571 -0.00286904 0.000830428 0.999989 -0.0047284 0.00287296 0.0047256 0.999984 0.0968338 0.161776 -0.11329
FixedParameters: 0 0 0

#Transform 38
Transform: AffineTransform_float_3_3
Parameters: 0.999991 -0.00141332 -0.00394172 0.00139068 0.999981 -0.00591253 0.00394929 0.00590647 0.999975 0.15019 0.177622 -0.0784799
FixedParameters: 0 0 0

#Transform 39
Transform: AffineTransform_float_3_3
Parameters: 0.999992 -0.00117256 -0.00394207 0.00114944 0.999982 -0.00597459 0.00394894 0.00596943 0.999975 0.130079 0.182198 -0.0803418
FixedParameters: 0 0 0

#Transform 40
Transform: AffineTransform_float_3_3
Parameters: 0.999991 -0.00113255 -0.00390195 0.00111545 0.99999 -0.00449739 0.00390705 0.00449261 0.999983 0.137968 0.0950713 -0.0494142
FixedParameters: 0 0 0

#Transform 41
Transform: AffineTransform_float_3_3
Parameters: 0.999992 -0.00116762 -0.0038533 0.00115238 0.999991 -0.00405348 0.0038587 0.00404953 0.999985 0.126511 0.103406 -0.047698
FixedParameters: 0 0 0

#Transform 42
Transform: AffineTransform_float_3_3
Parameters: 0.999992 -0.00116477 -0.00388019 0.00115222 0.999994 -0.0032935 0.00388381 0.0032885 0.999987 0.125439 0.089481 -5.5716e-05
FixedParameters: 0 0 0

#Transform 43
Transform: AffineTransform_float_3_3
Parameters: 0.999992 -0.00116228 -0.00381589 0.00115272 0.999995 -0.00269442 0.00381912 0.00269058 0.999989 0.117999 0.0413596 0.00311984
FixedParameters: 0 0 0

#Transform 44
Transform: AffineTransform_float_3_3
Parameters: 0.999994 -0.0011638 -0.0032478 0.0011522 0.999992 -0.00363276 0.0032522 0.00362824 0.999988 0.110028 0.0843781 0.014041
FixedParameters: 0 0 0

#Transform 45
Transform: AffineTransform_float_3_3
Parameters: 0.999993 -0.0011687 -0.00350047 0.0011523 0.999988 -0.00477007 0.00350554 0.00476594 0.999983 0.121463 0.155258 0.0507983
FixedParameters: 0 0 0

#Transform 46
Transform: AffineTransform_float_3_3
Parameters: 0.999995 -0.00116546 -0.00297677 0.00115254 0.999989 -0.00451946 0.00298224 0.00451655 0.999986 0.0974347 0.143576 0.0317402
FixedParameters: 0 0 0

#Transform 47
Transform: AffineTransform_float_3_3
Parameters: 0.999994 -0.00110101 -0.00322692 0.00108699 0.999988 -0.00464953 0.00323209 0.00464647 0.999984 0.0902938 0.14932 0.0472744
FixedParameters: 0 0 0

#Transform 48
Transform: AffineTransform_float_3_3
Parameters: 0.999994 -0.00116699 -0.00322662 0.00115201 0.999988 -0.00464374 0.00323238 0.00463925 0.999984 0.109059 0.14939 0.00458884
FixedParameters: 0 0 0

#Transform 49
Transform: AffineTransform_float_3_3
Parameters: 0.999994 -0.00144178 -0.00322499 0.00142621 0.999987 -0.00489163 0.00323201 0.00488637 0.999983 0.112962 0.161893 0.0057793
FixedParameters: 0 0 0

#Transform 50
Transform: AffineTransform_float_3_3
Parameters: 0.999997 -0.00116168 -0.00181484 0.00115232 0.999985 -0.00532711 0.00182116 0.0053249 0.999984 0.0522713 0.17334 0.0177794
FixedParameters: 0 0 0

#Transform 51
Transform: AffineTransform_float_3_3
Parameters: 0.999996 -0.00116555 -0.00250474 0.00115245 0.999984 -0.00540491 0.00251127 0.00540209 0.999983 0.0758026 0.153615 0.0251244
FixedParameters: 0 0 0

#Transform 52
Transform: AffineTransform_float_3_3
Parameters: 0.999997 -0.00116455 -0.00244607 0.00115245 0.999986 -0.00512484 0.00245194 0.00512216 0.999984 0.0729302 0.14367 0.0766074
FixedParameters: 0 0 0

#Transform 53
Transform: AffineTransform_float_3_3
Parameters: 0.999997 -0.000704022 -0.00204057 0.000693974 0.999987 -0.00490843 0.00204443 0.00490657 0.999986 0.0514556 0.156467 0.0764181
FixedParameters: 0 0 0

#Transform 54
Transform: AffineTransform_float_3_3
Parameters: 0.999999 -0.000276158 -0.00132132 0.000267845 0.999981 -0.00616936 0.00132268 0.00616964 0.99998 0.0238994 0.213256 -0.00221909
FixedParameters: 0 0 0

#Transform 55
Transform: AffineTransform_float_3_3
Parameters: 0.999999 -0.000560709 -0.0012742 0.000552292 0.999976 -0.00682471 0.0012778 0.00682429 0.999976 0.0238862 0.244673 -0.00394435
FixedParameters: 0 0 0

#Transform 56
Transform: AffineTransform_float_3_3
Parameters: 0.999999 -0.000887595 -0.0011964 0.000879408 0.999979 -0.00633306 0.00120159 0.00633294 0.999979 0.0405544 0.210997 -0.0107369
FixedParameters: 0 0 0

#Transform 57
Transform: AffineTransform_float_3_3
Parameters: 0.999998 -0.00113846 -0.00126745 0.00112954 0.999977 -0.00665644 0.00127455 0.00665456 0.999977 0.0512931 0.227184 0.000285683
FixedParameters: 0 0 0

#Transform 58
Transform: AffineTransform_float_3_3
Parameters: 0.999998 -0.00103686 -0.00131629 0.00102714 0.999971 -0.00746736 0.00132371 0.00746564 0.999972 0.0403037 0.254237 0.0316253
FixedParameters: 0 0 0

#Transform 59
Transform: AffineTransform_float_3_3
Parameters: 0.999999 -0.000887769 -0.000966925 0.00087923 0.999967 -0.00800586 0.000974071 0.00800514 0.999968 0.0179462 0.27235 0.0483082
FixedParameters: 0 0 0

#Transform 60
Transform: AffineTransform_float_3_3
Parameters: 1 -0.000886097 -0.000716526 0.000879899 0.999964 -0.00846463 0.000724474 0.00846436 0.999964 0.000473588 0.29171 0.0345006
FixedParameters: 0 0 0

#Transform 61
Transform: AffineTransform_float_3_3
Parameters: 1 -0.000887132 -0.000715243 0.000879861 0.99995 -0.00991063 0.000724756 0.00991035 0.99995 0.00685874 0.344418 0.0282443
FixedParameters: 0 0 0

#Transform 62
Transform: AffineTransform_float_3_3
Parameters: 0.999999 -0.000882074 -0.000182235 0.000879929 0.999938 -0.0110832 0.000191764 0.0110828 0.999938 -0.0001735 0.378253 0.0151606
FixedParameters: 0 0 0

#Transform 63
Transform: AffineTransform_float_3_3
Parameters: 0.999999 -0.000883168 -0.000276061 0.000879832 0.999936 -0.0112733 0.000285936 0.0112728 0.999937 0.00414643 0.387242 -0.00764709
FixedParameters: 0 0 0

#Transform 64
Transform: AffineTransform_float_3_3
Parameters: 1 -0.00102743 -0.000295334 0.00102358 0.999935 -0.0113733 0.000306661 0.0113727 0.999936 -0.00882431 0.3994 0.0892658
FixedParameters: 0 0 0

#Transform 65
Transform: AffineTransform_float_3_3
Parameters: 1 -0.0010595 -0.000422901 0.0010555 0.999945 -0.0104985 0.000434105 0.0104985 0.999945 0.00145818 0.364883 0.0308958
FixedParameters: 0 0 0

#Transform 66
Transform: AffineTransform_float_3_3
Parameters: 0.999999 -0.000884358 -0.000367689 0.000879639 0.999932 -0.0116873 0.000378307 0.0116877 0.999931 0.00571674 0.418807 -0.0121097
FixedParameters: 0 0 0

#Transform 67
Transform: AffineTransform_float_3_3
Parameters: 0.999999 -0.000883184 -0.000268748 0.000879812 0.999932 -0.0116282 0.000279249 0.0116278 0.999933 0.00384259 0.412294 -0.0198193
FixedParameters: 0 0 0

#Transform 68
Transform: AffineTransform_float_3_3
Parameters: 1 -0.000886934 -0.00071549 0.000880062 0.999953 -0.00963364 0.000724512 0.00963337 0.999954 0.0160579 0.340745 -0.0297006
FixedParameters: 0 0 0

#Transform 69
Transform: AffineTransform_float_3_3
Parameters: 1 -0.00109915 -0.000197384 0.00109684 0.999944 -0.0105782 0.000209615 0.0105788 0.999944 -0.00523461 0.391904 0.0054412
FixedParameters: 0 0 0

#Transform 70
Transform: AffineTransform_float_3_3
Parameters: 0.999999 -0.000879004 7.73074e-05 0.000879991 0.999901 -0.0139929 -6.46926e-05 0.0139931 0.999902 -0.00437032 0.503771 -0.0695557
FixedParameters: 0 0 0

#Transform 71
Transform: AffineTransform_float_3_3
Parameters: 0.999999 -0.000865844 0.000961933 0.000879157 0.99989 -0.0148142 -0.000949079 0.0148158 0.99989 -0.0489213 0.523027 -0.121549
FixedParameters: 0 0 0

#Transform 72
Transform: AffineTransform_float_3_3
Parameters: 0.999999 -0.000865739 0.000962027 0.000879261 0.999889 -0.0149232 -0.000948984 0.0149248 0.999888 -0.0343472 0.527616 -0.110852
FixedParameters: 0 0 0

#Transform 73
Transform: AffineTransform_float_3_3
Parameters: 1 -0.000924138 0.000745668 0.000934854 0.999892 -0.0147023 -0.000731334 0.0147027 0.999891 -0.0218891 0.51619 -0.108748
FixedParameters: 0 0 0

#Transform 74
Transform: AffineTransform_float_3_3
Parameters: 0.999999 -0.000871729 0.000558134 0.000879269 0.999887 -0.0149945 -0.000544877 0.0149945 0.999888 -0.0136275 0.534621 -0.109485
FixedParameters: 0 0 0

#Transform 75
Transform: AffineTransform_float_3_3
Parameters: 0.999999 -0.00112503 0.000700282 0.00113497 0.999896 -0.0144072 -0.000683718 0.0144088 0.999896 -0.0253129 0.525858 -0.0839544
FixedParameters: 0 0 0

#Transform 76
Transform: AffineTransform_float_3_3
Parameters: 0.999999 -0.00133915 0.000641806 0.00134785 0.999901 -0.0139961 -0.000623194 0.0139978 0.999902 -0.0226378 0.507152 -0.0365677
FixedParameters: 0 0 0

#Transform 77
Transform: AffineTransform_float_3_3
Parameters: 0.999999 -0.0012924 0.000623167 0.0013016 0.999901 -0.0140092 -0.000604824 0.0140098 0.999901 -0.0183366 0.493778 -0.0800923
FixedParameters: 0 0 0

#Transform 78
Transform: AffineTransform_float_3_3
Parameters: 0.999999 -0.00130486 0.000564201 0.00131313 0.999891 -0.0146683 -0.000544796 0.0146697 0.999893 -0.019739 0.538386 -0.0594502
FixedParameters: 0 0 0

#Transform 79
Transform: AffineTransform_float_3_3
Parameters: 0.999999 -0.0013609 0.000677596 0.00137011 0.999907 -0.0136181 -0.000659401 0.0136199 0.999907 -0.0174704 0.503326 -0.0390601
FixedParameters: 0 0 0

#Transform 80
Transform: AffineTransform_float_3_3
Parameters: 0.999999 -0.00130359 0.000655976 0.00131241 0.999915 -0.0129801 -0.000639018 0.0129808 0.999915 -0.0233017 0.48007 -0.0336915
FixedParameters: 0 0 0

#Transform 81
Transform: AffineTransform_float_3_3
Parameters: 0.999999 -0.00127404 0.00056108 0.00128096 0.99992 -0.0125863 -0.00054492 0.0125867 0.99992 -0.0255114 0.464928 -0.0478901
FixedParameters: 0 0 0

#Transform 82
Transform: AffineTransform_float_3_3
Parameters: 0.999999 -0.00126825 0.000560522 0.00127575 0.999924 -0.0122053 -0.00054547 0.0122057 0.999926 -0.0264951 0.463987 -0.0263239
FixedParameters: 0 0 0

#Transform 83
Transform: AffineTransform_float_3_3
Parameters: 0.999999 -0.00116076 0.000671454 0.00116925 0.999923 -0.0124072 -0.000657543 0.0124078 0.999923 -0.0336923 0.477313 0.00301567
FixedParameters: 0 0 0

#Transform 84
Transform: AffineTransform_float_3_3
Parameters: 0.999999 -0.00131294 0.000561784 0.00132006 0.999918 -0.0127483 -0.000545214 0.0127497 0.999918 -0.0136671 0.494167 -0.0283776
FixedParameters: 0 0 0

#Transform 85
Transform: AffineTransform_float_3_3
Parameters: 0.999995 -0.00242848 0.00166581 0.00245051 0.999912 -0.01304 -0.00163318 0.013044 0.999913 0.0522617 0.511289 0.0182487
FixedParameters: 0 0 0

#Transform 86
Transform: AffineTransform_float_3_3
Parameters: 0.999998 -0.00158399 0.00106174 0.00159901 0.999896 -0.0142893 -0.00103926 0.0142907 0.999898 -0.01197 0.532228 -0.0217051
FixedParameters: 0 0 0

#Transform 87
Transform: AffineTransform_float_3_3
Parameters: 0.999998 -0.00173822 0.00103842 0.00175179 0.999909 -0.0134192 -0.00101558 0.0134208 0.99991 -0.0185964 0.509331 -0.0391636
FixedParameters: 0 0 0

#Transform 88
Transform: AffineTransform_float_3_3
Parameters: 0.999996 -0.00228961 0.00129723 0.00229239 0.999995 -0.00184603 -0.00129277 0.00184897 0.999998 -0.0330197 0.0639416 0.124302
FixedParameters: 0 0 0

#Transform 89
Transform: AffineTransform_float_3_3
Parameters: 0.999998 -0.00169976 0.00105449 0.00170524 0.999986 -0.00498821 -0.0010465 0.00499079 0.999987 -0.0263552 0.187089 0.104454
FixedParameters: 0 0 0

#Transform 90
Transform: AffineTransform_float_3_3
Parameters: 0.999998 -0.00181774 0.000894766 0.00182326 0.999981 -0.00591338 -0.000884231 0.00591562 0.999982 -0.0213629 0.22311 0.0919992
FixedParameters: 0 0 0

#Transform 91
Transform: AffineTransform_float_3_3
Parameters: 0.999997 -0.00194112 0.000896833 0.00194688 0.999977 -0.00660027 -0.000884168 0.00660173 0.999978 -0.0273488 0.259468 0.0730294
FixedParameters: 0 0 0

#Transform 92
Transform: AffineTransform_float_3_3
Parameters: 0.999997 -0.00194106 0.000896969 0.00194694 0.999976 -0.00667027 -0.00088403 0.00667273 0.999978 -0.0273149 0.284869 0.100487
FixedParameters: 0 0 0

#Transform 93
Transform: AffineTransform_float_3_3
Parameters: 0.999998 -0.00149824 0.00112442 0.00150576 0.999975 -0.00693632 -0.00111358 0.00693868 0.999976 -0.0430331 0.292342 0.0703289
FixedParameters: 0 0 0

#Transform 94
Transform: AffineTransform_float_3_3
Parameters: 0.999998 -0.0016509 0.00106014 0.0016571 0.999976 -0.00673325 -0.00104886 0.00673474 0.999977 -0.0454658 0.271294 0.0716892
FixedParameters: 0 0 0

#Transform 95
Transform: AffineTransform_float_3_3
Parameters: 0.999998 -0.00150118 0.00117109 0.00150982 0.999977 -0.00670625 -0.0011609 0.00670776 0.999977 -0.0423394 0.268803 0.0469942
FixedParameters: 0 0 0

#Transform 96
Transform: AffineTransform_float_3_3
Parameters: 0.999998 -0.00193906 0.00115444 0.00194694 0.999974 -0.00691777 -0.00114056 0.00692023 0.999976 -0.0353867 0.276464 0.0424118
FixedParameters: 0 0 0

#Transform 97
Transform: AffineTransform_float_3_3
Parameters: 0.999999 -0.00152276 0.000896406 0.00153024 0.999966 -0.00812664 -0.000884592 0.00812835 0.999966 -0.0176832 0.335282 0.0429164
FixedParameters: 0 0 0

#Transform 98
Transform: AffineTransform_float_3_3
Parameters: 0.999999 -0.00136938 0.000429699 0.00137262 0.999962 -0.00853141 -0.000418305 0.00853157 0.999963 0.00294405 0.341858 0.0200277
FixedParameters: 0 0 0

#Transform 99
Transform: AffineTransform_float_3_3
Parameters: 0.999998 -0.00156285 0.00108682 0.00157115 0.999971 -0.00753931 -0.00107518 0.0075407 0.999971 -0.0415426 0.278169 0.0641039
FixedParameters: 0 0 0

#Transform 100
Transform: AffineTransform_float_3_3
Parameters: 0.999997 -0.00150195 0.00155771 0.00151404 0.999968 -0.00776365 -0.00154529 0.00776533 0.999968 -0.067672 0.29074 0.0343548
FixedParameters: 0 0 0

#Transform 101
Transform: AffineTransform_float_3_3
Parameters: 0.999998 -0.00149999 0.00133547 0.00151102 0.999965 -0.008283 -0.00132353 0.008285 0.999965 -0.0379837 0.312282 0.0291988
FixedParameters: 0 0 0

#Transform 102
Transform: AffineTransform_float_3_3
Parameters: 0.999997 -0.00162599 0.00137908 0.001637 0.999966 -0.00801776 -0.00136592 0.00802023 0.999967 -0.039269 0.31808 0.0408138
FixedParameters: 0 0 0

#Transform 103
Transform: AffineTransform_float_3_3
Parameters: 0.999997 -0.00183182 0.00159823 0.00184517 0.999964 -0.00828208 -0.00158277 0.00828493 0.999965 -0.0480698 0.331075 0.0350294
FixedParameters: 0 0 0

#Transform 104
Transform: AffineTransform_float_3_3
Parameters: 0.999997 -0.00162044 0.00152247 0.00163356 0.999965 -0.00828253 -0.00150952 0.00828547 0.999964 -0.045951 0.32636 0.0393288
FixedParameters: 0 0 0

#Transform 105
Transform: AffineTransform_float_3_3
Parameters: 0.999998 -0.00159722 0.00158699 0.00161078 0.99996 -0.00871846 -0.00157301 0.00872153 0.99996 -0.0461741 0.350184 0.0416181
FixedParameters: 0 0 0

#Transform 106
Transform: AffineTransform_float_3_3
Parameters: 0.999997 -0.0016754 0.00179668 0.0016916 0.99996 -0.00871799 -0.00178232 0.00872101 0.999961 -0.0582195 0.350755 0.0198473
FixedParameters: 0 0 0

#Transform 107
Transform: AffineTransform_float_3_3
Parameters: 0.999997 -0.00172042 0.00179407 0.00173558 0.99996 -0.00871791 -0.00177893 0.00872109 0.999961 -0.0578003 0.331681 0.00641906
FixedParameters: 0 0 0

#Transform 108
Transform: AffineTransform_float_3_3
Parameters: 0.999997 -0.00158669 0.00180338 0.00160431 0.999953 -0.00963614 -0.00178862 0.00963887 0.999952 -0.063264 0.368516 0.0183687
FixedParameters: 0 0 0

#Transform 109
Transform: AffineTransform_float_3_3
Parameters: 0.999997 -0.00156904 0.00197521 0.00158797 0.999953 -0.00963589 -0.00196079 0.00963911 0.999951 -0.0706579 0.37257 0.0659407
FixedParameters: 0 0 0

#Transform 110
Transform: AffineTransform_float_3_3
Parameters: 0.999997 -0.00152536 0.00199396 0.00154564 0.999945 -0.0103899 -0.00197805 0.010393 0.999944 -0.0629604 0.396936 0.00109112
FixedParameters: 0 0 0

#Transform 111
Transform: AffineTransform_float_3_3
Parameters: 0.999996 -0.00150048 0.00216379 0.00152252 0.999945 -0.0104467 -0.00214721 0.0104493 0.999943 -0.0709771 0.399485 -0.013395
FixedParameters: 0 0 0

#Transform 112
Transform: AffineTransform_float_3_3
Parameters: 0.999998 -0.00107302 0.00164355 0.00109199 0.999932 -0.0115932 -0.00163145 0.0115948 0.999932 -0.0790167 0.462391 -0.113846
FixedParameters: 0 0 0

#Transform 113
Transform: AffineTransform_float_3_3
Parameters: 0.999997 -0.00142783 0.00210697 0.00145317 0.999921 -0.012472 -0.00208904 0.012475 0.99992 -0.115878 0.393429 -0.857084
FixedParameters: 0 0 0

#Transform 114
Transform: AffineTransform_float_3_3
Parameters: 0.999991 -0.00281925 0.00302317 0.00284574 0.999956 -0.00888047 -0.00299783 0.00888952 0.999956 -0.176292 0.252971 -0.977499
FixedParameters: 0 0 0

#Transform 115
Transform: AffineTransform_float_3_3
Parameters: 0.999981 -0.00616156 -0.000563686 0.00615844 0.999971 -0.00443556 0.000590314 0.00443245 0.99999 -0.010935 0.231794 -0.676423
FixedParameters: 0 0 0

#Transform 116
Transform: AffineTransform_float_3_3
Parameters: 0.999981 -0.00477068 -0.00393612 0.00476432 0.999987 -0.00145178 0.00394288 0.00143322 0.999991 0.125703 0.137864 -0.41632
FixedParameters: 0 0 0

#Transform 117
Transform: AffineTransform_float_3_3
Parameters: 0.999995 -0.00262221 0.0013357 0.00257177 0.999337 0.0363006 -0.0014303 -0.0362974 0.99934 -0.164737 -1.25841 0.388574
FixedParameters: 0 0 0

#Transform 118
Transform: AffineTransform_float_3_3
Parameters: 0.999996 -0.0020177 -0.00164223 0.00203029 0.999969 0.00752169 0.00162677 -0.00752531 0.999971 0.049682 -0.185379 0.278561
FixedParameters: 0 0 0

#Transform 119
Transform: AffineTransform_float_3_3
Parameters: 0.999993 -0.00126336 -0.00367295 0.00126965 0.999998 0.00153535 0.00367105 -0.00153965 0.999992 0.0606908 0.0199468 0.0721612
FixedParameters: 0 0 0

#Transform 120
Transform: AffineTransform_float_3_3
Parameters: 0.999989 -0.001292 -0.0045139 0.001309 0.999992 0.00376613 0.0045091 -0.00377187 0.999982 0.085474 -0.0964543 0.0290433
FixedParameters: 0 0 0

#Transform 121
Transform: AffineTransform_float_3_3
Parameters: 0.999991 -0.000955672 -0.00417794 0.000976329 0.999987 0.00510597 0.00417307 -0.00511004 0.999978 0.0792788 -0.178071 0.0038645
FixedParameters: 0 0 0

#Transform 122
Transform: AffineTransform_float_3_3
Parameters: 0.999988 -0.00103294 -0.00467568 0.00104506 0.999996 0.00257714 0.00467332 -0.00258186 0.999985 0.0967939 -0.0567647 -0.0926622
FixedParameters: 0 0 0

#Transform 123
Transform: AffineTransform_float_3_3
Parameters: 0.999989 -0.000806251 -0.00457449 0.000808745 0.999999 0.000598307 0.00457452 -0.000602695 0.99999 0.0911426 0.00347427 -0.0893496
FixedParameters: 0 0 0

#Transform 124
Transform: AffineTransform_float_3_3
Parameters: 0.999993 -0.000435057 -0.00370141 0.000429943 0.999999 -0.0013666 0.00370259 0.0013654 0.999992 0.0593226 0.109182 -0.0939387
FixedParameters: 0 0 0

#Transform 125
Transform: AffineTransform_float_3_3
Parameters: 0.999991 -0.000823323 -0.00418076 0.000817674 0.999998 -0.00151443 0.00418224 0.00151057 0.99999 0.0563695 0.065383 -0.115748
FixedParameters: 0 0 0

#Transform 126
Transform: AffineTransform_float_3_3
Parameters: 0.99999 -0.000763298 -0.00434955 0.0007557 0.999998 -0.0019093 0.00435145 0.0019057 0.999988 0.091647 0.0717443 -0.133021
FixedParameters: 0 0 0

#Transform 127
Transform: AffineTransform_float_3_3
Parameters: 0.999991 -0.000477709 -0.00434899 0.00045829 0.99999 -0.00430203 0.00435101 0.00429996 0.999982 0.0899838 0.147345 -0.137986
FixedParameters: 0 0 0

#Transform 128
Transform: AffineTransform_float_3_3
Parameters: 0.999993 -0.000556001 -0.00369334 0.000538001 0.999988 -0.00487302 0.00369567 0.00487098 0.999982 0.0664311 0.169983 -0.119291
FixedParameters: 0 0 0

#Transform 129
Transform: AffineTransform_float_3_3
Parameters: 0.999991 0.000188719 -0.00407036 -0.000216279 0.999977 -0.00670317 0.00406864 0.00670382 0.99997 0.0729342 0.216253 -0.140878
FixedParameters: 0 0 0

#Transform 130
Transform: AffineTransform_float_3_3
Parameters: 0.999995 0.000191841 -0.00321753 -0.000216156 0.999972 -0.00751034 0.00321547 0.00751065 0.999966 0.0336363 0.262984 -0.123715
FixedParameters: 0 0 0

#Transform 131
Transform: AffineTransform_float_3_3
Parameters: 0.999995 0.00018834 -0.00315178 -0.000215663 0.999962 -0.00877837 0.00315023 0.00877865 0.999957 0.0462704 0.311462 -0.117351
FixedParameters: 0 0 0

#Transform 132
Transform: AffineTransform_float_3_3
Parameters: 0.999995 0.000187614 -0.00295893 -0.000216388 0.999954 -0.0095964 0.00295706 0.00959659 0.999949 0.0277422 0.34919 -0.134311
FixedParameters: 0 0 0

#Transform 133
Transform: AffineTransform_float_3_3
Parameters: 0.999996 0.00012764 -0.00306237 -0.000156355 0.999954 -0.00958857 0.00306064 0.00958944 0.99995 0.0494935 0.349367 -0.154947
FixedParameters: 0 0 0

#Transform 134
Transform: AffineTransform_float_3_3
Parameters: 0.999994 0.000174524 -0.00325349 -0.00021647 0.999918 -0.0127524 0.0032505 0.0127526 0.999914 0.0533078 0.452551 -0.227823
FixedParameters: 0 0 0

#Transform 135
Transform: AffineTransform_float_3_3
Parameters: 0.999999 0.000192431 -0.00184861 -0.000215574 0.999918 -0.0127576 0.0018464 0.0127584 0.999917 0.00575956 0.44616 -0.257595
FixedParameters: 0 0 0

#Transform 136
Transform: AffineTransform_float_3_3
Parameters: 0.999999 -6.35023e-06 -0.00152103 -1.13499e-05 0.999927 -0.012064 0.00152097 0.012064 0.999926 -0.00808379 0.422362 -0.281221
FixedParameters: 0 0 0

#Transform 137
Transform: AffineTransform_float_3_3
Parameters: 0.999998 -5.32752e-05 -0.0018755 3.07187e-05 0.999929 -0.0118751 0.0018765 0.0118749 0.999927 0.014404 0.427425 -0.206362
FixedParameters: 0 0 0

#Transform 138
Transform: AffineTransform_float_3_3
Parameters: 0.999998 0.000195859 -0.0018902 -0.000216138 0.999943 -0.0106606 0.0018878 0.0106614 0.999942 0.0127634 0.375847 -0.223398
FixedParameters: 0 0 0

#Transform 139
Transform: AffineTransform_float_3_3
Parameters: 0.999998 0.000449522 -0.00184087 -0.000468479 0.999944 -0.0105942 0.00183614 0.0105948 0.999942 0.0152969 0.382356 -0.246974
FixedParameters: 0 0 0

#Transform 140
Transform: AffineTransform_float_3_3
Parameters: 0.999998 0.000327525 -0.00185037 -0.00034648 0.99995 -0.00999238 0.00184763 0.00999363 0.999949 0.0220158 0.36506 -0.196863
FixedParameters: 0 0 0

#Transform 141
Transform: AffineTransform_float_3_3
Parameters: 0.999998 0.000359389 -0.0018503 -0.000375616 0.999959 -0.00898432 0.0018477 0.00898568 0.999958 0.0167293 0.322235 -0.159967
FixedParameters: 0 0 0

#Transform 142
Transform: AffineTransform_float_3_3
Parameters: 0.999998 0.000469276 -0.00204667 -0.000485727 0.999971 -0.00768903 0.00204333 0.00768998 0.999969 0.00598834 0.292113 -0.119531
FixedParameters: 0 0 0

#Transform 143
Transform: AffineTransform_float_3_3
Parameters: 0.999998 0.000880183 -0.00191707 -0.000888815 0.999989 -0.0046023 0.00191293 0.00460469 0.999987 -0.00256091 0.227932 -0.0531312
FixedParameters: 0 0 0

#Transform 144
Transform: AffineTransform_float_3_3
Parameters: 0.999998 0.000560989 -0.00223254 -0.000571012 0.99999 -0.00448573 0.00223046 0.00448726 0.999987 0.0140794 0.187461 -0.0942592
FixedParameters: 0 0 0

#Transform 145
Transform: AffineTransform_float_3_3
Parameters: 0.999998 0.00027937 -0.00209758 -0.000290627 0.999984 -0.0055464 0.00209542 0.0055466 0.999983 0.0281534 0.226836 -0.135504
FixedParameters: 0 0 0

#Transform 146
Transform: AffineTransform_float_3_3
Parameters: 0.999998 0.000227098 -0.00167781 -0.000232901 0.999994 -0.00351761 0.00167719 0.00351839 0.999993 0.0237263 0.171139 -0.0610841
FixedParameters: 0 0 0

#Transform 147
Transform: AffineTransform_float_3_3
Parameters: 0.999999 0.000231681 -0.0015002 -0.000233318 0.999999 -0.00087865 0.00149979 0.000879348 0.999998 0.0180074 0.0445917 -0.0282047
FixedParameters: 0 0 0

#Transform 148
Transform: AffineTransform_float_3_3
Parameters: 0.999999 0.000230272 -0.00122851 -0.000232727 0.999997 -0.00222071 0.00122749 0.00222128 0.999997 -0.0115789 0.120387 -0.0133907
FixedParameters: 0 0 0

#Transform 149
Transform: AffineTransform_float_3_3
Parameters: 0.999999 0.000594742 -0.00119613 -0.000599257 0.999993 -0.00356228 0.00119387 0.00356271 0.999993 -0.0152344 0.159539 -0.101987
FixedParameters: 0 0 0

#Transform 150
Transform: AffineTransform_float_3_3
Parameters: 0.999998 0.000225022 -0.00164311 -0.000232984 0.999988 -0.00485762 0.00164289 0.00485738 0.999987 0.00758266 0.196521 -0.0868118
FixedParameters: 0 0 0

#Transform 151
Transform: AffineTransform_float_3_3
Parameters: 0.999998 0.000223646 -0.00157036 -0.000233351 0.999982 -0.00595864 0.00156864 0.00595936 0.999981 0.00429091 0.224849 -0.141201
FixedParameters: 0 0 0

#Transform 152
Transform: AffineTransform_float_3_3
Parameters: 0.999999 0.000358846 -0.00148773 -0.000370155 0.999972 -0.00750345 0.00148526 0.00750454 0.99997 -0.000385043 0.29064 -0.087676
FixedParameters: 0 0 0

#Transform 153
Transform: AffineTransform_float_3_3
Parameters: 1 0.000529425 -0.00106331 -0.000537574 0.999967 -0.00808143 0.00105869 0.00808157 0.999967 -0.0209743 0.314287 -0.102568
FixedParameters: 0 0 0

#Transform 154
Transform: AffineTransform_float_3_3
Parameters: 0.999999 0.000225715 -0.000835003 -0.000233284 0.999962 -0.00873381 0.000832994 0.00873419 0.999962 -0.0296331 0.32951 -0.123528
FixedParameters: 0 0 0

#Transform 155
Transform: AffineTransform_float_3_3
Parameters: 1 0.000224054 -0.00118972 -0.000232949 0.999971 -0.00752573 0.00118828 0.00752527 0.999971 -0.0131463 0.299078 -0.141506
FixedParameters: 0 0 0

#Transform 156
Transform: AffineTransform_float_3_3
Parameters: 0.999999 0.000222654 -0.00137571 -0.000233349 0.999971 -0.00752568 0.00137428 0.00752531 0.99997 -0.00300021 0.30468 -0.145159
FixedParameters: 0 0 0

#Transform 157
Transform: AffineTransform_float_3_3
Parameters: 0.999999 0.000313583 -0.00118952 -0.000323422 0.999968 -0.00792562 0.00118747 0.00792537 0.999968 -0.013797 0.322508 -0.114155
FixedParameters: 0 0 0

#Transform 158
Transform: AffineTransform_float_3_3
Parameters: 0.999999 0.000222904 -0.00127481 -0.000233098 0.999968 -0.0079257 0.00127319 0.00792529 0.999968 -0.00929814 0.313332 -0.134618
FixedParameters: 0 0 0

#Transform 159
Transform: AffineTransform_float_3_3
Parameters: 0.999999 0.000678952 -0.00114442 -0.000688046 0.999969 -0.00792522 0.00113858 0.00792578 0.999968 -0.0181358 0.32104 -0.128033
FixedParameters: 0 0 0

#Transform 160
Transform: AffineTransform_float_3_3
Parameters: 0.999999 0.000261774 -0.00138098 -0.000272226 0.999973 -0.00740963 0.00137902 0.00741037 0.999971 0.0245848 0.299203 -0.146685
FixedParameters: 0 0 0

#Transform 161
Transform: AffineTransform_float_3_3
Parameters: 0.999999 0.000173106 -0.000885579 -0.000180898 0.99996 -0.00892184 0.000884421 0.00892216 0.99996 0.0162362 0.339466 -0.188371
FixedParameters: 0 0 0

#Transform 162
Transform: AffineTransform_float_3_3
Parameters: 1 3.16034e-05 -0.00106136 -4.14029e-05 0.999952 -0.00979697 0.00106165 0.00979704 0.999952 0.0234666 0.367839 -0.190777
FixedParameters: 0 0 0

#Transform 163
Transform: AffineTransform_float_3_3
Parameters: 0.999998 0.000674168 -0.00153116 -0.00068783 0.999959 -0.00905096 0.00152484 0.00905204 0.999958 0.014241 0.343792 -0.222782
FixedParameters: 0 0 0

#Transform 164
Transform: AffineTransform_float_3_3
Parameters: 1 0.000678274 -0.000979806 -0.000687729 0.99995 -0.00996133 0.000973198 0.00996167 0.99995 -0.00547866 0.375239 -0.19496
FixedParameters: 0 0 0

#Transform 165
Transform: AffineTransform_float_3_3
Parameters: 1 0.000679582 -0.000872622 -0.000687422 0.999953 -0.0096834 0.000866384 0.00968359 0.999952 -0.0160884 0.372493 -0.175335
FixedParameters: 0 0 0

#Transform 166
Transform: AffineTransform_float_3_3
Parameters: 0.999999 0.000621874 -0.00113318 -0.000633125 0.999952 -0.00984529 0.00112682 0.00984571 0.999951 0.010834 0.374711 -0.170894
FixedParameters: 0 0 0

#Transform 167
Transform: AffineTransform_float_3_3
Parameters: 0.999999 0.000677509 -0.00102203 -0.000687491 0.999946 -0.0103003 0.00101497 0.0103007 0.999947 -0.00682818 0.400818 -0.166311
FixedParameters: 0 0 0

#Transform 168
Transform: AffineTransform_float_3_3
Parameters: 1 0.00023977 -0.00105638 -0.000250236 0.999953 -0.00969475 0.00105462 0.00969526 0.999953 0.00349581 0.359876 -0.134541
FixedParameters: 0 0 0

#Transform 169
Transform: AffineTransform_float_3_3
Parameters: 1 0.00034812 -0.000906461 -0.000356885 0.999952 -0.00981468 0.000903541 0.00981532 0.999952 -0.0100727 0.379671 -0.155628
FixedParameters: 0 0 0

#Transform 170
Transform: AffineTransform_float_3_3
Parameters: 1 0.000247312 -0.000366515 -0.000250693 0.999949 -0.0100959 0.000364488 0.0100961 0.999949 -0.0278113 0.392907 -0.14793
FixedParameters: 0 0 0

#Transform 171
Transform: AffineTransform_float_3_3
Parameters: 1 2.41864e-05 -0.000346288 -2.78104e-05 0.99994 -0.011017 0.000345715 0.011017 0.99994 -0.0303628 0.415932 -0.189516
FixedParameters: 0 0 0

#Transform 172
Transform: AffineTransform_float_3_3
Parameters: 1 0.000231676 -0.000187902 -0.000234325 0.999923 -0.012465 0.000185094 0.0124651 0.999923 -0.0370588 0.457421 -0.172406
FixedParameters: 0 0 0

#Transform 173
Transform: AffineTransform_float_3_3
Parameters: 1 0.000222214 -0.000306778 -0.000225776 0.999923 -0.0123959 0.000303225 0.0123961 0.999923 -0.0324903 0.456252 -0.219976
FixedParameters: 0 0 0

#Transform 174
Transform: AffineTransform_float_3_3
Parameters: 1 -0.000689536 -0.000119446 0.000687469 0.999922 -0.0124191 0.000127547 0.0124189 0.999923 0.0401273 0.466894 -0.22213
FixedParameters: 0 0 0

#Transform 175
Transform: AffineTransform_float_3_3
Parameters: 1 -0.000346484 -0.000333402 0.000341522 0.999911 -0.0133551 0.000337591 0.0133559 0.999911 -0.000260612 0.500006 -0.228146
FixedParameters: 0 0 0

#Transform 176
Transform: AffineTransform_float_3_3
Parameters: 1 -0.000164098 -0.000201516 0.00016091 0.999884 -0.015279 0.000203482 0.015279 0.999883 -0.0202752 0.547818 -0.246689
FixedParameters: 0 0 0

#Transform 177
Transform: AffineTransform_float_3_3
Parameters: 1 0.000190646 -2.31311e-05 -0.000190368 0.999866 -0.016407 2.08794e-05 0.016407 0.999866 -0.014208 0.604541 -0.264088
FixedParameters: 0 0 0

#Transform 178
Transform: AffineTransform_float_3_3
Parameters: 1 -0.000142328 0.000111175 0.00014367 0.999884 -0.015191 -0.00010883 0.015191 0.999884 -0.0347475 0.55341 -0.232039
FixedParameters: 0 0 0

#Transform 179
Transform: AffineTransform_float_3_3
Parameters: 1 0 0 0 0.999891 -0.014729 0 0.014729 0.999891 -0.034565 0.548625 -0.208741
FixedParameters: 0 0 0
