# transform file /out/sourcedata/freesurfer/sub-v2s12x28860_ses-1/mri/transforms/cc_up.lta
# created by oesteban on Wed Mar 11 00:02:16 2026

type      = 0 # LINEAR_VOX_TO_VOX
nxforms   = 1
mean      = 128.0000 115.0000 123.0000
sigma     = 10000.0000
1 4 4
9.931532144546509e-01 -1.106673479080200e-01 3.740850836038589e-02 1.027630901336670e+01 
1.105889230966568e-01 9.938574433326721e-01 4.165486898273230e-03 1.114337253570557e+01 
-3.763970732688904e-02 0.000000000000000e+00 9.992913603782654e-01 2.085210418701172e+01 
0.000000000000000e+00 0.000000000000000e+00 0.000000000000000e+00 1.000000000000000e+00 
src volume info
valid = 1  # volume info valid
filename = /out/sourcedata/freesurfer/sub-v2s12x28860_ses-1/mri/norm.mgz
volume = 256 256 256
voxelsize = 1.000000000000000e+00 1.000000000000000e+00 1.000000000000000e+00
xras   = -1.000000000000000e+00 0.000000000000000e+00 0.000000000000000e+00
yras   = 0.000000000000000e+00 0.000000000000000e+00 -1.000000000000000e+00
zras   = 0.000000000000000e+00 1.000000000000000e+00 0.000000000000000e+00
cras   = 3.312202453613281e+00 5.000000000000000e-01 -1.367999267578125e+01
dst volume info
valid = 1  # volume info valid
filename = /out/sourcedata/freesurfer/sub-v2s12x28860_ses-1/mri/norm.mgz
volume = 256 256 256
voxelsize = 1.000000000000000e+00 1.000000000000000e+00 1.000000000000000e+00
xras   = -1.000000000000000e+00 0.000000000000000e+00 0.000000000000000e+00
yras   = 0.000000000000000e+00 0.000000000000000e+00 -1.000000000000000e+00
zras   = 0.000000000000000e+00 1.000000000000000e+00 0.000000000000000e+00
cras   = 3.312202453613281e+00 5.000000000000000e-01 -1.367999267578125e+01
