#Insight Transform File V1.0
#Transform 0
Transform: AffineTransform_float_3_3
Parameters: 1 0 -0.000529 0 1 0 0.000529 0 1 -0.0302565 0.012915 0.0153924
FixedParameters: 0 0 0

#Transform 1
Transform: AffineTransform_float_3_3
Parameters: 1 2.34876e-07 -0.000529 2.34876e-07 1 0.000444 0.000529 -0.000444 1 -0.0140942 0.0274042 0.00169102
FixedParameters: 0 0 0

#Transform 2
Transform: AffineTransform_float_3_3
Parameters: 1 0.000241145 -0.000609942 -0.000240855 1 0.000238147 0.000610057 -0.000237853 1 -0.0240358 0.027287 -0.0424685
FixedParameters: 0 0 0

#Transform 3
Transform: AffineTransform_float_3_3
Parameters: 1 3.53901e-07 -0.000529 3.53901e-07 1 0.000669 0.000529 -0.000669 0.999999 -0.0302515 0.0273073 0.0155177
FixedParameters: 0 0 0

#Transform 4
Transform: AffineTransform_float_3_3
Parameters: 1 0.000218383 -0.000528842 -0.000218617 0.999999 0.000724115 0.000529158 -0.000723884 0.999999 -0.0307895 0.0270107 0.0122289
FixedParameters: 0 0 0

#Transform 5
Transform: AffineTransform_float_3_3
Parameters: 0.999999 6.16792e-07 -0.000946 -3.83207e-07 1 0.000652001 0.000946 -0.000652 1 -0.0300375 0.0689663 0.0288594
FixedParameters: 0 0 0

#Transform 6
Transform: AffineTransform_float_3_3
Parameters: 0.999999 4.33268e-07 -0.000946 4.33268e-07 1 0.000458 0.000946 -0.000458 1 -0.00738603 0.0442815 0.028321
FixedParameters: 0 0 0

#Transform 7
Transform: AffineTransform_float_3_3
Parameters: 0.999999 5.611e-07 -0.000775 -4.38899e-07 0.999999 0.000724001 0.000775001 -0.000724 1 -0.0275462 0.0305618 0.0288729
FixedParameters: 0 0 0

#Transform 8
Transform: AffineTransform_float_3_3
Parameters: 1 0.00050866 -0.000911633 -0.00050734 0.999999 0.000724463 0.000911368 -0.000723537 1 -0.0482719 0.0489141 0.0607885
FixedParameters: 0 0 0

#Transform 9
Transform: AffineTransform_float_3_3
Parameters: 0.999999 -0.000393413 -0.00147662 0.000391587 1 -0.00095658 0.00147738 0.000956421 0.999999 -0.00172587 0.0120867 0.13222
FixedParameters: 0 0 0

#Transform 10
Transform: AffineTransform_float_3_3
Parameters: 1 0.00017876 -0.000577074 -0.000178239 1 -0.000414897 0.000576926 0.000415103 0.999999 -0.0356294 0.00973519 0.0942659
FixedParameters: 0 0 0

#Transform 11
Transform: AffineTransform_float_3_3
Parameters: 1 0.000180934 -0.000130091 -0.000181065 1 -0.000503976 0.000129909 0.000504023 1 -0.00398694 0.00969583 0.104348
FixedParameters: 0 0 0

#Transform 12
Transform: AffineTransform_float_3_3
Parameters: 1 0.000220992 -7.70243e-05 -0.000221008 1 -0.000109983 7.69757e-05 0.000110017 1 0.00320452 0.00940619 0.0635856
FixedParameters: 0 0 0

#Transform 13
Transform: AffineTransform_float_3_3
Parameters: 1 -2.00033e-05 -7.69991e-05 1.99967e-05 1 -4.30015e-05 7.70009e-05 4.29985e-05 1 -0.00348635 0.00961689 0.0242573
FixedParameters: 0 0 0

#Transform 14
Transform: AffineTransform_float_3_3
Parameters: 1 -0.000293647 -0.000527197 0.000294353 0.999999 0.000669845 0.000526803 -0.000670154 0.999999 0.0078913 0.0348279 -0.0267123
FixedParameters: 0 0 0

#Transform 15
Transform: AffineTransform_float_3_3
Parameters: 1 -0.000293552 -0.000527249 0.000294448 0.999999 0.000849844 0.00052675 -0.000850154 0.999999 -0.00249527 0.0346999 -0.0616138
FixedParameters: 0 0 0

#Transform 16
Transform: AffineTransform_float_3_3
Parameters: 1 2.14479e-05 -0.000526982 -2.0552e-05 0.999999 0.00085001 0.000527017 -0.000849988 0.999999 -0.00334366 0.0157293 -0.0615852
FixedParameters: 0 0 0

#Transform 17
Transform: AffineTransform_float_3_3
Parameters: 1 0.000159062 -0.000465979 -0.000158938 1 0.000133074 0.000466021 -0.000132926 1 -0.00376398 0.0159848 -0.0308934
FixedParameters: 0 0 0

#Transform 18
Transform: AffineTransform_float_3_3
Parameters: 1 0.000159062 -0.000462979 -0.000158938 1 0.000133074 0.000463021 -0.000132926 1 -0.00375821 0.0159882 -0.00528547
FixedParameters: 0 0 0

#Transform 19
Transform: AffineTransform_float_3_3
Parameters: 1 0.000158993 -0.000286004 -0.000159007 1 -2.59545e-05 0.000285996 2.60455e-05 1 -0.00386737 0.00755722 0.00772706
FixedParameters: 0 0 0

#Transform 20
Transform: AffineTransform_float_3_3
Parameters: 1 0.000159014 -0.000101979 -0.000158986 1 0.000133016 0.000102021 -0.000132984 1 -0.0039644 0.0159862 -0.00553114
FixedParameters: 0 0 0

#Transform 21
Transform: AffineTransform_float_3_3
Parameters: 1 -6.00302e-05 9.19803e-05 5.99698e-05 1 0.000328005 -9.20197e-05 -0.000327994 1 -0.00345042 0.0161181 -0.026161
FixedParameters: 0 0 0

#Transform 22
Transform: AffineTransform_float_3_3
Parameters: 1 0.000158977 9.20394e-05 -0.000159023 1 0.000247985 -9.19606e-05 -0.000248015 1 -0.00406378 0.00711337 -0.0109815
FixedParameters: 0 0 0

#Transform 23
Transform: AffineTransform_float_3_3
Parameters: 1 0.000502011 -4.2866e-05 -0.000501988 1 0.000267021 4.3134e-05 -0.000266978 1 -0.00487582 0.0130111 -0.0265783
FixedParameters: 0 0 0

#Transform 24
Transform: AffineTransform_float_3_3
Parameters: 1 0.000460965 9.21761e-05 -0.000461035 1 0.000381957 -9.18239e-05 -0.000382042 1 -0.00485391 0.0156215 -0.038674
FixedParameters: 0 0 0

#Transform 25
Transform: AffineTransform_float_3_3
Parameters: 1 0.000280988 0.000412009 -0.000281013 1 3.08842e-05 -0.000411991 -3.01158e-05 1 -0.00788716 0.0107263 0.0101814
FixedParameters: 0 0 0

#Transform 26
Transform: AffineTransform_float_3_3
Parameters: 1 -0.000242995 0.000237005 0.000243005 1 -2.19424e-05 -0.000236995 2.20576e-05 1 -0.00301507 0.0165396 -0.00115925
FixedParameters: 0 0 0

#Transform 27
Transform: AffineTransform_float_3_3
Parameters: 1 -0.000242991 -0.000276007 0.000243009 1 3.09329e-05 0.000275992 -3.10671e-05 1 -0.00279711 0.0165291 0.000665092
FixedParameters: 0 0 0

#Transform 28
Transform: AffineTransform_float_3_3
Parameters: 1 3.78353e-05 -0.000418015 -3.81647e-05 1 -0.000393984 0.000417985 0.000394016 1 -0.0173007 0.0121864 0.029034
FixedParameters: 0 0 0

#Transform 29
Transform: AffineTransform_float_3_3
Parameters: 1 -0.000479124 -0.000275784 0.000478876 1 -0.000451132 0.000275216 0.000450868 1 0.0120585 0.0169873 0.0201209
FixedParameters: 0 0 0

#Transform 30
Transform: AffineTransform_float_3_3
Parameters: 1 -0.000243359 -0.000479818 0.000242641 0.999999 -0.000748116 0.000480182 0.000748883 0.999999 0.0135976 -0.00182215 -0.00926671
FixedParameters: 0 0 0

#Transform 31
Transform: AffineTransform_float_3_3
Parameters: 1 -0.000324235 -0.000275723 0.000324765 0.999999 -0.00085409 0.000275278 0.000853911 1 0.0145903 -0.0239631 0.0103511
FixedParameters: 0 0 0

#Transform 32
Transform: AffineTransform_float_3_3
Parameters: 1 -0.000243109 -0.000275904 0.000242892 1 -0.000394067 0.000275096 0.000393933 1 0.0132249 -0.0128843 0.0121568
FixedParameters: 0 0 0

#Transform 33
Transform: AffineTransform_float_3_3
Parameters: 1 -0.00024305 8.58583e-05 0.00024295 1 0.000583021 -8.61416e-05 -0.000582979 1 0.0190877 0.00239161 -0.000641074
FixedParameters: 0 0 0

#Transform 34
Transform: AffineTransform_float_3_3
Parameters: 1 -0.00024312 0.000259887 0.00024288 1 0.000463063 -0.000260112 -0.000462937 1 0.0189597 0.0168857 0.0167366
FixedParameters: 0 0 0

#Transform 35
Transform: AffineTransform_float_3_3
Parameters: 1 -0.00024297 0.000260028 0.00024303 1 -0.000116937 -0.000259972 0.000117063 1 0.00898044 -0.0012035 0.0795996
FixedParameters: 0 0 0

#Transform 36
Transform: AffineTransform_float_3_3
Parameters: 1 -0.000243003 -0.000240997 0.000242997 1 -1.10586e-05 0.000241003 1.09414e-05 1 0.0192421 0.0017878 0.0442225
FixedParameters: 0 0 0

#Transform 37
Transform: AffineTransform_float_3_3
Parameters: 1 -1.79275e-05 -0.000241005 1.70725e-05 1 0.000300996 0.000240995 -0.000301004 1 0.0160457 0.0283612 0.0233733
FixedParameters: 0 0 0

#Transform 38
Transform: AffineTransform_float_3_3
Parameters: 1 -0.000242789 -0.000416123 0.000243211 1 0.000506899 0.000415877 -0.000507101 1 0.0193544 0.0234337 0.032262
FixedParameters: 0 0 0

#Transform 39
Transform: AffineTransform_float_3_3
Parameters: 1 -0.000242878 -0.000241123 0.000243122 1 0.000506941 0.000240877 -0.000507058 1 0.0192367 0.0363476 0.0321228
FixedParameters: 0 0 0

#Transform 40
Transform: AffineTransform_float_3_3
Parameters: 1 -0.000243141 0.000278877 0.000242858 1 0.000507068 -0.000279123 -0.000506932 1 0.0189421 0.0363087 0.0126866
FixedParameters: 0 0 0

#Transform 41
Transform: AffineTransform_float_3_3
Parameters: 1 -0.000243107 0.000210877 0.000242893 1 0.000507051 -0.000210123 -0.000506949 1 0.0190247 0.0286847 0.0068422
FixedParameters: 0 0 0

#Transform 42
Transform: AffineTransform_float_3_3
Parameters: 1 0.000156983 2.31163e-05 -0.000157017 0.999999 0.000740996 -2.28836e-05 -0.000741003 0.999999 0.0180594 0.0358293 -0.00441614
FixedParameters: 0 0 0

#Transform 43
Transform: AffineTransform_float_3_3
Parameters: 1 -0.000485138 0.000272754 0.000484862 1 0.000507132 -0.000272246 -0.000506868 1 0.0365646 0.0529347 -0.0411456
FixedParameters: 0 0 0

#Transform 44
Transform: AffineTransform_float_3_3
Parameters: 1 -0.000271435 0.000282582 0.000270564 0.999999 0.00154008 -0.000283417 -0.00153992 0.999999 0.0355225 0.0367373 -0.0326067
FixedParameters: 0 0 0

#Transform 45
Transform: AffineTransform_float_3_3
Parameters: 1 -0.000585208 0.000976277 0.000583792 0.999999 0.00123757 -0.000976723 -0.00123643 0.999999 0.0615965 0.0202906 -0.00387528
FixedParameters: 0 0 0

#Transform 46
Transform: AffineTransform_float_3_3
Parameters: 0.999999 -0.00112894 0.00097707 0.00112906 1 -6.18969e-05 -0.000976929 6.3103e-05 0.999999 0.10262 0.0093198 0.0506536
FixedParameters: 0 0 0

#Transform 47
Transform: AffineTransform_float_3_3
Parameters: 0.999999 -0.00019831 0.000976937 0.00019769 1 0.000317193 -0.000977063 -0.000317807 1 0.0820662 0.0158872 0.0426129
FixedParameters: 0 0 0

#Transform 48
Transform: AffineTransform_float_3_3
Parameters: 0.999999 -0.00019798 0.000977003 0.000198019 1 -1.98065e-05 -0.000976995 2.01934e-05 0.999999 0.0683083 0.0260651 0.0447896
FixedParameters: 0 0 0

#Transform 49
Transform: AffineTransform_float_3_3
Parameters: 0.999999 -0.000198452 0.000883899 0.000197548 1 0.000511175 -0.000884101 -0.000510825 1 0.0742892 0.0379208 0.0197882
FixedParameters: 0 0 0

#Transform 50
Transform: AffineTransform_float_3_3
Parameters: 1 -0.000517672 0.000976645 0.000517328 0.999999 0.000688506 -0.000976357 -0.000687495 1 0.0688773 0.0203554 0.00155719
FixedParameters: 0 0 0

#Transform 51
Transform: AffineTransform_float_3_3
Parameters: 0.999999 -0.000198859 0.000976825 0.000198141 0.999999 0.000880194 -0.000976174 -0.000879806 0.999999 0.0620906 0.0198073 0.00903349
FixedParameters: 0 0 0

#Transform 52
Transform: AffineTransform_float_3_3
Parameters: 0.999999 -0.00019854 0.000726853 0.00019746 0.999999 0.000743144 -0.000726147 -0.000742856 1 0.0503083 0.0197622 0.0211538
FixedParameters: 0 0 0

#Transform 53
Transform: AffineTransform_float_3_3
Parameters: 0.999999 -0.000260271 0.000976661 0.00025873 0.999999 0.00130125 -0.000976337 -0.00130075 0.999998 0.0615361 0.0195072 -0.0120495
FixedParameters: 0 0 0

#Transform 54
Transform: AffineTransform_float_3_3
Parameters: 0.999999 -0.000635939 0.000562941 0.000635061 0.999999 0.00166736 -0.000564059 -0.00166664 0.999999 0.0727194 0.0442842 -0.0213548
FixedParameters: 0 0 0

#Transform 55
Transform: AffineTransform_float_3_3
Parameters: 0.999999 -0.000635668 0.000563247 0.000634332 0.999999 0.00118536 -0.000563752 -0.00118464 0.999999 0.0750981 0.0351977 -0.0124844
FixedParameters: 0 0 0

#Transform 56
Transform: AffineTransform_float_3_3
Parameters: 1 -0.000287452 0.000563261 0.000285548 0.999996 0.00257716 -0.000563737 -0.00257684 0.999996 0.076801 0.0552224 -0.0394952
FixedParameters: 0 0 0

#Transform 57
Transform: AffineTransform_float_3_3
Parameters: 0.999999 -0.000499637 0.00056255 0.000497361 0.999995 0.00290628 -0.000564448 -0.00290672 0.999995 0.0678768 0.0693892 -0.0617844
FixedParameters: 0 0 0

#Transform 58
Transform: AffineTransform_float_3_3
Parameters: 0.999999 -0.000505879 0.000769767 0.000504119 0.999997 0.00244039 -0.000771232 -0.00243961 0.999996 0.0667906 0.0512666 -0.0536717
FixedParameters: 0 0 0

#Transform 59
Transform: AffineTransform_float_3_3
Parameters: 0.999999 -0.000595112 0.000562826 0.000593887 0.999998 0.00197433 -0.000564174 -0.00197466 0.999998 0.060933 0.0384568 0.00988388
FixedParameters: 0 0 0

#Transform 60
Transform: AffineTransform_float_3_3
Parameters: 0.999999 -0.000555082 0.000657088 0.000553918 0.999999 0.00164537 -0.000657912 -0.00164464 0.999999 0.0774437 0.0326759 -0.00992778
FixedParameters: 0 0 0

#Transform 61
Transform: AffineTransform_float_3_3
Parameters: 1 -0.000820982 0.000720883 0.000820018 0.999998 0.00136159 -0.000722117 -0.00136041 0.999999 0.0781878 0.0331935 0.0172587
FixedParameters: 0 0 0

#Transform 62
Transform: AffineTransform_float_3_3
Parameters: 0.999999 -0.00125564 0.000562577 0.00125436 0.999998 0.00113371 -0.000564421 -0.00113229 0.999999 0.101106 0.0336891 0.00740853
FixedParameters: 0 0 0

#Transform 63
Transform: AffineTransform_float_3_3
Parameters: 1 -0.0010847 0.000562648 0.0010843 0.999998 0.00124761 -0.000564352 -0.00124639 0.999999 0.100611 0.024016 -0.0110454
FixedParameters: 0 0 0

#Transform 64
Transform: AffineTransform_float_3_3
Parameters: 0.999999 -0.00108508 0.00092073 0.00108392 0.999998 0.001171 -0.000922269 -0.00117 0.999999 0.100357 0.0334339 -0.0267084
FixedParameters: 0 0 0

#Transform 65
Transform: AffineTransform_float_3_3
Parameters: 0.999999 -0.000997348 0.000989643 0.000996651 0.999998 0.00136199 -0.000991357 -0.00136101 0.999998 0.110457 0.0333422 -0.0312082
FixedParameters: 0 0 0

#Transform 66
Transform: AffineTransform_float_3_3
Parameters: 0.999999 -0.00108484 0.000857938 0.00108416 0.999999 0.000979931 -0.000859061 -0.000978069 0.999999 0.113911 0.0153086 -0.0320824
FixedParameters: 0 0 0

#Transform 67
Transform: AffineTransform_float_3_3
Parameters: 0.999999 -0.00108486 0.000990058 0.00108414 0.999999 0.000869074 -0.000991942 -0.000867925 0.999999 0.114565 0.00481177 0.0114737
FixedParameters: 0 0 0

#Transform 68
Transform: AffineTransform_float_3_3
Parameters: 0.999998 -0.00108418 0.00115083 0.00108482 1 0.000161249 -0.00115117 -0.000159752 1 0.109405 -0.0124069 0.0575133
FixedParameters: 0 0 0

#Transform 69
Transform: AffineTransform_float_3_3
Parameters: 0.999998 -0.0010842 0.00116081 0.0010848 1 0.00017426 -0.00116119 -0.000172741 1 0.119994 -0.012421 0.0585725
FixedParameters: 0 0 0

#Transform 70
Transform: AffineTransform_float_3_3
Parameters: 0.999999 -0.00108365 0.00147826 0.00108436 1 -0.000239398 -0.00147774 0.000240602 0.999999 0.0988388 -0.0122761 0.0873664
FixedParameters: 0 0 0

#Transform 71
Transform: AffineTransform_float_3_3
Parameters: 0.999999 -0.00108239 0.00147918 0.00108461 0.999999 -0.0010914 -0.00147782 0.0010926 0.999999 0.107032 -0.0289399 0.11143
FixedParameters: 0 0 0

#Transform 72
Transform: AffineTransform_float_3_3
Parameters: 0.999999 -0.00108404 0.00103496 0.00108396 1 4.11219e-05 -0.00103504 -3.9878e-05 1 0.107241 -0.0133848 0.0884044
FixedParameters: 0 0 0

#Transform 73
Transform: AffineTransform_float_3_3
Parameters: 0.999999 -0.00108375 0.00103526 0.00108425 1 -0.000239878 -0.00103474 0.000241122 1 0.120111 0.010311 0.128661
FixedParameters: 0 0 0

#Transform 74
Transform: AffineTransform_float_3_3
Parameters: 0.999998 -0.00108373 0.00158519 0.00108428 1 -0.000172282 -0.00158581 0.000173719 0.999998 0.119758 0.0144736 0.0607955
FixedParameters: 0 0 0

#Transform 75
Transform: AffineTransform_float_3_3
Parameters: 0.999999 -0.00108399 0.00140301 0.00108402 1 -1.04791e-05 -0.00140299 1.15208e-05 0.999999 0.113152 0.022041 0.102714
FixedParameters: 0 0 0

#Transform 76
Transform: AffineTransform_float_3_3
Parameters: 0.999999 -0.00108379 0.00141417 0.00108422 1 -0.000151467 -0.00141384 0.000152533 0.999999 0.119946 0.0239838 0.134967
FixedParameters: 0 0 0

#Transform 77
Transform: AffineTransform_float_3_3
Parameters: 0.999999 -0.00108339 0.00142446 0.00108461 1 -0.000426456 -0.00142454 0.000428544 0.999999 0.120023 0.00217201 0.17598
FixedParameters: 0 0 0

#Transform 78
Transform: AffineTransform_float_3_3
Parameters: 0.999997 -0.00226172 0.000787931 0.00226128 0.999997 0.000915785 -0.00079007 -0.000914216 1 0.114264 0.014021 0.217092
FixedParameters: 0 0 0

#Transform 79
Transform: AffineTransform_float_3_3
Parameters: 0.999999 -0.00137255 0.000533574 0.00137144 0.999998 0.00103973 -0.000534426 -0.00103927 1 0.106879 0.0100534 0.162375
FixedParameters: 0 0 0

#Transform 80
Transform: AffineTransform_float_3_3
Parameters: 0.999998 -0.00110034 0.00120369 0.00110066 1 0.000279325 -0.00120331 -0.000277676 0.999999 0.0907656 -0.00858433 0.189495
FixedParameters: 0 0 0

#Transform 81
Transform: AffineTransform_float_3_3
Parameters: 0.999998 -0.00110082 0.00120325 0.00110018 0.999999 0.000680325 -0.00120375 -0.000679676 0.999999 0.0982537 -0.00887713 0.148656
FixedParameters: 0 0 0

#Transform 82
Transform: AffineTransform_float_3_3
Parameters: 0.999998 -0.0011007 0.00120336 0.0011003 0.999999 0.000584325 -0.00120364 -0.000583676 0.999999 0.0967632 -0.00880486 0.140785
FixedParameters: 0 0 0

#Transform 83
Transform: AffineTransform_float_3_3
Parameters: 1 -0.000245638 0.000490181 0.000246361 0.999999 -0.000737879 -0.000489818 0.00073812 0.999999 0.02432 -0.0862807 0.225015
FixedParameters: 0 0 0

#Transform 84
Transform: AffineTransform_float_3_3
Parameters: 0.999993 0.000556039 -0.00357519 -0.000617957 0.999849 -0.0173529 0.00356481 0.0173551 0.999843 -0.0628265 -0.42615 0.650794
FixedParameters: 0 0 0

#Transform 85
Transform: AffineTransform_float_3_3
Parameters: 0.999994 0.000732339 -0.00358495 -0.000824663 0.999671 -0.0256342 0.00356503 0.0256368 0.999665 -0.0574635 -0.606819 0.746838
FixedParameters: 0 0 0

#Transform 86
Transform: AffineTransform_float_3_3
Parameters: 0.999994 -0.000183015 -0.0032574 9.99968e-05 0.999675 -0.0254665 0.0032606 0.0254665 0.999671 -0.0619335 -0.606273 0.776225
FixedParameters: 0 0 0

#Transform 87
Transform: AffineTransform_float_3_3
Parameters: 0.999996 -0.000634353 -0.00281186 0.000557644 0.999634 -0.0270717 0.00282813 0.0270703 0.999629 -0.0459908 -0.624889 0.782141
FixedParameters: 0 0 0

#Transform 88
Transform: AffineTransform_float_3_3
Parameters: 0.999996 -0.000246299 -0.00282232 0.000168711 0.999625 -0.0273556 0.00282767 0.0273554 0.999622 -0.0383342 -0.632687 0.827113
FixedParameters: 0 0 0

#Transform 89
Transform: AffineTransform_float_3_3
Parameters: 0.999995 -0.000182987 -0.00334521 9.00211e-05 0.999614 -0.0277755 0.00334879 0.0277755 0.999608 -0.0369743 -0.64074 0.83508
FixedParameters: 0 0 0

#Transform 90
Transform: AffineTransform_float_3_3
Parameters: 0.999994 -0.000653624 -0.00333166 0.000558367 0.99959 -0.028622 0.00334935 0.02862 0.999585 -0.0459285 -0.682309 0.872842
FixedParameters: 0 0 0

#Transform 91
Transform: AffineTransform_float_3_3
Parameters: 0.999994 -0.000310602 -0.00348355 0.000211414 0.999592 -0.0285559 0.00349046 0.0285551 0.999586 -0.0575778 -0.693383 0.855145
FixedParameters: 0 0 0

#Transform 92
Transform: AffineTransform_float_3_3
Parameters: 0.999994 0.000130362 -0.00329517 -0.000225634 0.999578 -0.0290404 0.00328983 0.0290406 0.999573 -0.0738305 -0.693798 0.853619
FixedParameters: 0 0 0

#Transform 93
Transform: AffineTransform_float_3_3
Parameters: 0.999994 0.000126178 -0.00344011 -0.00022582 0.999578 -0.0290324 0.00343489 0.0290326 0.999572 -0.0736265 -0.694511 0.827789
FixedParameters: 0 0 0

#Transform 94
Transform: AffineTransform_float_3_3
Parameters: 0.999994 8.26314e-05 -0.00362694 -0.000187373 0.999577 -0.0290615 0.00362309 0.0290615 0.999571 -0.0579154 -0.693206 0.854837
FixedParameters: 0 0 0

#Transform 95
Transform: AffineTransform_float_3_3
Parameters: 0.999994 -0.000184688 -0.00365915 7.72855e-05 0.999567 -0.0294085 0.00366386 0.0294075 0.999561 -0.0464931 -0.69959 0.835758
FixedParameters: 0 0 0

#Transform 96
Transform: AffineTransform_float_3_3
Parameters: 0.999993 -0.000390886 -0.00365792 0.000281114 0.99955 -0.0299922 0.00366808 0.0299918 0.999544 -0.0557636 -0.728129 0.883271
FixedParameters: 0 0 0

#Transform 97
Transform: AffineTransform_float_3_3
Parameters: 0.999995 -8.99832e-05 -0.00309169 -2.99284e-06 0.999548 -0.0300621 0.00309331 0.0300619 0.999544 -0.0332291 -0.697979 0.906277
FixedParameters: 0 0 0

#Transform 98
Transform: AffineTransform_float_3_3
Parameters: 0.999991 0.000442643 -0.00406874 -0.000568365 0.999516 -0.0311069 0.00405328 0.031109 0.999508 -0.0763756 -0.747035 0.962538
FixedParameters: 0 0 0

#Transform 99
Transform: AffineTransform_float_3_3
Parameters: 0.99999 0.000431156 -0.00443158 -0.000568826 0.999515 -0.0311508 0.00441542 0.0311532 0.999505 -0.096086 -0.741799 0.962812
FixedParameters: 0 0 0

#Transform 100
Transform: AffineTransform_float_3_3
Parameters: 0.999992 0.000441492 -0.00414358 -0.000568526 0.999524 -0.0308229 0.00412844 0.0308241 0.999517 -0.114856 -0.727332 1.02947
FixedParameters: 0 0 0

#Transform 101
Transform: AffineTransform_float_3_3
Parameters: 0.999991 0.000439602 -0.00407405 -0.000568396 0.999493 -0.031815 0.00405797 0.0318171 0.999486 -0.0868213 -0.755162 1.03875
FixedParameters: 0 0 0

#Transform 102
Transform: AffineTransform_float_3_3
Parameters: 0.999994 0.000329398 -0.0036245 -0.000446621 0.999481 -0.0322176 0.00361249 0.0322184 0.999475 -0.0861846 -0.755518 1.05512
FixedParameters: 0 0 0

#Transform 103
Transform: AffineTransform_float_3_3
Parameters: 0.999995 -0.000934684 -0.00308655 0.000835302 0.999483 -0.0321407 0.00311545 0.0321382 0.999478 -0.0374839 -0.754315 1.05492
FixedParameters: 0 0 0

#Transform 104
Transform: AffineTransform_float_3_3
Parameters: 0.999994 -0.000933769 -0.00316149 0.000835242 0.999516 -0.0311008 0.00318852 0.0310972 0.999512 -0.0580098 -0.727874 1.02424
FixedParameters: 0 0 0

#Transform 105
Transform: AffineTransform_float_3_3
Parameters: 0.999996 -0.000921652 -0.00274845 0.000835331 0.999507 -0.0313634 0.00277656 0.0313616 0.999505 -0.0568501 -0.730581 1.01359
FixedParameters: 0 0 0

#Transform 106
Transform: AffineTransform_float_3_3
Parameters: 0.999996 -0.000915518 -0.00247468 0.000835504 0.999477 -0.0323442 0.00250233 0.0323418 0.999473 -0.0376401 -0.752846 0.999931
FixedParameters: 0 0 0

#Transform 107
Transform: AffineTransform_float_3_3
Parameters: 0.999997 -0.000915974 -0.00247452 0.000835044 0.999471 -0.0325282 0.00250249 0.0325258 0.999468 -0.0375322 -0.759552 0.999271
FixedParameters: 0 0 0

#Transform 108
Transform: AffineTransform_float_3_3
Parameters: 0.999996 -0.000920909 -0.00264766 0.000835079 0.999479 -0.0322673 0.00267634 0.0322647 0.999476 -0.0278161 -0.752978 1.0049
FixedParameters: 0 0 0

#Transform 109
Transform: AffineTransform_float_3_3
Parameters: 0.999996 -0.000600748 -0.00248444 0.000517266 0.99945 -0.0331744 0.00250254 0.0331726 0.999447 -0.0384406 -0.778957 1.01832
FixedParameters: 0 0 0

#Transform 110
Transform: AffineTransform_float_3_3
Parameters: 0.999997 6.308e-05 -0.00250635 -0.00014491 0.999478 -0.0322997 0.00250263 0.0322993 0.999475 -0.0405075 -0.756248 1.13805
FixedParameters: 0 0 0

#Transform 111
Transform: AffineTransform_float_3_3
Parameters: 0.999995 -0.000369017 -0.00290184 0.000266978 0.999384 -0.0350779 0.00291316 0.0350771 0.999381 -0.0393441 -0.829977 1.17759
FixedParameters: 0 0 0

#Transform 112
Transform: AffineTransform_float_3_3
Parameters: 0.999996 -4.64256e-05 -0.00304924 -6.0417e-05 0.999391 -0.034893 0.00304875 0.034893 0.999387 -0.0439014 -0.827704 1.13016
FixedParameters: 0 0 0

#Transform 113
Transform: AffineTransform_float_3_3
Parameters: 0.999997 -1.95238e-05 -0.00250382 -6.65327e-05 0.999403 -0.0345529 0.00250319 0.034552 0.999399 -0.0402756 -0.817691 1.09626
FixedParameters: 0 0 0

#Transform 114
Transform: AffineTransform_float_3_3
Parameters: 0.999995 -0.000151922 -0.00293746 4.80932e-05 0.999375 -0.0353463 0.00294054 0.0353457 0.999371 -0.0398264 -0.835122 1.11191
FixedParameters: 0 0 0

#Transform 115
Transform: AffineTransform_float_3_3
Parameters: 0.999997 -0.000136068 -0.00249976 4.7958e-05 0.999381 -0.0351973 0.00250224 0.0351968 0.999378 -0.0490361 -0.834018 1.07833
FixedParameters: 0 0 0

#Transform 116
Transform: AffineTransform_float_3_3
Parameters: 0.999997 -0.000365992 -0.00249177 0.000279035 0.999394 -0.0348228 0.00250223 0.0348222 0.999391 -0.0142973 -0.818998 1.09099
FixedParameters: 0 0 0

#Transform 117
Transform: AffineTransform_float_3_3
Parameters: 0.999997 0.00011807 -0.00250869 -0.000205905 0.999384 -0.0350786 0.00250232 0.0350794 0.999382 -0.0376403 -0.8145 1.13898
FixedParameters: 0 0 0

#Transform 118
Transform: AffineTransform_float_3_3
Parameters: 0.999996 0.000757613 -0.00244876 -0.000845391 0.999355 -0.035883 0.00242022 0.0358859 0.999353 -0.0595272 -0.843413 1.17707
FixedParameters: 0 0 0

#Transform 119
Transform: AffineTransform_float_3_3
Parameters: 0.999996 0.000748607 -0.00269268 -0.000845371 0.999352 -0.0359779 0.00266331 0.0359791 0.999349 -0.0613243 -0.83312 1.19577
FixedParameters: 0 0 0

#Transform 120
Transform: AffineTransform_float_3_3
Parameters: 0.999997 0.000759084 -0.00238902 -0.000844916 0.999346 -0.0361701 0.00235998 0.0361719 0.999343 -0.0564827 -0.858313 1.19406
FixedParameters: 0 0 0

#Transform 121
Transform: AffineTransform_float_3_3
Parameters: 0.999995 0.0007394 -0.00289405 -0.000844596 0.999327 -0.0366587 0.00286496 0.0366612 0.999323 -0.0564121 -0.877206 1.21763
FixedParameters: 0 0 0

#Transform 122
Transform: AffineTransform_float_3_3
Parameters: 0.999995 0.000624173 -0.00285767 -0.000727836 0.999334 -0.0364761 0.00283334 0.0364789 0.999331 -0.0560101 -0.849645 1.19833
FixedParameters: 0 0 0

#Transform 123
Transform: AffineTransform_float_3_3
Parameters: 0.999995 0.000741098 -0.00286194 -0.000844904 0.999334 -0.0364758 0.00283307 0.0364783 0.999331 -0.0562994 -0.849092 1.17999
FixedParameters: 0 0 0

#Transform 124
Transform: AffineTransform_float_3_3
Parameters: 0.999995 0.000723934 -0.00329594 -0.000845067 0.99932 -0.0368794 0.00326706 0.0368826 0.999315 -0.0560865 -0.867241 1.17517
FixedParameters: 0 0 0

#Transform 125
Transform: AffineTransform_float_3_3
Parameters: 0.999995 0.000724403 -0.00327602 -0.000844599 0.999317 -0.0369625 0.003247 0.0369646 0.999312 -0.0560809 -0.867194 1.17499
FixedParameters: 0 0 0

#Transform 126
Transform: AffineTransform_float_3_3
Parameters: 0.999995 0.000259487 -0.00313383 -0.000376519 0.999307 -0.037236 0.00312214 0.037237 0.999301 -0.0452349 -0.884069 1.13275
FixedParameters: 0 0 0

#Transform 127
Transform: AffineTransform_float_3_3
Parameters: 0.999996 0.000263719 -0.00303685 -0.000376287 0.999314 -0.037032 0.00302514 0.037033 0.99931 -0.0446325 -0.886919 1.16421
FixedParameters: 0 0 0

#Transform 128
Transform: AffineTransform_float_3_3
Parameters: 0.999995 0.000266446 -0.00291709 -0.00037655 0.999292 -0.0376201 0.00290489 0.0376209 0.999288 -0.0458985 -0.896854 1.20806
FixedParameters: 0 0 0

#Transform 129
Transform: AffineTransform_float_3_3
Parameters: 0.999996 0.000270016 -0.00282116 -0.000375979 0.999292 -0.0376351 0.00280884 0.0376359 0.999287 -0.0381187 -0.89025 1.26072
FixedParameters: 0 0 0

#Transform 130
Transform: AffineTransform_float_3_3
Parameters: 0.999994 0.000251901 -0.00328887 -0.000376069 0.999285 -0.037788 0.00327613 0.037788 0.999281 -0.0378995 -0.898412 1.25282
FixedParameters: 0 0 0

#Transform 131
Transform: AffineTransform_float_3_3
Parameters: 0.999994 0.000198166 -0.0032898 -0.000321842 0.999289 -0.0376841 0.0032802 0.0376849 0.999285 -0.0355851 -0.897575 1.23101
FixedParameters: 0 0 0

#Transform 132
Transform: AffineTransform_float_3_3
Parameters: 0.999994 0.000197572 -0.00328974 -0.000321438 0.999295 -0.0375612 0.00328024 0.0375619 0.999289 -0.0209288 -0.886795 1.23692
FixedParameters: 0 0 0

#Transform 133
Transform: AffineTransform_float_3_3
Parameters: 0.999994 0.000178486 -0.00344225 -0.000309504 0.99928 -0.0379522 0.00343273 0.0379528 0.999273 -0.0181131 -0.898578 1.25606
FixedParameters: 0 0 0

#Transform 134
Transform: AffineTransform_float_3_3
Parameters: 0.999994 -0.000149455 -0.00327668 2.35318e-05 0.999268 -0.0382543 0.0032803 0.0382537 0.999262 -0.0180785 -0.92062 1.27346
FixedParameters: 0 0 0

#Transform 135
Transform: AffineTransform_float_3_3
Parameters: 0.999994 0.000140827 -0.00328783 -0.000267181 0.999262 -0.0384073 0.00328016 0.0384077 0.999257 -0.00699272 -0.931258 1.27275
FixedParameters: 0 0 0

#Transform 136
Transform: AffineTransform_float_3_3
Parameters: 0.999994 4.55612e-07 -0.00328253 -0.000128562 0.999233 -0.0391598 0.00328048 0.0391602 0.999227 -0.0168835 -0.938943 1.2425
FixedParameters: 0 0 0

#Transform 137
Transform: AffineTransform_float_3_3
Parameters: 0.999994 0.000131678 -0.00328757 -0.00025834 0.999248 -0.0387584 0.00328045 0.0387586 0.999243 -0.0287517 -0.920971 1.2444
FixedParameters: 0 0 0

#Transform 138
Transform: AffineTransform_float_3_3
Parameters: 0.999996 0.000274627 -0.0030399 -0.000392377 0.999251 -0.038678 0.00302709 0.038679 0.999247 -0.0285621 -0.923247 1.27448
FixedParameters: 0 0 0

#Transform 139
Transform: AffineTransform_float_3_3
Parameters: 0.999996 0.000367734 -0.00302955 -0.000484283 0.999247 -0.0387977 0.00301348 0.0387993 0.999243 -0.0341952 -0.927491 1.28569
FixedParameters: 0 0 0

#Transform 140
Transform: AffineTransform_float_3_3
Parameters: 0.999996 0.000365803 -0.00302978 -0.000484206 0.999222 -0.0394347 0.00301325 0.0394363 0.999217 -0.0282392 -0.943735 1.30731
FixedParameters: 0 0 0

#Transform 141
Transform: AffineTransform_float_3_3
Parameters: 0.999996 0.000366103 -0.00302975 -0.000484906 0.999226 -0.0393357 0.00301326 0.0393373 0.999222 -0.0472343 -0.932241 1.29191
FixedParameters: 0 0 0

#Transform 142
Transform: AffineTransform_float_3_3
Parameters: 0.999996 0.000367386 -0.00302959 -0.00048463 0.999243 -0.0389127 0.00301342 0.0389143 0.999238 -0.0620469 -0.93258 1.293
FixedParameters: 0 0 0

#Transform 143
Transform: AffineTransform_float_3_3
Parameters: 0.999995 0.000359089 -0.00319368 -0.000484883 0.999219 -0.0395117 0.00317632 0.0395133 0.999214 -0.0433392 -0.943176 1.29106
FixedParameters: 0 0 0

#Transform 144
Transform: AffineTransform_float_3_3
Parameters: 0.999993 0.000337788 -0.00372953 -0.000487188 0.999197 -0.0400795 0.00371245 0.0400815 0.999189 -0.0409514 -0.947213 1.39821
FixedParameters: 0 0 0

#Transform 145
Transform: AffineTransform_float_3_3
Parameters: 0.999993 1.03258e-05 -0.00377042 -0.000161655 0.999201 -0.0399637 0.00376655 0.0399643 0.999194 -0.0340983 -0.947293 1.40666
FixedParameters: 0 0 0

#Transform 146
Transform: AffineTransform_float_3_3
Parameters: 0.999993 -9.44279e-05 -0.00376622 -5.54192e-05 0.999214 -0.0396561 0.00376677 0.039656 0.999207 -0.0208706 -0.943582 1.38053
FixedParameters: 0 0 0

#Transform 147
Transform: AffineTransform_float_3_3
Parameters: 0.999994 0.000231076 -0.00330178 -0.000361893 0.999212 -0.039707 0.00328922 0.039708 0.999206 -0.0246572 -0.946747 1.37974
FixedParameters: 0 0 0

#Transform 148
Transform: AffineTransform_float_3_3
Parameters: 0.999993 -9.51011e-05 -0.00371519 -5.50936e-05 0.999185 -0.0403811 0.00371581 0.040381 0.999178 -0.0341815 -0.959554 1.41864
FixedParameters: 0 0 0

#Transform 149
Transform: AffineTransform_float_3_3
Parameters: 0.999994 0.000177577 -0.00339689 -0.000313429 0.999191 -0.0402031 0.00338714 0.0402038 0.999186 -0.0406062 -0.939135 1.40655
FixedParameters: 0 0 0

#Transform 150
Transform: AffineTransform_float_3_3
Parameters: 0.999995 -7.3007e-05 -0.00320464 -5.50214e-05 0.999202 -0.039926 0.00320536 0.039926 0.999198 -0.039787 -0.946342 1.35149
FixedParameters: 0 0 0

#Transform 151
Transform: AffineTransform_float_3_3
Parameters: 0.999995 -7.10762e-05 -0.00320468 -5.50887e-05 0.999226 -0.039324 0.00320531 0.039324 0.999222 -0.0294757 -0.948973 1.33984
FixedParameters: 0 0 0

#Transform 152
Transform: AffineTransform_float_3_3
Parameters: 0.999995 -7.04426e-05 -0.00313669 -5.54147e-05 0.9992 -0.039974 0.00313629 0.039974 0.999196 -0.0193985 -0.981511 1.33896
FixedParameters: 0 0 0

#Transform 153
Transform: AffineTransform_float_3_3
Parameters: 0.999995 -0.000372216 -0.00312763 0.000247808 0.999202 -0.039941 0.0031394 0.03994 0.999197 -0.020346 -0.98276 1.37915
FixedParameters: 0 0 0

#Transform 154
Transform: AffineTransform_float_3_3
Parameters: 0.999995 -0.000482888 -0.00318824 0.00035512 0.9992 -0.0399923 0.00320476 0.0399907 0.999195 -0.0115139 -0.983156 1.38952
FixedParameters: 0 0 0

#Transform 155
Transform: AffineTransform_float_3_3
Parameters: 0.999995 -0.000316924 -0.00319483 0.000188069 0.999188 -0.0402738 0.00320517 0.0402732 0.999183 -0.0204148 -0.990894 1.38711
FixedParameters: 0 0 0

#Transform 156
Transform: AffineTransform_float_3_3
Parameters: 0.999995 -0.000147655 -0.00320166 2.03301e-05 0.999207 -0.0398353 0.00320535 0.0398347 0.999201 -0.0208732 -0.985746 1.37299
FixedParameters: 0 0 0

#Transform 157
Transform: AffineTransform_float_3_3
Parameters: 0.999994 -0.000753144 -0.00317713 0.00062386 0.999181 -0.0404552 0.00320486 0.0404528 0.999177 -0.0107399 -0.987636 1.37629
FixedParameters: 0 0 0

#Transform 158
Transform: AffineTransform_float_3_3
Parameters: 0.999994 -0.000629273 -0.00318246 0.000501703 0.999206 -0.0398368 0.00320553 0.0398342 0.999201 -0.00498152 -0.960624 1.38005
FixedParameters: 0 0 0

#Transform 159
Transform: AffineTransform_float_3_3
Parameters: 0.999994 -0.000929113 -0.00317048 0.000801867 0.999205 -0.0398608 0.00320551 0.0398582 0.9992 -0.00648457 -0.971787 1.37579
FixedParameters: 0 0 0

#Transform 160
Transform: AffineTransform_float_3_3
Parameters: 0.999995 -0.000583942 -0.00318432 0.000456032 0.99921 -0.0397206 0.00320564 0.0397193 0.999205 -0.00652215 -0.993591 1.38511
FixedParameters: 0 0 0

#Transform 161
Transform: AffineTransform_float_3_3
Parameters: 0.999995 -0.000503581 -0.00318744 0.000375399 0.999203 -0.0399004 0.00320553 0.0398996 0.999198 -0.0200177 -0.973588 1.42073
FixedParameters: 0 0 0

#Transform 162
Transform: AffineTransform_float_3_3
Parameters: 0.999995 -0.000799141 -0.00310322 0.000672866 0.999182 -0.0404393 0.00313277 0.0404367 0.999177 -0.00682015 -0.966947 1.44414
FixedParameters: 0 0 0

#Transform 163
Transform: AffineTransform_float_3_3
Parameters: 0.999994 -0.000744067 -0.00317713 0.000612937 0.999156 -0.0410571 0.00320487 0.0410548 0.999152 0.0245791 -0.974115 1.43659
FixedParameters: 0 0 0

#Transform 164
Transform: AffineTransform_float_3_3
Parameters: 0.999996 -0.000755977 -0.00274614 0.000642028 0.999148 -0.0412709 0.00277486 0.0412691 0.999144 0.0154421 -1.02174 1.3856
FixedParameters: 0 0 0

#Transform 165
Transform: AffineTransform_float_3_3
Parameters: 0.999996 -0.000756692 -0.00274594 0.000641303 0.999137 -0.0415319 0.00277503 0.0415291 0.999134 0.0185449 -1.00803 1.407
FixedParameters: 0 0 0

#Transform 166
Transform: AffineTransform_float_3_3
Parameters: 0.999996 -0.000475447 -0.00256856 0.000369534 0.999148 -0.0412851 0.00258646 0.0412839 0.999144 0.0194686 -0.993999 1.52165
FixedParameters: 0 0 0

#Transform 167
Transform: AffineTransform_float_3_3
Parameters: 0.999996 -0.000290626 -0.00276522 0.000173385 0.999114 -0.0420827 0.00277476 0.0420824 0.999111 -0.00333932 -0.997402 1.50585
FixedParameters: 0 0 0

#Transform 168
Transform: AffineTransform_float_3_3
Parameters: 0.999996 -0.000290664 -0.00276521 0.000173344 0.999113 -0.0420976 0.00277476 0.0420963 0.999109 0.00577786 -1.00226 1.47223
FixedParameters: 0 0 0

#Transform 169
Transform: AffineTransform_float_3_3
Parameters: 0.999996 -0.000477691 -0.00275731 0.000361321 0.99911 -0.0421671 0.0027747 0.0421658 0.999107 -0.00690605 -1.01509 1.47899
FixedParameters: 0 0 0

#Transform 170
Transform: AffineTransform_float_3_3
Parameters: 0.999996 -0.000502489 -0.00275615 0.000384517 0.999098 -0.0424642 0.00277483 0.0424628 0.999094 -0.00416285 -1.04181 1.49862
FixedParameters: 0 0 0

#Transform 171
Transform: AffineTransform_float_3_3
Parameters: 0.999997 -0.000702651 -0.00262362 0.000590334 0.999104 -0.0423167 0.00265136 0.0423153 0.999101 -0.000788254 -1.0182 1.47932
FixedParameters: 0 0 0

#Transform 172
Transform: AffineTransform_float_3_3
Parameters: 0.999998 0.000134944 -0.00232368 -0.000232071 0.999125 -0.0418196 0.00231632 0.0418194 0.999122 -0.0191948 -1.00882 1.53118
FixedParameters: 0 0 0

#Transform 173
Transform: AffineTransform_float_3_3
Parameters: 0.999996 -0.000681177 -0.00266662 0.000567806 0.999109 -0.0422157 0.00269337 0.0422133 0.999105 0.0266541 -1.00833 1.53563
FixedParameters: 0 0 0

#Transform 174
Transform: AffineTransform_float_3_3
Parameters: 0.999995 0.000229027 -0.00322167 -0.000365987 0.999093 -0.04258 0.00320933 0.042581 0.999088 -0.0271768 -1.01063 1.57133
FixedParameters: 0 0 0

#Transform 175
Transform: AffineTransform_float_3_3
Parameters: 0.999994 -0.000376254 -0.00324874 0.000234735 0.999059 -0.043371 0.00326225 0.04337 0.999054 -0.0136394 -1.01702 1.5797
FixedParameters: 0 0 0

#Transform 176
Transform: AffineTransform_float_3_3
Parameters: 0.999997 -0.000477417 -0.00267811 0.000362588 0.999094 -0.0425621 0.00269588 0.0425609 0.99909 -0.00655498 -0.997835 1.53555
FixedParameters: 0 0 0

#Transform 177
Transform: AffineTransform_float_3_3
Parameters: 0.999997 -0.000540266 -0.00267544 0.000425753 0.999095 -0.0425273 0.00269554 0.0425257 0.999091 -0.0080811 -1.02455 1.50889
FixedParameters: 0 0 0

#Transform 178
Transform: AffineTransform_float_3_3
Parameters: 0.999997 -0.000579269 -0.00267395 0.00046673 0.999111 -0.0421674 0.00269608 0.0421666 0.999107 -0.00612052 -1.0043 1.5241
FixedParameters: 0 0 0

#Transform 179
Transform: AffineTransform_float_3_3
Parameters: 0.999998 -0.000248981 -0.0023007 0.000154005 0.999151 -0.0411925 0.0023093 0.0411915 0.999148 -0.0064081 -0.977374 1.51228
FixedParameters: 0 0 0
