#Insight Transform File V1.0
#Transform 0
Transform: AffineTransform_float_3_3
Parameters: 0.999996 -7.47498e-05 -0.00305609 2.51888e-07 0.999701 -0.0244521 0.00305692 0.0244519 0.999697 0.066555 -0.0575294 -0.00359643
FixedParameters: 0 0 0

#Transform 1
Transform: AffineTransform_float_3_3
Parameters: 0.999994 -9.27385e-05 -0.00340674 2.8096e-07 0.999629 -0.0272121 0.00340727 0.0272118 0.999624 0.066401 -0.0208767 -0.0593795
FixedParameters: 0 0 0

#Transform 2
Transform: AffineTransform_float_3_3
Parameters: 0.999996 0.0002287 -0.00257369 -0.000302282 0.999582 -0.0289063 0.00256533 0.0289067 0.999579 0.054628 0.0597948 -0.263545
FixedParameters: 0 0 0

#Transform 3
Transform: AffineTransform_float_3_3
Parameters: 0.999997 -5.87421e-05 -0.0021582 2.35921e-07 0.99963 -0.0272081 0.00215981 0.0272079 0.999628 0.0388611 0.00175498 -0.304539
FixedParameters: 0 0 0

#Transform 4
Transform: AffineTransform_float_3_3
Parameters: 0.999998 -0.000157029 -0.00188144 0.000105982 0.999633 -0.0270923 0.00188456 0.0270918 0.999631 0.0324315 0.00816251 -0.302868
FixedParameters: 0 0 0

#Transform 5
Transform: AffineTransform_float_3_3
Parameters: 0.999997 -0.0003917 -0.00266709 0.000316303 0.999609 -0.0279509 0.00267689 0.0279501 0.999605 0.0702514 -0.0117228 -0.235473
FixedParameters: 0 0 0

#Transform 6
Transform: AffineTransform_float_3_3
Parameters: 0.999999 -0.00072051 -0.00160475 0.000676511 0.99962 -0.0275661 0.00162327 0.0275649 0.999618 0.0636567 -0.0231172 -0.274154
FixedParameters: 0 0 0

#Transform 7
Transform: AffineTransform_float_3_3
Parameters: 0.999997 -0.000471453 -0.00211621 0.000415526 0.999646 -0.0265979 0.0021288 0.0265971 0.999644 0.0752058 -0.0289324 -0.303344
FixedParameters: 0 0 0

#Transform 8
Transform: AffineTransform_float_3_3
Parameters: 1 -0.00084922 -0.000780135 0.000852779 0.999988 0.00485734 0.000775866 -0.00485866 0.999988 0.065543 0.0763061 0.482367
FixedParameters: 0 0 0

#Transform 9
Transform: AffineTransform_float_3_3
Parameters: 0.999998 -0.00204739 -0.00016576 0.00204761 0.99999 0.00378967 0.000157242 -0.00378933 0.999993 0.275687 0.758749 1.30001
FixedParameters: 0 0 0

#Transform 10
Transform: AffineTransform_float_3_3
Parameters: 0.999994 -0.00279583 -0.00194605 0.00276317 0.999865 -0.0161715 0.00199094 0.0161665 0.999868 0.351605 1.13285 1.30561
FixedParameters: 0 0 0

#Transform 11
Transform: AffineTransform_float_3_3
Parameters: 0.999997 -0.0014215 -0.00171943 0.0013945 0.999881 -0.0153174 0.00174056 0.0153156 0.999881 0.143418 0.478826 0.433211
FixedParameters: 0 0 0

#Transform 12
Transform: AffineTransform_float_3_3
Parameters: 0.999998 0.000294094 0.00193679 -0.000285906 0.999991 -0.00417756 -0.00193821 0.00417744 0.99999 0.0771599 0.0621093 0.526363
FixedParameters: 0 0 0

#Transform 13
Transform: AffineTransform_float_3_3
Parameters: 1 -3.23048e-05 0.000150935 3.26951e-05 0.999998 0.002019 -0.000151066 -0.00201899 0.999998 0.0134923 0.0311864 0.00774576
FixedParameters: 0 0 0

#Transform 14
Transform: AffineTransform_float_3_3
Parameters: 1 -5.80392e-05 2.49089e-05 5.79607e-05 0.999999 0.00157 -2.5091e-05 -0.00157 0.999999 0.0214042 -0.0114355 0.0252763
FixedParameters: 0 0 0

#Transform 15
Transform: AffineTransform_float_3_3
Parameters: 1 -0.000122954 -0.000423305 0.000124046 0.999997 0.00247295 0.000422694 -0.00247305 0.999997 0.041766 -0.018944 0.0829635
FixedParameters: 0 0 0

#Transform 16
Transform: AffineTransform_float_3_3
Parameters: 1 -0.000472715 0.000499323 0.000472283 0.999999 0.00143224 -0.000500677 -0.00143176 0.999999 0.0313392 -0.0604723 0.0118877
FixedParameters: 0 0 0

#Transform 17
Transform: AffineTransform_float_3_3
Parameters: 1 3.09769e-05 0.000135005 -3.10231e-05 1 0.000170996 -0.000134995 -0.000171004 1 0.0266249 0.0108536 -0.000975041
FixedParameters: 0 0 0

#Transform 18
Transform: AffineTransform_float_3_3
Parameters: 1 0.000507049 0.000134817 -0.000506951 1 -0.000361068 -0.000135183 0.000360931 1 -0.000295581 0.0113217 -0.0308651
FixedParameters: 0 0 0

#Transform 19
Transform: AffineTransform_float_3_3
Parameters: 1 9.30246e-05 0.000134983 -9.29754e-05 1 -0.000182013 -0.000135017 0.000181987 1 0.0102212 0.00961527 -0.0143575
FixedParameters: 0 0 0

#Transform 20
Transform: AffineTransform_float_3_3
Parameters: 1 -2.00117e-05 0.000219999 1.99883e-05 1 5.30044e-05 -0.000220001 -5.29956e-05 1 -0.00274551 0.0138183 -0.00245804
FixedParameters: 0 0 0

#Transform 21
Transform: AffineTransform_float_3_3
Parameters: 1 9.10298e-05 0.00013498 -9.19702e-05 1 -0.000221012 -0.00013502 0.000220988 1 -0.00322021 0.00815772 -0.0429836
FixedParameters: 0 0 0

#Transform 22
Transform: AffineTransform_float_3_3
Parameters: 1 9.60533e-05 0.000134962 -9.59467e-05 1 -0.000395013 -0.000135038 0.000394987 1 -0.00121364 0.0089658 -0.0292201
FixedParameters: 0 0 0

#Transform 23
Transform: AffineTransform_float_3_3
Parameters: 1 0.000171 -1.99743e-06 -0.000171 1 1.50003e-05 2.00256e-06 -1.49997e-05 1 0.00377434 0.014984 0.0199731
FixedParameters: 0 0 0

#Transform 24
Transform: AffineTransform_float_3_3
Parameters: 1 0.000164002 -2.29828e-05 -0.000163998 1 0.000105004 2.30172e-05 -0.000104996 1 -0.00399193 0.00763318 0.0236969
FixedParameters: 0 0 0

#Transform 25
Transform: AffineTransform_float_3_3
Parameters: 1 0.000210003 -5.89897e-05 -0.000209997 1 4.90124e-05 5.90103e-05 -4.89876e-05 1 -0.00345593 0.0141261 0.0463792
FixedParameters: 0 0 0

#Transform 26
Transform: AffineTransform_float_3_3
Parameters: 1 -0.000186002 -0.000267999 0.000185998 1 -6.04985e-06 0.000268001 5.95015e-06 1 0.00437859 0.015105 0.0526759
FixedParameters: 0 0 0

#Transform 27
Transform: AffineTransform_float_3_3
Parameters: 1 0.000221949 -0.00028704 -0.000222051 1 -0.000178936 0.00028696 0.000179064 1 0.00235867 0.0096884 0.0101635
FixedParameters: 0 0 0

#Transform 28
Transform: AffineTransform_float_3_3
Parameters: 1 0.00022191 -0.00050304 -0.00022209 1 -0.000178888 0.00050296 0.000179112 1 -0.00540355 0.0200526 0.0356576
FixedParameters: 0 0 0

#Transform 29
Transform: AffineTransform_float_3_3
Parameters: 0.999999 0.000653272 -0.000688741 -0.000652727 0.999999 0.000395449 0.000689258 -0.00039555 0.999999 -0.000769718 -0.00572628 0.055889
FixedParameters: 0 0 0

#Transform 30
Transform: AffineTransform_float_3_3
Parameters: 0.999999 0.000432368 -0.000688768 -0.000431631 1 0.000535297 0.00068923 -0.000534702 0.999999 -0.0113211 0.00209049 0.0634594
FixedParameters: 0 0 0

#Transform 31
Transform: AffineTransform_float_3_3
Parameters: 1 0.000222197 -0.000466906 -0.000221804 1 0.000421103 0.000466093 -0.000420896 1 -0.0156682 0.00479672 0.0358655
FixedParameters: 0 0 0

#Transform 32
Transform: AffineTransform_float_3_3
Parameters: 1 0.000375153 -0.000374846 -0.000374846 1 0.00040914 0.000375153 -0.000408859 1 -0.0167906 0.00518936 0.0481477
FixedParameters: 0 0 0

#Transform 33
Transform: AffineTransform_float_3_3
Parameters: 1 0.000222015 -0.000463993 -0.000221985 1 3.2103e-05 0.000464007 -3.1897e-05 1 -0.0157471 0.0146511 0.0335116
FixedParameters: 0 0 0

#Transform 34
Transform: AffineTransform_float_3_3
Parameters: 1 0.000222039 -0.000347975 -0.000221961 1 0.000113077 0.000348025 -0.000112923 1 -0.0187072 0.0250343 0.0401442
FixedParameters: 0 0 0

#Transform 35
Transform: AffineTransform_float_3_3
Parameters: 1 8.31489e-05 -0.000463973 -8.2851e-05 1 0.000321038 0.000464026 -0.000320961 1 -0.0149126 0.00712655 -0.0163245
FixedParameters: 0 0 0

#Transform 36
Transform: AffineTransform_float_3_3
Parameters: 1 0.000146207 -0.000402925 -0.000145793 1 0.000515059 0.000402075 -0.000514941 1 -0.0168391 0.00232961 0.0301303
FixedParameters: 0 0 0

#Transform 37
Transform: AffineTransform_float_3_3
Parameters: 1 6.91229e-05 -0.000463982 -6.8877e-05 1 0.000265032 0.000464018 -0.000264968 1 -0.0148258 0.00851915 0.00982778
FixedParameters: 0 0 0

#Transform 38
Transform: AffineTransform_float_3_3
Parameters: 0.999999 0.0003371 -0.00085596 -0.0003369 1 0.000116288 0.000856039 -0.000116711 0.999999 -0.00643519 0.012672 0.00586545
FixedParameters: 0 0 0

#Transform 39
Transform: AffineTransform_float_3_3
Parameters: 1 0.000293237 -0.00110594 -0.000292763 1 0.000214324 0.00110606 -0.000213676 1 -0.0110259 0.00145282 0.0268905
FixedParameters: 0 0 0

#Transform 40
Transform: AffineTransform_float_3_3
Parameters: 1 0.000106802 -0.00110602 -0.000107198 1 -0.000178882 0.00110598 0.000179118 1 -0.0231381 0.0199235 0.0659545
FixedParameters: 0 0 0

#Transform 41
Transform: AffineTransform_float_3_3
Parameters: 0.999999 0.00031364 -0.00141708 -0.000314361 1 -0.000254555 0.00141692 0.000254445 0.999999 -0.0165741 0.0189266 0.0397779
FixedParameters: 0 0 0

#Transform 42
Transform: AffineTransform_float_3_3
Parameters: 0.999998 0.000640625 -0.00150216 -0.000641374 1 -0.000249037 0.00150184 0.000249962 0.999999 -0.0164004 0.0223162 0.0638481
FixedParameters: 0 0 0

#Transform 43
Transform: AffineTransform_float_3_3
Parameters: 1 0.000230814 -0.00104104 -0.000231186 1 -0.000178759 0.00104096 0.00017924 1 -0.00343169 0.0199931 0.064899
FixedParameters: 0 0 0

#Transform 44
Transform: AffineTransform_float_3_3
Parameters: 1 0.0002309 -0.00110602 -0.000231101 1 -9.07445e-05 0.00110598 9.02555e-05 1 0.00742288 0.0432076 0.0940357
FixedParameters: 0 0 0

#Transform 45
Transform: AffineTransform_float_3_3
Parameters: 1 5.38083e-06 -0.001053 -5.61916e-06 1 -0.000587994 0.001053 0.000588006 1 0.0114725 0.0388863 0.109006
FixedParameters: 0 0 0

#Transform 46
Transform: AffineTransform_float_3_3
Parameters: 1 -0.000281384 -0.000519792 0.000280615 0.999999 -0.000739145 0.000520207 0.000738853 0.999999 -0.0136535 0.0336623 0.0906821
FixedParameters: 0 0 0

#Transform 47
Transform: AffineTransform_float_3_3
Parameters: 1 -2.83935e-05 -0.000533979 2.86064e-05 0.999999 -0.000737015 0.000534021 0.000736984 0.999999 -0.0149289 0.0339292 0.120491
FixedParameters: 0 0 0

#Transform 48
Transform: AffineTransform_float_3_3
Parameters: 1 0.000120119 -0.000533973 -0.000119881 1 0.000223064 0.000534027 -0.000222936 1 -0.00712341 0.0172056 0.215784
FixedParameters: 0 0 0

#Transform 49
Transform: AffineTransform_float_3_3
Parameters: 0.999999 -2.74112e-05 -0.000726023 2.85888e-05 0.999999 0.00081098 0.000725977 -0.00081102 1 -0.0100758 0.0222843 0.169572
FixedParameters: 0 0 0

#Transform 50
Transform: AffineTransform_float_3_3
Parameters: 0.999999 0.000113321 -0.00140305 -0.000113679 1 -0.000483841 0.00140295 0.000484159 0.999999 -0.0164299 0.0275026 0.0928388
FixedParameters: 0 0 0

#Transform 51
Transform: AffineTransform_float_3_3
Parameters: 1 0.000320286 -0.00111521 -0.000321713 0.999999 -0.000639642 0.00111479 0.000640357 0.999999 -0.00223641 0.0317802 0.0702225
FixedParameters: 0 0 0

#Transform 52
Transform: AffineTransform_float_3_3
Parameters: 0.999998 -0.000249718 -0.00196178 0.000247283 0.999999 -0.000875486 0.00196222 0.000875511 0.999997 0.00508749 0.0773898 0.0921595
FixedParameters: 0 0 0

#Transform 53
Transform: AffineTransform_float_3_3
Parameters: 0.999998 -0.000401639 -0.00155335 0.000403361 0.999999 0.000876375 0.00155265 -0.000876625 0.999999 0.038636 0.00641196 0.0659966
FixedParameters: 0 0 0

#Transform 54
Transform: AffineTransform_float_3_3
Parameters: 0.999998 -2.33018e-05 -0.00188306 2.8698e-05 0.999997 0.00249495 0.00188293 -0.00249505 0.999995 0.0286031 -0.00811994 0.136359
FixedParameters: 0 0 0

#Transform 55
Transform: AffineTransform_float_3_3
Parameters: 0.999999 -2.41251e-05 -0.00155306 2.88746e-05 0.999997 0.00249496 0.00155293 -0.00249504 0.999995 0.0201985 -0.00819161 0.100683
FixedParameters: 0 0 0

#Transform 56
Transform: AffineTransform_float_3_3
Parameters: 0.999999 6.32365e-05 -0.00177382 -5.77628e-05 0.999995 0.00295211 0.00177418 -0.00295189 0.999994 0.0253478 -0.019667 0.12785
FixedParameters: 0 0 0

#Transform 57
Transform: AffineTransform_float_3_3
Parameters: 0.999998 0.000169411 -0.00196054 -0.000163587 0.999996 0.00276033 0.00196146 -0.00275967 0.999995 0.00904998 -0.0147598 0.101874
FixedParameters: 0 0 0

#Transform 58
Transform: AffineTransform_float_3_3
Parameters: 0.999998 0.000445613 -0.00217886 -0.000439387 0.999996 0.00257596 0.00218014 -0.00257503 0.999995 0.0295784 -0.0198739 0.085707
FixedParameters: 0 0 0

#Transform 59
Transform: AffineTransform_float_3_3
Parameters: 0.999997 0.00013851 -0.00221466 -0.000133491 0.999997 0.0024883 0.00221434 -0.0024877 0.999995 0.0111623 -0.0525438 0.0977097
FixedParameters: 0 0 0

#Transform 60
Transform: AffineTransform_float_3_3
Parameters: 0.999993 0.00174688 -0.00323476 -0.00173912 0.999995 0.00243664 0.00323924 -0.00243136 0.999992 0.0275215 -0.0816903 0.00224367
FixedParameters: 0 0 0

#Transform 61
Transform: AffineTransform_float_3_3
Parameters: 0.999997 0.00119726 -0.00206627 -0.00119575 0.999999 0.000608472 0.00206673 -0.000606527 0.999997 0.00157487 0.0386946 -0.051678
FixedParameters: 0 0 0

#Transform 62
Transform: AffineTransform_float_3_3
Parameters: 0.999998 0.000870827 -0.00155253 -0.000870171 0.999999 0.000534351 0.00155246 -0.000532648 0.999998 -0.0214568 0.0226001 0.00738448
FixedParameters: 0 0 0

#Transform 63
Transform: AffineTransform_float_3_3
Parameters: 0.999998 0.000960011 -0.0013943 -0.000958987 1 0.000726338 0.0013957 -0.000724661 0.999999 0.00914548 0.0105728 -0.00386845
FixedParameters: 0 0 0

#Transform 64
Transform: AffineTransform_float_3_3
Parameters: 0.999999 0.000959961 -0.00155241 -0.000959042 1 0.00061849 0.00155259 -0.000617511 0.999998 0.00528448 0.00364238 -0.0537404
FixedParameters: 0 0 0

#Transform 65
Transform: AffineTransform_float_3_3
Parameters: 0.999999 0.00095878 -0.00155314 -0.000959221 0.999999 -0.00014151 0.00155286 0.000142489 0.999999 -0.000990343 0.0323345 -0.0812215
FixedParameters: 0 0 0

#Transform 66
Transform: AffineTransform_float_3_3
Parameters: 0.999999 0.000957814 -0.00155373 -0.000959188 0.999999 -0.000763511 0.00155327 0.000764489 0.999998 -0.0194047 0.0312989 -0.126054
FixedParameters: 0 0 0

#Transform 67
Transform: AffineTransform_float_3_3
Parameters: 0.999997 0.000497032 -0.00211023 -0.000497968 1 -0.00045795 0.00211077 0.00045905 0.999997 0.00616195 0.0229627 -0.0684094
FixedParameters: 0 0 0

#Transform 68
Transform: AffineTransform_float_3_3
Parameters: 0.999998 0.000203 -0.0020572 -0.000205 1 -0.000971581 0.0020578 0.000972421 0.999998 -0.0021278 0.0206154 -0.0707735
FixedParameters: 0 0 0

#Transform 69
Transform: AffineTransform_float_3_3
Parameters: 0.999999 0.000384368 -0.00146169 -0.00038663 0.999999 -0.00180044 0.00146031 0.00180156 0.999998 0.00535247 0.0190707 -0.0521431
FixedParameters: 0 0 0

#Transform 70
Transform: AffineTransform_float_3_3
Parameters: 0.999999 0.000509688 -0.00118257 -0.000511312 1 -0.0011094 0.00118143 0.0011106 0.999998 -0.00554653 0.026408 -0.0424463
FixedParameters: 0 0 0

#Transform 71
Transform: AffineTransform_float_3_3
Parameters: 0.999999 0.000509726 -0.000692939 -0.000511275 0.999998 -0.00184065 0.00069206 0.00184035 0.999998 0.0047507 0.0221808 -0.0831395
FixedParameters: 0 0 0

#Transform 72
Transform: AffineTransform_float_3_3
Parameters: 0.999999 0.000509524 -0.000870866 -0.000511477 0.999999 -0.00169656 0.000870133 0.00169645 0.999998 0.00382613 0.00872014 -0.0869815
FixedParameters: 0 0 0

#Transform 73
Transform: AffineTransform_float_3_3
Parameters: 0.999999 0.000800278 -0.00116487 -0.000802722 0.999997 -0.00233807 0.00116313 0.00233893 0.999996 -0.00351617 0.0219807 -0.118801
FixedParameters: 0 0 0

#Transform 74
Transform: AffineTransform_float_3_3
Parameters: 0.999998 0.000923711 -0.00133259 -0.000926289 0.999998 -0.00171777 0.00133141 0.00171923 0.999997 -4.70131e-05 0.0203921 -0.0496414
FixedParameters: 0 0 0

#Transform 75
Transform: AffineTransform_float_3_3
Parameters: 0.999999 0.00069997 -0.00111228 -0.000702029 0.999998 -0.00182522 0.00111072 0.00182678 0.999997 -0.00426024 0.0228538 -0.0522171
FixedParameters: 0 0 0

#Transform 76
Transform: AffineTransform_float_3_3
Parameters: 0.999999 0.000696635 -0.00134722 -0.000698365 0.999998 -0.00175606 0.00134577 0.00175694 0.999997 0.00561137 0.0210779 -0.0675481
FixedParameters: 0 0 0

#Transform 77
Transform: AffineTransform_float_3_3
Parameters: 1 0.000296713 -0.00108563 -0.000299287 0.999997 -0.00210668 0.00108537 0.00210732 0.999997 0.00324946 0.0273635 -0.0516803
FixedParameters: 0 0 0

#Transform 78
Transform: AffineTransform_float_3_3
Parameters: 0.999999 0.000476701 -0.00116395 -0.0004793 0.999998 -0.00197644 0.00116306 0.00197656 0.999998 0.00790102 0.0264805 -0.0913018
FixedParameters: 0 0 0

#Transform 79
Transform: AffineTransform_float_3_3
Parameters: 0.999999 0.000196101 -0.00100037 -0.000197898 0.999998 -0.0018988 0.000999625 0.0018982 0.999997 0.0117504 0.0298042 -0.0822026
FixedParameters: 0 0 0

#Transform 80
Transform: AffineTransform_float_3_3
Parameters: 0.999999 0.000109935 -0.00095224 -0.000112064 0.999997 -0.00216889 0.000951759 0.00216911 0.999997 0.00824847 0.0369216 -0.0637851
FixedParameters: 0 0 0

#Transform 81
Transform: AffineTransform_float_3_3
Parameters: 1 0.000140113 -0.00116335 -0.000142886 0.999997 -0.00248184 0.00116265 0.00248216 0.999996 0.000418746 0.0373827 -0.0548223
FixedParameters: 0 0 0

#Transform 82
Transform: AffineTransform_float_3_3
Parameters: 0.999999 0.0005155 -0.00130639 -0.000518498 0.999997 -0.00267932 0.00130461 0.00268067 0.999995 0.00176895 0.0382197 -0.0716226
FixedParameters: 0 0 0

#Transform 83
Transform: AffineTransform_float_3_3
Parameters: 0.999999 0.000414242 -0.00116398 -0.000417757 0.999997 -0.00236951 0.00116301 0.00237048 0.999996 -0.00113814 0.0498333 -0.0709363
FixedParameters: 0 0 0

#Transform 84
Transform: AffineTransform_float_3_3
Parameters: 0.999999 0.000516387 -0.00116416 -0.000518613 0.999998 -0.0022454 0.00116284 0.0022466 0.999997 0.00946203 0.0470732 -0.0478954
FixedParameters: 0 0 0

#Transform 85
Transform: AffineTransform_float_3_3
Parameters: 1 0.000167477 -0.00116337 -0.000170522 0.999997 -0.0021688 0.00116263 0.0021692 0.999997 0.000289954 0.0487178 -0.0117139
FixedParameters: 0 0 0

#Transform 86
Transform: AffineTransform_float_3_3
Parameters: 0.999999 0.000515911 -0.00142512 -0.000519089 0.999997 -0.00216826 0.00142388 0.00216874 0.999996 0.000153181 0.0414818 -0.0342304
FixedParameters: 0 0 0

#Transform 87
Transform: AffineTransform_float_3_3
Parameters: 0.999999 0.000351008 -0.00128282 -0.000353993 0.999997 -0.00233355 0.00128218 0.00233345 0.999997 0.00663666 0.0464351 -0.0480891
FixedParameters: 0 0 0

#Transform 88
Transform: AffineTransform_float_3_3
Parameters: 1 0.000278387 -0.00116363 -0.000281611 0.999998 -0.00224567 0.00116237 0.00224633 0.999997 0.00407846 0.0488708 -0.0523632
FixedParameters: 0 0 0

#Transform 89
Transform: AffineTransform_float_3_3
Parameters: 0.999999 0.000516455 -0.00139994 -0.000518545 0.999998 -0.00181828 0.00139906 0.00181873 0.999998 -0.00112806 0.0541171 -0.0145465
FixedParameters: 0 0 0

#Transform 90
Transform: AffineTransform_float_3_3
Parameters: 0.999999 0.00131111 -5.22703e-05 -0.00131189 0.999997 0.00208207 5.57314e-05 -0.00208193 0.999998 0.0170384 -0.0123791 0.0241305
FixedParameters: 0 0 0

#Transform 91
Transform: AffineTransform_float_3_3
Parameters: 0.999999 -0.000869541 -0.000952092 0.000873459 0.999988 0.00469317 0.000947912 -0.00469383 0.999989 0.0395313 -0.184307 0.25891
FixedParameters: 0 0 0

#Transform 92
Transform: AffineTransform_float_3_3
Parameters: 1 -0.000387927 -0.000413068 0.000388073 1 0.00017584 0.000412932 -0.00017616 1 -0.00723803 -0.0128822 0.192458
FixedParameters: 0 0 0

#Transform 93
Transform: AffineTransform_float_3_3
Parameters: 0.999999 0.000803122 5.21441e-05 -0.000803877 0.999997 -0.00231104 -5.38579e-05 0.00231096 0.999998 -0.0311853 0.0823693 0.0934963
FixedParameters: 0 0 0

#Transform 94
Transform: AffineTransform_float_3_3
Parameters: 0.999999 0.000316641 0.000667224 -0.000315358 0.999997 -0.00245721 -0.000668777 0.00245779 0.999997 -0.0497675 0.0988715 0.0621841
FixedParameters: 0 0 0

#Transform 95
Transform: AffineTransform_float_3_3
Parameters: 0.999999 0.000935654 -0.000873598 -0.000938345 0.999992 -0.00383819 0.000869405 0.00383882 0.999993 -0.0355593 0.084402 -0.0969514
FixedParameters: 0 0 0

#Transform 96
Transform: AffineTransform_float_3_3
Parameters: 0.999999 0.00120729 -0.000441697 -0.00120871 0.999991 -0.00388747 0.000436304 0.00388853 0.999993 -0.000160784 0.0402446 -0.150546
FixedParameters: 0 0 0

#Transform 97
Transform: AffineTransform_float_3_3
Parameters: 0.999999 0.000738338 0.000143267 -0.000738662 0.999997 -0.00234711 -0.000144734 0.00234689 0.999997 0.00615361 0.0254262 -0.154949
FixedParameters: 0 0 0

#Transform 98
Transform: AffineTransform_float_3_3
Parameters: 1 0.00037251 0.000363478 -0.000372489 0.999999 -0.00140314 -0.000364523 0.00140286 0.999999 0.00471558 0.0011935 -0.135303
FixedParameters: 0 0 0

#Transform 99
Transform: AffineTransform_float_3_3
Parameters: 0.999999 0.000419039 0.0014557 -0.00041796 0.999999 -0.000714609 -0.0014563 0.00071339 0.999998 0.00432094 -0.00425969 -0.116286
FixedParameters: 0 0 0

#Transform 100
Transform: AffineTransform_float_3_3
Parameters: 0.999999 0.00046091 0.00127467 -0.00046009 0.999999 -0.000714587 -0.00127433 0.000713413 0.999999 0.00406016 0.000848436 -0.0917554
FixedParameters: 0 0 0

#Transform 101
Transform: AffineTransform_float_3_3
Parameters: 0.999999 0.000460545 0.000763671 -0.000459454 0.999999 -0.000714351 -0.000764328 0.000713648 1 -0.00964722 -0.0231722 -0.11492
FixedParameters: 0 0 0

#Transform 102
Transform: AffineTransform_float_3_3
Parameters: 1 -0.000162592 0.000668099 0.000163408 1 -0.000610891 -0.0006679 0.000611108 0.999999 0.0122752 -0.00608273 -0.0689045
FixedParameters: 0 0 0

#Transform 103
Transform: AffineTransform_float_3_3
Parameters: 1 0.000269153 0.000357885 -0.000269847 1 -0.000428096 -0.000358115 0.000427904 1 -0.00565836 -0.0171045 -0.0331078
FixedParameters: 0 0 0

#Transform 104
Transform: AffineTransform_float_3_3
Parameters: 1 7.23391e-05 0.000474948 -7.16608e-05 0.999999 -0.000714034 -0.000475051 0.000713965 0.999999 -0.00754606 -0.0104874 -0.0346499
FixedParameters: 0 0 0

#Transform 105
Transform: AffineTransform_float_3_3
Parameters: 1 7.24106e-05 0.000406927 -7.15893e-05 1 -0.00100903 -0.000407073 0.00100897 1 0.00564296 0.00419542 -0.00122342
FixedParameters: 0 0 0

#Transform 106
Transform: AffineTransform_float_3_3
Parameters: 1 7.22624e-05 0.000335944 -7.17375e-05 0.999999 -0.000781024 -0.000336056 0.000780975 0.999999 -0.00392274 -0.0135261 0.0169727
FixedParameters: 0 0 0

#Transform 107
Transform: AffineTransform_float_3_3
Parameters: 1 1.73837e-05 0.00033598 -1.66163e-05 1 -0.00114201 -0.000336019 0.00114199 1 -0.00357489 0.00752559 0.0148158
FixedParameters: 0 0 0

#Transform 108
Transform: AffineTransform_float_3_3
Parameters: 1 -0.000264592 0.000336321 0.000264408 0.999999 -0.00121391 -0.000335679 0.00121409 0.999999 -0.00560032 -0.0109812 -0.0105358
FixedParameters: 0 0 0

#Transform 109
Transform: AffineTransform_float_3_3
Parameters: 1 -3.86445e-05 0.000336041 3.93555e-05 1 -0.00105799 -0.000335959 0.00105801 1 -0.00326988 -0.0154621 -0.0096257
FixedParameters: 0 0 0

#Transform 110
Transform: AffineTransform_float_3_3
Parameters: 1 7.21296e-05 9.99065e-05 -7.18702e-05 0.999999 -0.00129701 -0.000100093 0.00129699 0.999999 -0.0158491 -0.0146901 -0.0222208
FixedParameters: 0 0 0

#Transform 111
Transform: AffineTransform_float_3_3
Parameters: 1 -0.000247017 -8.53167e-06 0.000246984 0.999998 -0.001896 8.4683e-06 0.001896 0.999998 -0.0183006 0.00138343 -0.0183425
FixedParameters: 0 0 0

#Transform 112
Transform: AffineTransform_float_3_3
Parameters: 1 -0.00013307 -2.96902e-05 0.00013293 0.999998 -0.00232901 3.03097e-05 0.002329 0.999998 -0.00362516 0.0066475 -0.0211082
FixedParameters: 0 0 0

#Transform 113
Transform: AffineTransform_float_3_3
Parameters: 1 7.19977e-05 -1.15156e-06 -7.20019e-05 0.999998 -0.002105 8.48438e-07 0.002105 0.999998 -0.0038461 -0.00452711 -0.016405
FixedParameters: 0 0 0

#Transform 114
Transform: AffineTransform_float_3_3
Parameters: 0.999999 -0.000291189 0.000751314 0.00029181 1 -0.00107878 -0.000750685 0.00107922 0.999999 0.0104596 0.0280515 0.0174997
FixedParameters: 0 0 0

#Transform 115
Transform: AffineTransform_float_3_3
Parameters: 0.999999 -8.21084e-05 0.00127993 8.08914e-05 0.999999 0.000866104 -0.00128007 -0.000865895 0.999999 0.00853154 -0.0604923 0.0523469
FixedParameters: 0 0 0

#Transform 116
Transform: AffineTransform_float_3_3
Parameters: 0.999999 -0.000499538 0.000782657 0.000498461 0.999999 0.00068739 -0.000783343 -0.000687609 1 0.00754795 -0.0188269 0.0897304
FixedParameters: 0 0 0

#Transform 117
Transform: AffineTransform_float_3_3
Parameters: 1 -6.20818e-05 0.000371986 6.29181e-05 1 0.000220023 -0.000372014 -0.000219977 1 0.0152785 -0.00632473 0.0598651
FixedParameters: 0 0 0

#Transform 118
Transform: AffineTransform_float_3_3
Parameters: 1 -0.000249007 0.000406995 0.000248993 1 1.81013e-05 -0.000407004 -1.78987e-05 1 0.0108597 -0.00143823 0.0586256
FixedParameters: 0 0 0

#Transform 119
Transform: AffineTransform_float_3_3
Parameters: 1 -0.000363937 0.000364063 0.000364063 1 -0.000173867 -0.000364937 0.000174133 1 0.0174038 -0.017858 0.0573968
FixedParameters: 0 0 0

#Transform 120
Transform: AffineTransform_float_3_3
Parameters: 1 -0.00024899 3.40712e-05 0.00024901 1 -0.000285991 -3.39288e-05 0.000286008 1 0.00548457 0.00633494 0.0771421
FixedParameters: 0 0 0

#Transform 121
Transform: AffineTransform_float_3_3
Parameters: 1 -0.000504907 0.000415113 0.000505093 1 -0.00022379 -0.000414887 0.000224209 1 -0.00264277 0.00443126 0.0522407
FixedParameters: 0 0 0

#Transform 122
Transform: AffineTransform_float_3_3
Parameters: 1 -0.00024894 0.000415036 0.00024906 1 -0.000144897 -0.000414964 0.000144103 1 0.0334376 0.00270531 0.0300346
FixedParameters: 0 0 0

#Transform 123
Transform: AffineTransform_float_3_3
Parameters: 0.999998 0.000397247 -0.00199155 -0.000399752 0.999999 -0.00138221 0.00199045 0.00138279 0.999997 0.0697952 -0.0864557 0.250517
FixedParameters: 0 0 0

#Transform 124
Transform: AffineTransform_float_3_3
Parameters: 0.999999 0.000576105 -0.000559921 -0.000576894 0.999998 -0.00159868 0.000559078 0.00159932 0.999998 0.0319728 0.0345191 0.151654
FixedParameters: 0 0 0

#Transform 125
Transform: AffineTransform_float_3_3
Parameters: 1 -1.10463e-05 -0.000129996 1.19537e-05 1 -0.000356002 0.000130004 0.000355999 1 0.0519232 -0.0407462 0.512594
FixedParameters: 0 0 0

#Transform 126
Transform: AffineTransform_float_3_3
Parameters: 1 -2.06773e-05 0.00046806 2.13225e-05 0.999996 -0.00282599 -0.000467942 0.00282601 0.999996 -0.0137321 -0.0127405 -0.0837551
FixedParameters: 0 0 0

#Transform 127
Transform: AffineTransform_float_3_3
Parameters: 0.999999 -0.000797605 0.00133327 0.000807392 0.999969 -0.00781393 -0.00132673 0.00781507 0.999968 -0.0641628 0.00455264 -0.609404
FixedParameters: 0 0 0

#Transform 128
Transform: AffineTransform_float_3_3
Parameters: 0.999999 -0.000610145 0.000651685 0.000613856 0.99999 -0.0043896 -0.000649312 0.0043894 0.99999 -0.041485 -0.0171305 -0.446819
FixedParameters: 0 0 0

#Transform 129
Transform: AffineTransform_float_3_3
Parameters: 1 0.000381528 -0.000298888 -0.000383467 0.999987 -0.00493888 0.00029611 0.00493911 0.999988 -0.0485661 -0.0298948 -0.392805
FixedParameters: 0 0 0

#Transform 130
Transform: AffineTransform_float_3_3
Parameters: 0.999998 0.00185145 -0.000508621 -0.00184756 0.999976 0.00669295 0.000520377 -0.00669205 0.999978 -0.0228115 -0.271426 0.200996
FixedParameters: 0 0 0

#Transform 131
Transform: AffineTransform_float_3_3
Parameters: 0.999997 0.00170956 0.00134451 -0.00171644 0.999983 0.0055497 -0.00133549 -0.0055513 0.999983 -0.00861471 -0.36983 0.226149
FixedParameters: 0 0 0

#Transform 132
Transform: AffineTransform_float_3_3
Parameters: 0.999994 0.00046425 -0.00345017 -0.000457752 0.999999 0.00181159 0.00345084 -0.00181041 0.999993 -0.0308968 -0.282259 0.595022
FixedParameters: 0 0 0

#Transform 133
Transform: AffineTransform_float_3_3
Parameters: 0.999996 0.000105883 -0.00263859 -0.000140121 0.999917 -0.0129327 0.00263741 0.0129333 0.999913 0.0434688 0.127891 0.587015
FixedParameters: 0 0 0

#Transform 134
Transform: AffineTransform_float_3_3
Parameters: 1 0.000139097 -9.04052e-05 -0.000140909 0.99995 -0.010069 8.95858e-05 0.010069 0.99995 0.0316481 0.0652831 0.305949
FixedParameters: 0 0 0

#Transform 135
Transform: AffineTransform_float_3_3
Parameters: 0.999997 0.000704125 0.00236125 -0.000687877 0.999976 -0.00682264 -0.00236575 0.00682135 0.999974 0.00407705 0.0184833 0.177148
FixedParameters: 0 0 0

#Transform 136
Transform: AffineTransform_float_3_3
Parameters: 0.999999 0.000901924 0.00163803 -0.000891077 0.999978 -0.00665748 -0.00164397 0.00665554 0.999977 0.0211738 -0.0626254 0.106303
FixedParameters: 0 0 0

#Transform 137
Transform: AffineTransform_float_3_3
Parameters: 0.999999 0.000984233 0.00100899 -0.000976767 0.999974 -0.00714399 -0.001016 0.00714301 0.999974 -0.0119455 -0.0184037 -0.0206648
FixedParameters: 0 0 0

#Transform 138
Transform: AffineTransform_float_3_3
Parameters: 1 0.000604939 0.000134857 -0.000604061 0.999977 -0.00685408 -0.000139144 0.00685492 0.999976 -0.0135307 -0.047004 -0.0146619
FixedParameters: 0 0 0

#Transform 139
Transform: AffineTransform_float_3_3
Parameters: 1 0.000605269 0.000199183 -0.000603732 0.99998 -0.00631212 -0.000202815 0.00631188 0.99998 -0.00408088 -0.0606428 -0.0335187
FixedParameters: 0 0 0

#Transform 140
Transform: AffineTransform_float_3_3
Parameters: 1 0.000148677 0.000304186 -0.000147324 0.999985 -0.00550604 -0.000304816 0.00550595 0.999985 -0.0586202 -0.0820735 0.0175024
FixedParameters: 0 0 0

#Transform 141
Transform: AffineTransform_float_3_3
Parameters: 0.999998 -0.00125757 -0.00145492 0.00125443 0.999996 -0.00245283 0.00145808 0.00245117 0.999996 -0.0615273 -0.205938 0.36836
FixedParameters: 0 0 0

#Transform 142
Transform: AffineTransform_float_3_3
Parameters: 0.999998 0.000381466 -0.00200062 -0.000399527 0.999957 -0.00927122 0.00199638 0.00927278 0.999955 0.00868825 -0.00812705 0.344373
FixedParameters: 0 0 0

#Transform 143
Transform: AffineTransform_float_3_3
Parameters: 0.999997 -0.00144429 0.00157103 0.00146971 0.999863 -0.0164867 -0.00154698 0.0164893 0.999863 -0.0438269 0.0876357 -0.134499
FixedParameters: 0 0 0

#Transform 144
Transform: AffineTransform_float_3_3
Parameters: 0.999999 -0.00111893 0.00056122 0.00112407 0.999958 -0.00911238 -0.00055078 0.00911263 0.999959 -0.00443651 0.111395 0.321793
FixedParameters: 0 0 0

#Transform 145
Transform: AffineTransform_float_3_3
Parameters: 0.999999 -0.000707488 0.00129348 0.000712513 0.999993 -0.00349108 -0.00129152 0.00349192 0.999993 0.082619 -0.0991746 0.0985404
FixedParameters: 0 0 0

#Transform 146
Transform: AffineTransform_float_3_3
Parameters: 0.999995 -0.00065951 0.00310247 0.000671488 0.999993 -0.00370394 -0.00309953 0.00370606 0.999989 -0.00968069 -0.169547 0.60833
FixedParameters: 0 0 0

#Transform 147
Transform: AffineTransform_float_3_3
Parameters: 0.999998 -0.00145601 0.00174921 0.00146699 0.999979 -0.00629845 -0.00173979 0.00630055 0.999978 0.0445823 -0.268957 -0.400053
FixedParameters: 0 0 0

#Transform 148
Transform: AffineTransform_float_3_3
Parameters: 0.999994 -0.00349515 0.000953482 0.00350285 0.999968 -0.00728171 -0.000927515 0.00728429 0.999973 0.0378432 -0.0801149 -0.254408
FixedParameters: 0 0 0

#Transform 149
Transform: AffineTransform_float_3_3
Parameters: 0.999994 -0.0026138 0.00218298 0.0026312 0.999962 -0.0083773 -0.00216103 0.0083827 0.999962 -0.0489411 0.0466906 -0.231357
FixedParameters: 0 0 0

#Transform 150
Transform: AffineTransform_float_3_3
Parameters: 0.999991 -0.00422271 -0.000168054 0.00422229 0.999983 -0.00401375 0.000184948 0.00401325 0.999992 -0.0775708 -0.0212098 -0.263552
FixedParameters: 0 0 0

#Transform 151
Transform: AffineTransform_float_3_3
Parameters: 0.999993 -0.00326004 -0.00219215 0.00324997 0.999985 -0.00456616 0.00220685 0.00455884 0.999987 0.020122 0.0952209 -0.228637
FixedParameters: 0 0 0

#Transform 152
Transform: AffineTransform_float_3_3
Parameters: 0.999971 0.00727276 -0.00246476 -0.00727124 0.999973 0.000316931 0.00246724 -0.000299065 0.999997 0.0523507 0.236382 -0.189515
FixedParameters: 0 0 0

#Transform 153
Transform: AffineTransform_float_3_3
Parameters: 1 -0.000283922 -0.00108098 0.00028008 0.999994 -0.00362531 0.00108202 0.0036257 0.999993 -0.0228752 0.159601 -0.00451004
FixedParameters: 0 0 0

#Transform 154
Transform: AffineTransform_float_3_3
Parameters: 0.999995 -0.00107198 -0.00313225 0.00103702 0.999938 -0.0111493 0.00314376 0.0111457 0.999933 -0.141238 0.0464188 -0.228263
FixedParameters: 0 0 0

#Transform 155
Transform: AffineTransform_float_3_3
Parameters: 0.999997 -0.00176714 -0.00166781 0.00174385 0.999903 -0.0137779 0.00169218 0.013775 0.999903 -0.0906763 0.106728 -0.282172
FixedParameters: 0 0 0

#Transform 156
Transform: AffineTransform_float_3_3
Parameters: 0.999996 -0.00204119 -0.00228302 0.00200581 0.999881 -0.0153097 0.00231398 0.0153053 0.99988 -0.0837648 0.146214 -0.229419
FixedParameters: 0 0 0

#Transform 157
Transform: AffineTransform_float_3_3
Parameters: 0.999993 -0.00239083 -0.00266837 0.00234718 0.999864 -0.0163084 0.00270663 0.0163026 0.999864 -0.0915206 0.156018 -0.270208
FixedParameters: 0 0 0

#Transform 158
Transform: AffineTransform_float_3_3
Parameters: 0.999994 -0.00203953 -0.00251848 0.00198148 0.999741 -0.0226391 0.00256351 0.0226339 0.99974 -0.0997177 0.218961 -0.484586
FixedParameters: 0 0 0

#Transform 159
Transform: AffineTransform_float_3_3
Parameters: 0.999998 -0.00200378 -0.000964065 0.00197922 0.999708 -0.024063 0.00101192 0.024061 0.99971 -0.0907317 0.200873 -0.686162
FixedParameters: 0 0 0

#Transform 160
Transform: AffineTransform_float_3_3
Parameters: 0.999998 -0.000995428 -0.00123484 0.000965568 0.999721 -0.0236072 0.00125814 0.0236068 0.99972 -0.102973 0.176986 -0.757665
FixedParameters: 0 0 0

#Transform 161
Transform: AffineTransform_float_3_3
Parameters: 0.999999 -0.000717055 -0.0016734 0.000677933 0.999716 -0.0238142 0.00169062 0.0238138 0.999715 -0.0889558 0.201703 -0.646622
FixedParameters: 0 0 0

#Transform 162
Transform: AffineTransform_float_3_3
Parameters: 0.999998 -0.00103734 -0.00123228 0.00100664 0.999682 -0.0251703 0.00125873 0.0251687 0.999682 -0.099157 0.222662 -0.647851
FixedParameters: 0 0 0

#Transform 163
Transform: AffineTransform_float_3_3
Parameters: 0.999999 -0.000794117 -0.000954287 0.000765891 0.999576 -0.0291117 0.00097671 0.0291112 0.999575 -0.10709 0.256937 -0.636644
FixedParameters: 0 0 0

#Transform 164
Transform: AffineTransform_float_3_3
Parameters: 0.999998 -0.00142619 -0.000771887 0.00140181 0.999535 -0.0304811 0.000815106 0.0304799 0.999535 -0.127914 0.283396 -0.637538
FixedParameters: 0 0 0

#Transform 165
Transform: AffineTransform_float_3_3
Parameters: 0.999999 -0.00141828 -0.000553994 0.00140171 0.999596 -0.0283648 0.000593998 0.0283642 0.999598 -0.118504 0.243919 -0.725758
FixedParameters: 0 0 0

#Transform 166
Transform: AffineTransform_float_3_3
Parameters: 0.999999 -0.00143751 -0.00115516 0.0014015 0.999543 -0.0301717 0.00119783 0.0301703 0.999544 -0.109135 0.248312 -0.699883
FixedParameters: 0 0 0

#Transform 167
Transform: AffineTransform_float_3_3
Parameters: 0.999998 -0.00142853 -0.000911701 0.00140149 0.999593 -0.0284693 0.000951285 0.0284687 0.999594 -0.115223 0.249146 -0.732528
FixedParameters: 0 0 0

#Transform 168
Transform: AffineTransform_float_3_3
Parameters: 0.999998 -0.00179117 -0.000718745 0.00176782 0.999516 -0.0310423 0.000774249 0.0310407 0.999518 -0.115789 0.270715 -0.702666
FixedParameters: 0 0 0

#Transform 169
Transform: AffineTransform_float_3_3
Parameters: 0.999999 -0.00141767 -0.000519042 0.00140133 0.999577 -0.0290458 0.000559939 0.0290452 0.999578 -0.120684 0.259015 -0.768799
FixedParameters: 0 0 0

#Transform 170
Transform: AffineTransform_float_3_3
Parameters: 1 2.04583e-05 0.00115283 6.46202e-06 0.999736 -0.022946 -0.00115316 0.022946 0.999736 -0.0709226 0.119535 -0.903992
FixedParameters: 0 0 0

#Transform 171
Transform: AffineTransform_float_3_3
Parameters: 0.999999 -0.000299259 0.000996116 0.000322737 0.999737 -0.0229077 -0.000988866 0.0229083 0.999737 -0.0438709 0.232059 -0.713642
FixedParameters: 0 0 0

#Transform 172
Transform: AffineTransform_float_3_3
Parameters: 0.999999 0.00122693 -0.000155518 -0.00123008 0.999767 -0.0215838 0.00012948 0.0215842 0.999767 -0.0367714 0.286089 -0.483142
FixedParameters: 0 0 0

#Transform 173
Transform: AffineTransform_float_3_3
Parameters: 0.999995 -7.11176e-05 -0.00319321 -1.13579e-06 0.999745 -0.0225791 0.00319479 0.0225789 0.99974 0.0379161 0.389607 -1.4022
FixedParameters: 0 0 0

#Transform 174
Transform: AffineTransform_float_3_3
Parameters: 0.999991 -0.00158396 0.00376415 0.00164703 0.999857 -0.0168029 -0.00373685 0.016809 0.999851 0.00147585 -0.376168 0.227695
FixedParameters: 0 0 0

#Transform 175
Transform: AffineTransform_float_3_3
Parameters: 0.999983 -0.00389659 0.00434274 0.0039604 0.999885 -0.01469 -0.00428425 0.0147069 0.999882 -0.177424 -0.264618 0.24445
FixedParameters: 0 0 0

#Transform 176
Transform: AffineTransform_float_3_3
Parameters: 0.999929 -0.010107 0.00619221 0.010248 0.999679 -0.0231742 -0.00595679 0.0232358 0.999713 -0.268495 -0.286645 -1.40274
FixedParameters: 0 0 0

#Transform 177
Transform: AffineTransform_float_3_3
Parameters: 0.999962 -0.00782193 0.00388303 0.00789706 0.999774 -0.0197081 -0.00372797 0.0197379 0.999798 -0.249344 -0.09734 -1.44475
FixedParameters: 0 0 0

#Transform 178
Transform: AffineTransform_float_3_3
Parameters: 0.999983 -0.00526339 0.00249872 0.0052826 0.999955 -0.00790593 -0.00245628 0.00791906 0.999965 -0.177074 -0.0867074 -0.269522
FixedParameters: 0 0 0

#Transform 179
Transform: AffineTransform_float_3_3
Parameters: 0.999953 -0.00700696 0.0066698 0.00709604 0.999885 -0.0134203 -0.00657519 0.0134677 0.999887 -0.196581 -0.142213 0.0985171
FixedParameters: 0 0 0
