#Insight Transform File V1.0
#Transform 0
Transform: AffineTransform_float_3_3
Parameters: 1 -0.000284181 -0.000476297 0.000282819 0.999997 -0.00247813 0.000476702 0.00247786 0.999997 0.0269302 0.083096 -0.0744781
FixedParameters: 0 0 0

#Transform 1
Transform: AffineTransform_float_3_3
Parameters: 1 -0.000428792 -0.000351036 0.000427209 0.999998 -0.00225115 0.000351963 0.00225185 0.999998 0.023247 0.0986504 -0.0435461
FixedParameters: 0 0 0

#Transform 2
Transform: AffineTransform_float_3_3
Parameters: 1 -1.19945e-05 -0.000476976 1.10054e-05 0.999998 -0.002085 0.000477024 0.00208499 0.999997 0.0227118 0.067004 -0.0687654
FixedParameters: 0 0 0

#Transform 3
Transform: AffineTransform_float_3_3
Parameters: 1 -0.000481278 -0.000132997 0.000480721 0.999997 -0.00208506 0.000134003 0.00208493 0.999998 0.0137114 0.100592 -0.0425297
FixedParameters: 0 0 0

#Transform 4
Transform: AffineTransform_float_3_3
Parameters: 1 -0.000349214 -0.000129424 0.000348787 0.999998 -0.00164904 0.000129575 0.00164895 0.999998 0.011489 0.0664134 -0.024138
FixedParameters: 0 0 0

#Transform 5
Transform: AffineTransform_float_3_3
Parameters: 1 -0.000481579 -0.000360227 0.000481421 0.999998 -0.00160617 0.000360773 0.00160583 0.999998 0.0244575 0.0650681 -0.0259788
FixedParameters: 0 0 0

#Transform 6
Transform: AffineTransform_float_3_3
Parameters: 1 -0.000480904 6.47185e-05 0.000481096 0.999999 -0.00149397 -6.42813e-05 0.00149403 0.999999 0.0043916 0.0597638 -0.0429945
FixedParameters: 0 0 0

#Transform 7
Transform: AffineTransform_float_3_3
Parameters: 1 -0.000480913 6.46483e-05 0.000481087 0.999999 -0.00134797 -6.43515e-05 0.00134803 0.999999 0.00439556 0.0528486 -0.0331255
FixedParameters: 0 0 0

#Transform 8
Transform: AffineTransform_float_3_3
Parameters: 1 -0.00048097 6.4226e-05 0.00048103 1 -0.000469969 -6.37739e-05 0.000470031 1 0.00441287 0.0204618 -0.00601082
FixedParameters: 0 0 0

#Transform 9
Transform: AffineTransform_float_3_3
Parameters: 1 -0.000414932 6.44395e-05 0.000415069 1 -0.00105897 -6.45605e-05 0.00105903 1 0.01539 0.0388188 -0.022422
FixedParameters: 0 0 0

#Transform 10
Transform: AffineTransform_float_3_3
Parameters: 1 -0.000481045 -4.24906e-05 0.000480954 1 -0.00105902 4.35094e-05 0.00105898 1 0.0094806 0.0308806 -0.0342233
FixedParameters: 0 0 0

#Transform 11
Transform: AffineTransform_float_3_3
Parameters: 1 -0.000481232 -0.000218491 0.000480768 1 -0.00105911 0.000219509 0.0010589 1 0.0177751 0.0290627 -0.0333719
FixedParameters: 0 0 0

#Transform 12
Transform: AffineTransform_float_3_3
Parameters: 1 -0.000481008 -1.06224e-05 0.000480991 0.999999 -0.000785005 1.13776e-05 0.000784994 0.999999 0.00798155 0.0369168 0.00770047
FixedParameters: 0 0 0

#Transform 13
Transform: AffineTransform_float_3_3
Parameters: 1 -0.00048117 -0.000185559 0.000480829 0.999999 -0.000916088 0.00018644 0.00091591 0.999999 0.027635 0.0262187 -0.00635994
FixedParameters: 0 0 0

#Transform 14
Transform: AffineTransform_float_3_3
Parameters: 1 -0.000125958 6.40825e-05 0.000126042 1 -0.000654992 -6.39174e-05 0.000655008 1 -0.00103537 0.0190738 -0.00342963
FixedParameters: 0 0 0

#Transform 15
Transform: AffineTransform_float_3_3
Parameters: 1 -7.59763e-05 7.40243e-05 7.60237e-05 1 -0.000319994 -7.39757e-05 0.000320006 1 -0.00234994 -0.00895633 -0.0194793
FixedParameters: 0 0 0

#Transform 16
Transform: AffineTransform_float_3_3
Parameters: 1 -0.000129982 7.50317e-05 0.000130018 1 -0.00024399 -7.49683e-05 0.00024401 1 0.0108626 0.0118119 -0.00245171
FixedParameters: 0 0 0

#Transform 17
Transform: AffineTransform_float_3_3
Parameters: 1 -0.000243996 0.000264004 0.000244004 1 -1.59356e-05 -0.000263996 1.60644e-05 1 0.00851847 0.00795822 -0.013621
FixedParameters: 0 0 0

#Transform 18
Transform: AffineTransform_float_3_3
Parameters: 1 -0.000411002 -1.49322e-05 0.000410997 1 -0.000165006 1.50678e-05 0.000164994 1 0.0243115 -0.00623665 -0.0166326
FixedParameters: 0 0 0

#Transform 19
Transform: AffineTransform_float_3_3
Parameters: 1 -0.000480944 0.000167161 0.000481056 1 -0.00033392 -0.000166839 0.00033408 1 -0.00383397 0.0324877 0.0088937
FixedParameters: 0 0 0

#Transform 20
Transform: AffineTransform_float_3_3
Parameters: 1 -3.89992e-05 -1.5002e-05 3.90008e-05 1 5.19994e-05 1.4998e-05 -5.20006e-05 1 -0.000334107 0.00117487 0.00585399
FixedParameters: 0 0 0

#Transform 21
Transform: AffineTransform_float_3_3
Parameters: 1 -3.60049e-05 4.69963e-05 3.59951e-05 1 0.000104002 -4.70037e-05 -0.000103998 1 -0.00849134 0.0138758 0.0146068
FixedParameters: 0 0 0

#Transform 22
Transform: AffineTransform_float_3_3
Parameters: 1 0.000103005 -1.49678e-05 -0.000102995 1 0.000313002 1.50322e-05 -0.000312998 1 -0.00708068 0.00453701 0.0156969
FixedParameters: 0 0 0

#Transform 23
Transform: AffineTransform_float_3_3
Parameters: 1 0.000132961 0.00017703 -0.000133039 1 0.000221976 -0.00017697 -0.000222024 1 0.00199343 -0.00767499 0.00755932
FixedParameters: 0 0 0

#Transform 24
Transform: AffineTransform_float_3_3
Parameters: 1 -2.20447e-05 0.000204995 2.19553e-05 1 0.000218004 -0.000205005 -0.000217995 1 0.0078213 0.0127504 0.00742572
FixedParameters: 0 0 0

#Transform 25
Transform: AffineTransform_float_3_3
Parameters: 1 8.40108e-05 -1.4939e-05 -8.39891e-05 0.999999 0.000726001 1.5061e-05 -0.000725998 0.999999 0.0165362 0.0158101 0.0397664
FixedParameters: 0 0 0

#Transform 26
Transform: AffineTransform_float_3_3
Parameters: 1 8.38331e-05 0.00046103 -8.41669e-05 1 0.000361961 -0.000460969 -0.000362039 1 -0.00597883 0.0218442 0.0408006
FixedParameters: 0 0 0

#Transform 27
Transform: AffineTransform_float_3_3
Parameters: 1 -6.80993e-05 0.000164959 6.79006e-05 1 0.000602011 -0.000165041 -0.000601989 1 0.0104751 0.0223913 0.0368974
FixedParameters: 0 0 0

#Transform 28
Transform: AffineTransform_float_3_3
Parameters: 1 8.38454e-05 0.000170076 -8.41545e-05 0.999999 0.000908985 -0.000169923 -0.000909013 0.999999 0.00780457 0.000345088 0.0616785
FixedParameters: 0 0 0

#Transform 29
Transform: AffineTransform_float_3_3
Parameters: 1 8.37764e-05 0.00017011 -8.42235e-05 0.999999 0.00131499 -0.000169889 -0.00131501 0.999999 0.00110161 -0.0120465 0.0680863
FixedParameters: 0 0 0

#Transform 30
Transform: AffineTransform_float_3_3
Parameters: 1 0.000310182 -0.000227752 -0.000310818 0.999999 0.00079907 0.000228248 -0.000798929 0.999999 0.0198272 -0.0103472 0.0373106
FixedParameters: 0 0 0

#Transform 31
Transform: AffineTransform_float_3_3
Parameters: 1 8.42648e-05 -0.00024691 -8.37352e-05 1 0.00107202 0.00024709 -0.00107198 1 0.0274665 -0.0316344 0.0417263
FixedParameters: 0 0 0

#Transform 32
Transform: AffineTransform_float_3_3
Parameters: 1 0.000214182 -0.000130702 -0.000214817 0.999999 0.00139303 0.000131299 -0.00139297 0.999999 0.012358 -0.0205295 0.0461069
FixedParameters: 0 0 0

#Transform 33
Transform: AffineTransform_float_3_3
Parameters: 1 8.3683e-05 0.000170156 -8.33168e-05 0.999999 0.00186399 -0.000169845 -0.00186402 0.999998 0.00146042 -0.0297144 0.0521305
FixedParameters: 0 0 0

#Transform 34
Transform: AffineTransform_float_3_3
Parameters: 0.999999 0.000714043 -2.26691e-05 -0.000713956 0.999998 0.00186402 2.43309e-05 -0.00186398 0.999999 -0.00207533 -0.032781 0.0335818
FixedParameters: 0 0 0

#Transform 35
Transform: AffineTransform_float_3_3
Parameters: 0.999999 0.000708441 -0.000247742 -0.000708558 0.999998 0.00177618 0.000249259 -0.00177582 0.999999 0.00371713 -0.0285777 0.0525142
FixedParameters: 0 0 0

#Transform 36
Transform: AffineTransform_float_3_3
Parameters: 1 8.4427e-05 -0.000278871 -8.35727e-05 0.999999 0.00153102 0.000279128 -0.00153098 0.999999 0.0192098 -0.0297078 0.0672646
FixedParameters: 0 0 0

#Transform 37
Transform: AffineTransform_float_3_3
Parameters: 1 0.000489472 -0.000278171 -0.000488528 0.999999 0.00169514 0.000278828 -0.00169486 0.999998 0.00950404 -0.0236479 0.070049
FixedParameters: 0 0 0

#Transform 38
Transform: AffineTransform_float_3_3
Parameters: 0.999999 0.00069343 -0.000277928 -0.000692569 0.999998 0.00154619 0.000279071 -0.00154581 0.999999 0.0102467 -0.0264958 0.0490292
FixedParameters: 0 0 0

#Transform 39
Transform: AffineTransform_float_3_3
Parameters: 1 0.000728814 -0.000671117 -0.000728186 0.999999 0.00121249 0.000671883 -0.00121151 0.999999 0.0171556 -0.0301576 0.0456713
FixedParameters: 0 0 0

#Transform 40
Transform: AffineTransform_float_3_3
Parameters: 1 0.000554336 -0.000278332 -0.000553663 0.999999 0.00120615 0.000279668 -0.00120585 0.999999 0.0216222 -0.00621884 0.0438128
FixedParameters: 0 0 0

#Transform 41
Transform: AffineTransform_float_3_3
Parameters: 0.999999 0.000696485 -0.000277786 -0.000696514 0.999998 0.0017432 0.000279214 -0.00174281 0.999999 0.0193978 -0.0234307 0.0711654
FixedParameters: 0 0 0

#Transform 42
Transform: AffineTransform_float_3_3
Parameters: 0.999999 0.000677909 -0.000630023 -0.00067709 0.999998 0.00144243 0.000630977 -0.00144257 0.999999 0.0150226 -0.0224517 0.0491211
FixedParameters: 0 0 0

#Transform 43
Transform: AffineTransform_float_3_3
Parameters: 0.999999 0.000677402 -0.000278023 -0.000677598 0.999998 0.00144219 0.000278978 -0.00144281 0.999999 0.0197047 -0.0315373 0.0474764
FixedParameters: 0 0 0

#Transform 44
Transform: AffineTransform_float_3_3
Parameters: 0.999999 0.000677765 -0.000396694 -0.000677235 0.999998 0.00192727 0.000397306 -0.00192673 0.999998 0.0252851 -0.0311213 0.0799612
FixedParameters: 0 0 0

#Transform 45
Transform: AffineTransform_float_3_3
Parameters: 0.999999 0.000677684 -0.000382792 -0.000677316 0.999998 0.00178426 0.000384209 -0.00178374 0.999999 0.0246781 -0.0262159 0.0776899
FixedParameters: 0 0 0

#Transform 46
Transform: AffineTransform_float_3_3
Parameters: 0.999999 0.000677911 -0.000444613 -0.000677087 0.999997 0.0020473 0.000446387 -0.0020467 0.999998 0.0186442 -0.0362472 0.082128
FixedParameters: 0 0 0

#Transform 47
Transform: AffineTransform_float_3_3
Parameters: 0.999999 0.000677515 -0.000277746 -0.000677484 0.999998 0.00185119 0.000279254 -0.00185081 0.999998 0.0112872 -0.0302474 0.0488626
FixedParameters: 0 0 0

#Transform 48
Transform: AffineTransform_float_3_3
Parameters: 0.999999 0.00079648 -0.000277627 -0.000795519 0.999998 0.00172422 0.000279372 -0.00172478 0.999998 0.0177579 -0.0386921 0.0469544
FixedParameters: 0 0 0

#Transform 49
Transform: AffineTransform_float_3_3
Parameters: 0.999999 0.000677402 -0.000278023 -0.000677598 0.999998 0.00144219 0.000278978 -0.00144281 0.999999 0.00938736 -0.0363145 0.0549514
FixedParameters: 0 0 0

#Transform 50
Transform: AffineTransform_float_3_3
Parameters: 0.999999 0.000677648 -0.000396894 -0.000677351 0.999998 0.00163227 0.000398106 -0.00163173 0.999998 -0.000269897 -0.030291 0.0688168
FixedParameters: 0 0 0

#Transform 51
Transform: AffineTransform_float_3_3
Parameters: 1 0.000949831 -0.000451256 -0.00094917 0.999998 0.00183743 0.000452744 -0.00183657 0.999998 -0.00385407 -0.0235387 0.0824163
FixedParameters: 0 0 0

#Transform 52
Transform: AffineTransform_float_3_3
Parameters: 0.999999 0.000762512 -0.000277598 -0.000762487 0.999998 0.00183921 0.000279403 -0.00183879 0.999999 0.00631976 -0.0364247 0.0496318
FixedParameters: 0 0 0

#Transform 53
Transform: AffineTransform_float_3_3
Parameters: 0.999999 0.000677552 -0.00027062 -0.000677448 0.999997 0.00203718 0.00027138 -0.00203682 0.999998 0.00384718 -0.040335 0.0647825
FixedParameters: 0 0 0

#Transform 54
Transform: AffineTransform_float_3_3
Parameters: 0.999999 0.000677453 -0.000240728 -0.000677546 0.999998 0.00187816 0.000242273 -0.00187784 0.999998 0.0179699 -0.0199694 0.0601021
FixedParameters: 0 0 0

#Transform 55
Transform: AffineTransform_float_3_3
Parameters: 0.999999 0.000678344 -0.000587451 -0.000677654 0.999997 0.0022864 0.00058955 -0.0022856 0.999997 0.0342874 -0.0667506 0.0597481
FixedParameters: 0 0 0

#Transform 56
Transform: AffineTransform_float_3_3
Parameters: 0.999999 0.000677887 -0.000373394 -0.000677111 0.999997 0.00237125 0.000375607 -0.00237175 0.999997 0.0242322 -0.0523036 0.0732704
FixedParameters: 0 0 0

#Transform 57
Transform: AffineTransform_float_3_3
Parameters: 0.999999 0.000678463 -0.00063945 -0.000677537 0.999997 0.00228644 0.00064055 -0.00228557 0.999997 0.0366907 -0.0435112 0.076365
FixedParameters: 0 0 0

#Transform 58
Transform: AffineTransform_float_3_3
Parameters: 1 0.000927495 -0.000652882 -0.000925505 0.999997 0.00228661 0.000655117 -0.00228539 0.999997 0.026011 -0.0489612 0.0560538
FixedParameters: 0 0 0

#Transform 59
Transform: AffineTransform_float_3_3
Parameters: 0.999999 0.000677517 -0.000240548 -0.000677482 0.999998 0.00214316 0.000242452 -0.00214284 0.999997 0.0179677 -0.0291417 0.0519176
FixedParameters: 0 0 0

#Transform 60
Transform: AffineTransform_float_3_3
Parameters: 0.999999 0.000920638 -0.00023956 -0.00092036 0.999996 0.00265122 0.000242441 -0.00265078 0.999997 0.0140549 -0.0498887 0.0820515
FixedParameters: 0 0 0

#Transform 61
Transform: AffineTransform_float_3_3
Parameters: 0.999999 0.000678616 -0.000616225 -0.000677384 0.999997 0.00261942 0.000617776 -0.00261858 0.999997 0.0140661 -0.0469441 0.0733487
FixedParameters: 0 0 0

#Transform 62
Transform: AffineTransform_float_3_3
Parameters: 0.999999 0.00067885 -0.00069219 -0.00067715 0.999996 0.00266947 0.000693809 -0.00266853 0.999996 0.0193104 -0.0196901 0.105808
FixedParameters: 0 0 0

#Transform 63
Transform: AffineTransform_float_3_3
Parameters: 0.999999 0.0010243 -0.000846222 -0.0010227 0.999996 0.00271587 0.000848779 -0.00271413 0.999996 0.0139676 -0.0367324 0.089394
FixedParameters: 0 0 0

#Transform 64
Transform: AffineTransform_float_3_3
Parameters: 0.999999 0.00101902 -0.000691036 -0.00101698 0.999995 0.0029117 0.000693964 -0.00291129 0.999995 0.00612495 -0.0459409 0.101552
FixedParameters: 0 0 0

#Transform 65
Transform: AffineTransform_float_3_3
Parameters: 0.999999 0.000678724 -0.000692313 -0.000677276 0.999996 0.00248847 0.000693686 -0.00248753 0.999996 0.00871421 -0.0242785 0.0872691
FixedParameters: 0 0 0

#Transform 66
Transform: AffineTransform_float_3_3
Parameters: 0.999999 0.00102227 -0.000854293 -0.00101973 0.999996 0.00265187 0.000857707 -0.00265113 0.999996 0.0112729 -0.0336011 0.117075
FixedParameters: 0 0 0

#Transform 67
Transform: AffineTransform_float_3_3
Parameters: 0.999999 0.00109994 -0.000690921 -0.00109806 0.999996 0.00280176 0.000694079 -0.00280124 0.999996 -0.000944515 -0.041148 0.113401
FixedParameters: 0 0 0

#Transform 68
Transform: AffineTransform_float_3_3
Parameters: 1 0.000905002 -0.00078169 -0.000902999 0.999997 0.00255671 0.000784312 -0.00255629 0.999997 0.0165384 -0.0585985 0.0730468
FixedParameters: 0 0 0

#Transform 69
Transform: AffineTransform_float_3_3
Parameters: 1 0.000679335 -0.00082809 -0.000677666 0.999996 0.00281656 0.000829912 -0.00281644 0.999995 0.0196801 -0.0540836 0.0931177
FixedParameters: 0 0 0

#Transform 70
Transform: AffineTransform_float_3_3
Parameters: 0.999999 0.00110346 -0.000860858 -0.00110054 0.999996 0.00285095 0.00086414 -0.00285005 0.999995 0.0174471 -0.0587583 0.0787886
FixedParameters: 0 0 0

#Transform 71
Transform: AffineTransform_float_3_3
Parameters: 0.999999 0.000677879 -0.000300022 -0.000677121 0.999996 0.0029202 0.000301979 -0.0029208 0.999995 0.00681312 -0.0466337 0.0911778
FixedParameters: 0 0 0

#Transform 72
Transform: AffineTransform_float_3_3
Parameters: 0.999999 0.00113901 -0.000690696 -0.00113699 0.999995 0.00290379 0.000694304 -0.00290321 0.999995 0.024833 -0.0571386 0.0928546
FixedParameters: 0 0 0

#Transform 73
Transform: AffineTransform_float_3_3
Parameters: 0.999999 0.00121807 -0.000690362 -0.00121593 0.999995 0.00298984 0.000693638 -0.00298916 0.999996 0.0259854 -0.0578603 0.0856564
FixedParameters: 0 0 0

#Transform 74
Transform: AffineTransform_float_3_3
Parameters: 0.999999 0.0012181 -0.000690299 -0.0012159 0.999994 0.00304184 0.0006937 -0.00304016 0.999995 0.0161674 -0.0583772 0.0948875
FixedParameters: 0 0 0

#Transform 75
Transform: AffineTransform_float_3_3
Parameters: 0.999999 0.00121749 -0.000547691 -0.0012155 0.999995 0.00271967 0.000551308 -0.00271933 0.999996 0.0148323 -0.0656721 0.0719761
FixedParameters: 0 0 0

#Transform 76
Transform: AffineTransform_float_3_3
Parameters: 0.999999 0.00121723 -0.000357837 -0.00121577 0.999993 0.00342244 0.000362164 -0.00342256 0.999994 0.00102626 -0.0571708 0.0929571
FixedParameters: 0 0 0

#Transform 77
Transform: AffineTransform_float_3_3
Parameters: 0.999999 0.00121784 -0.000535844 -0.00121616 0.999994 0.00341566 0.000540156 -0.00341435 0.999994 0.0081817 -0.0760982 0.084119
FixedParameters: 0 0 0

#Transform 78
Transform: AffineTransform_float_3_3
Parameters: 0.999999 0.00121666 -0.000189846 -0.00121634 0.999994 0.00341524 0.000194155 -0.00341477 0.999994 -0.013945 -0.0595522 0.078092
FixedParameters: 0 0 0

#Transform 79
Transform: AffineTransform_float_3_3
Parameters: 0.999999 0.00121664 -0.000189919 -0.00121636 0.999993 0.00335523 0.000194083 -0.00335577 0.999995 -0.000387936 -0.0459898 0.08552
FixedParameters: 0 0 0

#Transform 80
Transform: AffineTransform_float_3_3
Parameters: 0.999999 0.00121784 -0.000590224 -0.00121616 0.999995 0.00310372 0.000594776 -0.00310228 0.999995 0.0110693 -0.051434 0.0701087
FixedParameters: 0 0 0

#Transform 81
Transform: AffineTransform_float_3_3
Parameters: 0.999999 0.00146828 -0.000370988 -0.00146672 0.999993 0.00341555 0.000376011 -0.00341445 0.999994 0.00012018 -0.0629826 0.0733501
FixedParameters: 0 0 0

#Transform 82
Transform: AffineTransform_float_3_3
Parameters: 0.999999 0.00121757 -0.000456844 -0.00121643 0.999994 0.00341556 0.000461157 -0.00341444 0.999994 0.0118698 -0.0687789 0.0650226
FixedParameters: 0 0 0

#Transform 83
Transform: AffineTransform_float_3_3
Parameters: 0.999999 0.00121712 -0.00036528 -0.00121588 0.999994 0.00305845 0.000368721 -0.00305855 0.999996 0.0113928 -0.0409826 0.0677406
FixedParameters: 0 0 0

#Transform 84
Transform: AffineTransform_float_3_3
Parameters: 0.999999 0.00147961 -0.000189322 -0.00147839 0.999994 0.00316228 0.000193675 -0.00316172 0.999995 0.00301747 -0.0553452 0.0684818
FixedParameters: 0 0 0

#Transform 85
Transform: AffineTransform_float_3_3
Parameters: 0.999999 0.00184085 -0.000284587 -0.00184015 0.999994 0.00294153 0.000290413 -0.00294047 0.999995 -0.00710391 -0.0682395 0.0439492
FixedParameters: 0 0 0

#Transform 86
Transform: AffineTransform_float_3_3
Parameters: 0.999999 0.00184069 -0.000187373 -0.00184031 0.999992 0.00360135 0.000193628 -0.00360065 0.999993 -0.0241198 -0.0705723 0.0853746
FixedParameters: 0 0 0

#Transform 87
Transform: AffineTransform_float_3_3
Parameters: 0.999999 0.00184069 -0.000187303 -0.00184031 0.999991 0.00363935 0.000193698 -0.00363865 0.999994 -0.00262817 -0.0672016 0.0936021
FixedParameters: 0 0 0

#Transform 88
Transform: AffineTransform_float_3_3
Parameters: 0.999999 0.00142464 -0.000189264 -0.00142436 0.999994 0.00332528 0.000193737 -0.00332473 0.999995 0.00393122 -0.0513187 0.0710438
FixedParameters: 0 0 0

#Transform 89
Transform: AffineTransform_float_3_3
Parameters: 0.999999 0.00142468 -0.00018896 -0.00142432 0.999992 0.00353827 0.000194042 -0.00353873 0.999993 -0.00816348 -0.0471304 0.0744308
FixedParameters: 0 0 0

#Transform 90
Transform: AffineTransform_float_3_3
Parameters: 0.999999 0.00142467 -0.000189007 -0.00142433 0.999993 0.00350527 0.000193993 -0.00350473 0.999994 -0.0186829 -0.0468074 0.0738815
FixedParameters: 0 0 0

#Transform 91
Transform: AffineTransform_float_3_3
Parameters: 0.999999 0.00142444 -0.000123029 -0.00142456 0.999993 0.00349018 0.000127974 -0.00349082 0.999994 -0.0161514 -0.054462 0.0879812
FixedParameters: 0 0 0

#Transform 92
Transform: AffineTransform_float_3_3
Parameters: 0.999999 0.00142466 -0.000189099 -0.00142434 0.999993 0.00344127 0.000193902 -0.00344073 0.999994 0.0039272 -0.0524836 0.0729034
FixedParameters: 0 0 0

#Transform 93
Transform: AffineTransform_float_3_3
Parameters: 0.999999 0.00142469 -0.000188868 -0.00142431 0.999993 0.00360327 0.000194133 -0.00360273 0.999993 -0.00594912 -0.0473645 0.0914942
FixedParameters: 0 0 0

#Transform 94
Transform: AffineTransform_float_3_3
Parameters: 0.999999 0.00142452 -0.000134653 -0.00142449 0.999992 0.0037542 0.00013935 -0.0037548 0.999993 0.00133208 -0.0683486 0.0776106
FixedParameters: 0 0 0

#Transform 95
Transform: AffineTransform_float_3_3
Parameters: 0.999998 0.00165586 3.59334e-05 -0.00165514 0.99999 0.00418695 -2.90701e-05 -0.00418705 0.999991 -0.0183095 -0.085926 0.0836189
FixedParameters: 0 0 0

#Transform 96
Transform: AffineTransform_float_3_3
Parameters: 0.999998 0.00170779 5.31509e-05 -0.00170721 0.99999 0.00418692 -4.58522e-05 -0.00418708 0.999991 -0.0119957 -0.0802044 0.109551
FixedParameters: 0 0 0

#Transform 97
Transform: AffineTransform_float_3_3
Parameters: 0.999999 0.00142377 5.25897e-05 -0.00142423 0.999989 0.00462793 -4.54091e-05 -0.00462807 0.99999 -0.00743186 -0.0998382 0.0905087
FixedParameters: 0 0 0

#Transform 98
Transform: AffineTransform_float_3_3
Parameters: 0.999998 0.00173374 -0.000164331 -0.00173326 0.999988 0.00442429 0.000171671 -0.00442471 0.99999 -0.0103501 -0.0916633 0.0883221
FixedParameters: 0 0 0

#Transform 99
Transform: AffineTransform_float_3_3
Parameters: 0.999999 0.00142379 5.21455e-05 -0.00142421 0.999989 0.00431593 -4.58535e-05 -0.00431607 0.99999 -0.0169825 -0.0849975 0.0954556
FixedParameters: 0 0 0

#Transform 100
Transform: AffineTransform_float_3_3
Parameters: 0.999999 0.0017566 -0.000366406 -0.0017544 0.999989 0.00432565 0.000373591 -0.00432435 0.99999 -0.0166593 -0.0870491 0.0876096
FixedParameters: 0 0 0

#Transform 101
Transform: AffineTransform_float_3_3
Parameters: 0.999999 0.00142605 -0.000446505 -0.00142395 0.999988 0.00455764 0.000452494 -0.00455736 0.999989 -0.00685981 -0.0963962 0.0917294
FixedParameters: 0 0 0

#Transform 102
Transform: AffineTransform_float_3_3
Parameters: 0.999999 0.00142581 -0.000367022 -0.00142419 0.999987 0.00489753 0.000373978 -0.00489647 0.999988 -0.0142934 -0.0886916 0.106666
FixedParameters: 0 0 0

#Transform 103
Transform: AffineTransform_float_3_3
Parameters: 0.999998 0.00167188 -0.000365486 -0.00167012 0.999985 0.00509562 0.000373513 -0.00509438 0.999987 -0.00301616 -0.087707 0.0996666
FixedParameters: 0 0 0

#Transform 104
Transform: AffineTransform_float_3_3
Parameters: 0.999998 0.00196479 -0.000364504 -0.00196222 0.999987 0.00483573 0.000373493 -0.00483528 0.999988 -0.00685368 -0.106516 0.0837445
FixedParameters: 0 0 0

#Transform 105
Transform: AffineTransform_float_3_3
Parameters: 0.999998 0.00196981 -0.000364363 -0.0019682 0.999986 0.00489473 0.000373638 -0.00489427 0.999988 -0.00469928 -0.0861212 0.0965845
FixedParameters: 0 0 0

#Transform 106
Transform: AffineTransform_float_3_3
Parameters: 0.999998 0.00202966 -0.000364879 -0.00202734 0.999988 0.00449575 0.000373118 -0.00449525 0.99999 0.00270969 -0.090728 0.0903115
FixedParameters: 0 0 0

#Transform 107
Transform: AffineTransform_float_3_3
Parameters: 0.999998 0.00200955 -0.000365588 -0.00200745 0.999989 0.00418774 0.00037341 -0.00418726 0.999991 0.00301688 -0.0927438 0.0855237
FixedParameters: 0 0 0

#Transform 108
Transform: AffineTransform_float_3_3
Parameters: 0.999998 0.00207955 -0.000365295 -0.00207745 0.999989 0.00418777 0.000373703 -0.00418723 0.999991 0.00187097 -0.0930888 0.0855527
FixedParameters: 0 0 0

#Transform 109
Transform: AffineTransform_float_3_3
Parameters: 0.999998 0.00207973 -0.000364278 -0.00207727 0.999987 0.00467677 0.000373717 -0.00467523 0.999989 0.0018723 -0.0934868 0.0931354
FixedParameters: 0 0 0

#Transform 110
Transform: AffineTransform_float_3_3
Parameters: 0.999998 0.00207971 -0.000364366 -0.00207729 0.999987 0.00463477 0.000373631 -0.00463423 0.999989 0.00188614 -0.0874721 0.0975722
FixedParameters: 0 0 0

#Transform 111
Transform: AffineTransform_float_3_3
Parameters: 0.999998 0.00207972 -0.000364289 -0.00207728 0.999987 0.00467177 0.000373708 -0.00467123 0.999989 0.00182372 -0.107733 0.119816
FixedParameters: 0 0 0

#Transform 112
Transform: AffineTransform_float_3_3
Parameters: 0.999999 0.00182887 -0.000179399 -0.00182713 0.999988 0.00470434 0.000188597 -0.00470366 0.999989 -0.00280188 -0.0833685 0.106771
FixedParameters: 0 0 0

#Transform 113
Transform: AffineTransform_float_3_3
Parameters: 0.999998 0.00207977 -0.000376324 -0.00207723 0.999987 0.00465479 0.000385671 -0.00465321 0.999989 0.00244379 -0.0903148 0.0901144
FixedParameters: 0 0 0

#Transform 114
Transform: AffineTransform_float_3_3
Parameters: 0.999998 0.00201572 -0.000376894 -0.00201327 0.999988 0.00451977 0.000386101 -0.00451823 0.999989 0.00349097 -0.0751215 0.0906542
FixedParameters: 0 0 0

#Transform 115
Transform: AffineTransform_float_3_3
Parameters: 0.999998 0.0020798 -0.000376147 -0.00207719 0.999986 0.00473979 0.000385849 -0.0047392 0.999988 0.00242513 -0.100729 0.103127
FixedParameters: 0 0 0

#Transform 116
Transform: AffineTransform_float_3_3
Parameters: 0.999998 0.00207987 -0.00037581 -0.00207713 0.999986 0.00490179 0.000386186 -0.00490121 0.999988 0.00242596 -0.100891 0.105279
FixedParameters: 0 0 0

#Transform 117
Transform: AffineTransform_float_3_3
Parameters: 0.999998 0.00207976 -0.000376411 -0.00207724 0.999987 0.00461279 0.000385586 -0.00461221 0.99999 0.00245408 -0.0873932 0.0921517
FixedParameters: 0 0 0

#Transform 118
Transform: AffineTransform_float_3_3
Parameters: 0.999997 0.0020807 -0.000572288 -0.0020773 0.999987 0.0046712 0.00058271 -0.0046708 0.999989 0.0117065 -0.0830143 0.0941075
FixedParameters: 0 0 0

#Transform 119
Transform: AffineTransform_float_3_3
Parameters: 0.999998 0.00207979 -0.000376222 -0.00207721 0.999987 0.00470379 0.000385775 -0.00470321 0.999989 0.00462081 -0.0915815 0.0936338
FixedParameters: 0 0 0

#Transform 120
Transform: AffineTransform_float_3_3
Parameters: 0.999998 0.00207982 -0.000376087 -0.00207718 0.999987 0.00476879 0.000385909 -0.00476821 0.999988 0.0253128 -0.0947547 0.0947119
FixedParameters: 0 0 0

#Transform 121
Transform: AffineTransform_float_3_3
Parameters: 0.999998 0.00207973 -0.00037658 -0.00207727 0.999987 0.00453179 0.000386417 -0.0045312 0.999989 0.0253716 -0.0704656 0.0836419
FixedParameters: 0 0 0

#Transform 122
Transform: AffineTransform_float_3_3
Parameters: 0.999997 0.00208125 -0.000629334 -0.00207775 0.999984 0.00512932 0.000639663 -0.00512768 0.999986 0.0373313 -0.0695092 0.101332
FixedParameters: 0 0 0

#Transform 123
Transform: AffineTransform_float_3_3
Parameters: 0.999998 0.00207996 -0.000375292 -0.00207804 0.999984 0.00515079 0.000385708 -0.00515021 0.999986 0.0253212 -0.0920185 0.100647
FixedParameters: 0 0 0

#Transform 124
Transform: AffineTransform_float_3_3
Parameters: 0.999998 0.00208004 -0.000374839 -0.00207796 0.999984 0.00536879 0.000386161 -0.00536821 0.999985 0.00150134 -0.102373 0.104081
FixedParameters: 0 0 0

#Transform 125
Transform: AffineTransform_float_3_3
Parameters: 0.999997 0.00208109 -0.000587139 -0.00207791 0.999984 0.00522323 0.00059786 -0.00522177 0.999986 0.00723796 -0.0954611 0.0923387
FixedParameters: 0 0 0

#Transform 126
Transform: AffineTransform_float_3_3
Parameters: 0.999998 0.00207996 -0.000375292 -0.00207804 0.999984 0.00515079 0.000385708 -0.00515021 0.999986 0.0030035 -0.104887 0.0694192
FixedParameters: 0 0 0

#Transform 127
Transform: AffineTransform_float_3_3
Parameters: 0.999998 0.00208015 -0.000374263 -0.00207785 0.999982 0.00564579 0.000385735 -0.00564421 0.999984 0.00789076 -0.121488 0.103748
FixedParameters: 0 0 0

#Transform 128
Transform: AffineTransform_float_3_3
Parameters: 0.999998 0.00207996 -0.000375292 -0.00207804 0.999984 0.00515079 0.000385708 -0.00515021 0.999986 0.0101037 -0.110394 0.109116
FixedParameters: 0 0 0

#Transform 129
Transform: AffineTransform_float_3_3
Parameters: 0.999997 0.0020812 -0.000586775 -0.0020778 0.999984 0.00539823 0.000598223 -0.00539677 0.999986 0.0108131 -0.0975902 0.124876
FixedParameters: 0 0 0

#Transform 130
Transform: AffineTransform_float_3_3
Parameters: 0.999997 0.00232091 -0.000711378 -0.00231709 0.999982 0.00544366 0.000723623 -0.00544233 0.999985 -0.00158725 -0.100741 0.155507
FixedParameters: 0 0 0

#Transform 131
Transform: AffineTransform_float_3_3
Parameters: 0.999996 0.00256684 -0.000582607 -0.00256415 0.999985 0.00483151 0.000595392 -0.00482949 0.999988 0.0062446 -0.0753305 0.106672
FixedParameters: 0 0 0

#Transform 132
Transform: AffineTransform_float_3_3
Parameters: 0.999997 0.00234258 -0.000487787 -0.00233943 0.999983 0.00521716 0.00049921 -0.00521585 0.999987 0.00215655 -0.0903005 0.114628
FixedParameters: 0 0 0

#Transform 133
Transform: AffineTransform_float_3_3
Parameters: 0.999998 0.0023406 -0.000110947 -0.0023394 0.999984 0.00515027 0.000123049 -0.00514972 0.999986 -0.022783 -0.0871796 0.115453
FixedParameters: 0 0 0

#Transform 134
Transform: AffineTransform_float_3_3
Parameters: 0.999997 0.00215498 -0.000176473 -0.00215402 0.999984 0.00535039 0.000188528 -0.00535061 0.999985 -0.00829707 -0.114019 0.0976811
FixedParameters: 0 0 0

#Transform 135
Transform: AffineTransform_float_3_3
Parameters: 0.999997 0.00234222 -0.000397106 -0.00233978 0.999982 0.00550794 0.000409893 -0.00550705 0.999985 0.0222706 -0.0985297 0.118798
FixedParameters: 0 0 0

#Transform 136
Transform: AffineTransform_float_3_3
Parameters: 0.999998 0.00221624 -0.000228299 -0.00221477 0.999983 0.00528152 0.000239701 -0.00528148 0.999986 0.00524718 -0.0825154 0.102939
FixedParameters: 0 0 0

#Transform 137
Transform: AffineTransform_float_3_3
Parameters: 0.999997 0.00234133 -0.000226669 -0.00233968 0.999981 0.00569554 0.000239328 -0.00569445 0.999984 0.00281806 -0.126058 0.0810908
FixedParameters: 0 0 0

#Transform 138
Transform: AffineTransform_float_3_3
Parameters: 0.999997 0.00219821 -0.000228682 -0.0021968 0.999985 0.00515052 0.000239316 -0.00514949 0.999986 -0.00662672 -0.0933387 0.0824382
FixedParameters: 0 0 0

#Transform 139
Transform: AffineTransform_float_3_3
Parameters: 0.999998 0.00234059 -0.000100076 -0.00233941 0.999982 0.00552225 0.00011292 -0.00552175 0.999984 -0.00166125 -0.0970922 0.0877545
FixedParameters: 0 0 0

#Transform 140
Transform: AffineTransform_float_3_3
Parameters: 0.999998 0.00234079 -0.000128327 -0.00233921 0.99998 0.00584232 0.00014167 -0.00584269 0.999983 0.00959899 -0.106388 0.11501
FixedParameters: 0 0 0

#Transform 141
Transform: AffineTransform_float_3_3
Parameters: 0.999997 0.00234135 -0.00022647 -0.00233965 0.99998 0.00578054 0.000239529 -0.00578045 0.999984 0.014201 -0.118833 0.114582
FixedParameters: 0 0 0

#Transform 142
Transform: AffineTransform_float_3_3
Parameters: 0.999998 0.00234044 -6.96019e-05 -0.00233956 0.999981 0.00572518 8.33951e-05 -0.00572482 0.999983 -0.009572 -0.095592 0.132983
FixedParameters: 0 0 0

#Transform 143
Transform: AffineTransform_float_3_3
Parameters: 0.999997 0.00234133 -0.0002267 -0.00233968 0.999981 0.00568255 0.000239297 -0.00568146 0.999984 -0.00985644 -0.0990696 0.112812
FixedParameters: 0 0 0

#Transform 144
Transform: AffineTransform_float_3_3
Parameters: 0.999997 0.00234132 -0.000226824 -0.00233969 0.999982 0.00562955 0.000240173 -0.00562846 0.999984 0.000605969 -0.108379 0.112146
FixedParameters: 0 0 0

#Transform 145
Transform: AffineTransform_float_3_3
Parameters: 0.999998 0.00201131 -0.000228764 -0.0020097 0.999983 0.00558848 0.000239236 -0.00558853 0.999985 0.00743916 -0.0888105 0.129518
FixedParameters: 0 0 0

#Transform 146
Transform: AffineTransform_float_3_3
Parameters: 0.999997 0.00234121 -0.000227945 -0.0023398 0.999984 0.00515055 0.000240052 -0.00514945 0.999986 0.00607803 -0.0836147 0.103418
FixedParameters: 0 0 0

#Transform 147
Transform: AffineTransform_float_3_3
Parameters: 0.999997 0.00234128 -0.000227151 -0.00233972 0.999982 0.00548955 0.000239848 -0.00548945 0.999985 0.00163976 -0.105212 0.106425
FixedParameters: 0 0 0

#Transform 148
Transform: AffineTransform_float_3_3
Parameters: 0.999997 0.00234134 -0.000226564 -0.00233966 0.999981 0.00574054 0.000239435 -0.00574045 0.999983 -0.0122569 -0.0943024 0.131917
FixedParameters: 0 0 0

#Transform 149
Transform: AffineTransform_float_3_3
Parameters: 0.999997 0.00234136 -0.000226405 -0.00233965 0.999981 0.00580855 0.000239595 -0.00580846 0.999983 -0.00397059 -0.120128 0.133194
FixedParameters: 0 0 0

#Transform 150
Transform: AffineTransform_float_3_3
Parameters: 0.999997 0.00234142 -0.00022573 -0.00233958 0.999978 0.00609655 0.000239266 -0.00609546 0.999982 -0.00971544 -0.115764 0.137556
FixedParameters: 0 0 0

#Transform 151
Transform: AffineTransform_float_3_3
Parameters: 0.999997 0.00234146 -0.000225344 -0.00233955 0.999977 0.00626154 0.000239652 -0.00626046 0.999981 -0.0108022 -0.123514 0.14025
FixedParameters: 0 0 0

#Transform 152
Transform: AffineTransform_float_3_3
Parameters: 0.999997 0.00234149 -0.000224979 -0.00233951 0.999976 0.00641754 0.000240017 -0.00641646 0.99998 -0.00943098 -0.113759 0.142683
FixedParameters: 0 0 0

#Transform 153
Transform: AffineTransform_float_3_3
Parameters: 0.999998 0.00227 -0.000460469 -0.00226701 0.999977 0.00640606 0.000474531 -0.00640494 0.99998 0.00018944 -0.110115 0.14356
FixedParameters: 0 0 0

#Transform 154
Transform: AffineTransform_float_3_3
Parameters: 0.999997 0.002344 -0.000586223 -0.00234 0.999975 0.0067374 0.000601777 -0.00673561 0.999977 -0.00317255 -0.142821 0.160618
FixedParameters: 0 0 0

#Transform 155
Transform: AffineTransform_float_3_3
Parameters: 0.999997 0.00234321 -0.000484752 -0.00233979 0.999976 0.00651215 0.000500246 -0.00651084 0.999978 -0.000615211 -0.125496 0.145419
FixedParameters: 0 0 0

#Transform 156
Transform: AffineTransform_float_3_3
Parameters: 0.999997 0.00234357 -0.000526364 -0.00233943 0.999975 0.00667725 0.000542633 -0.00667674 0.999977 -0.00044501 -0.120421 0.148243
FixedParameters: 0 0 0

#Transform 157
Transform: AffineTransform_float_3_3
Parameters: 0.999997 0.00234405 -0.000632192 -0.00233996 0.999978 0.0063235 0.000646809 -0.0063225 0.99998 0.00465046 -0.103903 0.129759
FixedParameters: 0 0 0

#Transform 158
Transform: AffineTransform_float_3_3
Parameters: 0.999997 0.0023439 -0.000632722 -0.0023391 0.999978 0.0060975 0.000647272 -0.0060955 0.999981 -0.000450073 -0.102567 0.132293
FixedParameters: 0 0 0

#Transform 159
Transform: AffineTransform_float_3_3
Parameters: 0.999997 0.0023439 -0.000632722 -0.0023391 0.999978 0.0060975 0.000647272 -0.0060955 0.999981 -0.00494319 -0.10958 0.158091
FixedParameters: 0 0 0

#Transform 160
Transform: AffineTransform_float_3_3
Parameters: 0.999998 0.00227134 -0.00037616 -0.00226867 0.999979 0.00609687 0.000389839 -0.00609613 0.999982 0.00749135 -0.131066 0.111073
FixedParameters: 0 0 0

#Transform 161
Transform: AffineTransform_float_3_3
Parameters: 0.999998 0.00234001 6.26481e-06 -0.00233999 0.999978 0.006096 8.26477e-06 -0.006096 0.999982 -0.00434268 -0.112051 0.116058
FixedParameters: 0 0 0

#Transform 162
Transform: AffineTransform_float_3_3
Parameters: 0.999997 0.00234257 -0.000414726 -0.00233943 0.999978 0.00609699 0.000428271 -0.00609601 0.999982 0.0182683 -0.112089 0.110158
FixedParameters: 0 0 0

#Transform 163
Transform: AffineTransform_float_3_3
Parameters: 0.999997 0.00234257 -0.000414726 -0.00233943 0.999978 0.00609699 0.000428271 -0.00609601 0.999982 0.0108711 -0.116908 0.0984066
FixedParameters: 0 0 0

#Transform 164
Transform: AffineTransform_float_3_3
Parameters: 0.999998 0.00224857 -0.0004153 -0.00224643 0.999979 0.00609695 0.000428704 -0.00609605 0.999982 0.0130521 -0.111649 0.115116
FixedParameters: 0 0 0

#Transform 165
Transform: AffineTransform_float_3_3
Parameters: 0.999997 0.00234262 -0.00041444 -0.00233938 0.999978 0.00621898 0.000428556 -0.00621801 0.99998 0.00523252 -0.117755 0.122997
FixedParameters: 0 0 0

#Transform 166
Transform: AffineTransform_float_3_3
Parameters: 0.999997 0.00234263 -0.000414387 -0.00233937 0.999978 0.00624199 0.00042861 -0.00624101 0.999981 -0.00566518 -0.118835 0.123336
FixedParameters: 0 0 0

#Transform 167
Transform: AffineTransform_float_3_3
Parameters: 0.999997 0.00234263 -0.00041437 -0.00233937 0.999977 0.00624899 0.000428626 -0.00624801 0.999981 -0.00191269 -0.119249 0.105964
FixedParameters: 0 0 0

#Transform 168
Transform: AffineTransform_float_3_3
Parameters: 0.999997 0.00209258 -0.00041625 -0.00208942 0.999979 0.00609689 0.000428746 -0.00609612 0.999982 -0.000668468 -0.110911 0.110099
FixedParameters: 0 0 0

#Transform 169
Transform: AffineTransform_float_3_3
Parameters: 0.999997 0.00209255 -0.000416395 -0.00208945 0.999979 0.00602788 0.000428602 -0.00602711 0.999981 -0.000459005 -0.107707 0.0966587
FixedParameters: 0 0 0

#Transform 170
Transform: AffineTransform_float_3_3
Parameters: 0.999997 0.00234324 -0.000524724 -0.00233976 0.999978 0.00609724 0.000539274 -0.00609575 0.999982 0.00503645 -0.112127 0.10593
FixedParameters: 0 0 0

#Transform 171
Transform: AffineTransform_float_3_3
Parameters: 0.999997 0.00234268 -0.000414141 -0.00233933 0.999977 0.00634699 0.000428855 -0.00634601 0.99998 0.00642869 -0.11989 0.113294
FixedParameters: 0 0 0

#Transform 172
Transform: AffineTransform_float_3_3
Parameters: 0.999997 0.00234386 -0.000609328 -0.00233913 0.999977 0.00626544 0.000624665 -0.00626355 0.99998 0.00663491 -0.120105 0.0859543
FixedParameters: 0 0 0

#Transform 173
Transform: AffineTransform_float_3_3
Parameters: 0.999998 0.00228128 -0.00034524 -0.00227971 0.999977 0.00647381 0.000360766 -0.0064732 0.999979 -0.00346254 -0.129792 0.0967869
FixedParameters: 0 0 0

#Transform 174
Transform: AffineTransform_float_3_3
Parameters: 0.999997 0.00234257 -0.000414726 -0.00233943 0.999978 0.00609699 0.000428271 -0.00609601 0.999982 0.0088171 -0.112106 0.10353
FixedParameters: 0 0 0

#Transform 175
Transform: AffineTransform_float_3_3
Parameters: 0.999997 0.00234257 -0.000414726 -0.00233943 0.999978 0.00609699 0.000428271 -0.00609601 0.999982 -0.00382381 -0.112062 0.105813
FixedParameters: 0 0 0

#Transform 176
Transform: AffineTransform_float_3_3
Parameters: 0.999997 0.00234501 -0.000814718 -0.00233999 0.999978 0.00609792 0.000828282 -0.00609607 0.999981 0.0116221 -0.0986316 0.104738
FixedParameters: 0 0 0

#Transform 177
Transform: AffineTransform_float_3_3
Parameters: 0.999997 0.00234572 -0.00094087 -0.00233928 0.999979 0.00603222 0.000955128 -0.00603078 0.999982 0.0239142 -0.111731 0.10682
FixedParameters: 0 0 0

#Transform 178
Transform: AffineTransform_float_3_3
Parameters: 0.999997 0.00249378 -0.000939813 -0.00248722 0.999979 0.00609836 0.000955182 -0.00609564 0.999981 0.0201194 -0.0870408 0.138857
FixedParameters: 0 0 0

#Transform 179
Transform: AffineTransform_float_3_3
Parameters: 0.999995 0.00297218 -0.000862348 -0.00296682 0.999978 0.00594559 0.000880653 -0.00594341 0.999982 0.0164399 -0.109148 0.114076
FixedParameters: 0 0 0
