# transform file /out/sourcedata/freesurfer/sub-v2s12x28907_ses-1/mri/transforms/cc_up.lta
# created by oesteban on Wed Mar 11 04:37:38 2026

type      = 0 # LINEAR_VOX_TO_VOX
nxforms   = 1
mean      = 125.0000 121.0000 121.0000
sigma     = 10000.0000
1 4 4
9.943549036979675e-01 -1.021790355443954e-01 2.859604731202126e-02 1.369193744659424e+01 
1.021368056535721e-01 9.947659969329834e-01 2.937290119007230e-03 6.582431316375732e+00 
-2.874650619924068e-02 0.000000000000000e+00 9.995867013931274e-01 2.161002349853516e+01 
0.000000000000000e+00 0.000000000000000e+00 0.000000000000000e+00 1.000000000000000e+00 
src volume info
valid = 1  # volume info valid
filename = /out/sourcedata/freesurfer/sub-v2s12x28907_ses-1/mri/norm.mgz
volume = 256 256 256
voxelsize = 1.000000000000000e+00 1.000000000000000e+00 1.000000000000000e+00
xras   = -1.000000000000000e+00 0.000000000000000e+00 0.000000000000000e+00
yras   = 0.000000000000000e+00 0.000000000000000e+00 -1.000000000000000e+00
zras   = 0.000000000000000e+00 1.000000000000000e+00 0.000000000000000e+00
cras   = 6.905998229980469e+00 3.096899414062500e+01 4.406005859375000e+00
dst volume info
valid = 1  # volume info valid
filename = /out/sourcedata/freesurfer/sub-v2s12x28907_ses-1/mri/norm.mgz
volume = 256 256 256
voxelsize = 1.000000000000000e+00 1.000000000000000e+00 1.000000000000000e+00
xras   = -1.000000000000000e+00 0.000000000000000e+00 0.000000000000000e+00
yras   = 0.000000000000000e+00 0.000000000000000e+00 -1.000000000000000e+00
zras   = 0.000000000000000e+00 1.000000000000000e+00 0.000000000000000e+00
cras   = 6.905998229980469e+00 3.096899414062500e+01 4.406005859375000e+00
