#Insight Transform File V1.0
#Transform 0
Transform: AffineTransform_float_3_3
Parameters: 0.999998 0.000412286 0.00163782 -0.000430714 0.999935 0.0114413 -0.00163318 -0.0114427 0.999933 -0.0562898 -0.356477 0.0320081
FixedParameters: 0 0 0

#Transform 1
Transform: AffineTransform_float_3_3
Parameters: 0.999998 0.000434905 0.00191216 -0.000456094 0.999933 0.0115702 -0.00190685 -0.0115709 0.999931 -0.0467283 -0.361133 0.0542705
FixedParameters: 0 0 0

#Transform 2
Transform: AffineTransform_float_3_3
Parameters: 0.999998 0.00049544 0.00217498 -0.00052056 0.99993 0.0117669 -0.00216903 -0.0117681 0.999929 -0.0587251 -0.368981 0.0429407
FixedParameters: 0 0 0

#Transform 3
Transform: AffineTransform_float_3_3
Parameters: 0.999997 0.000487375 0.0020879 -0.000511626 0.99993 0.01181 -0.0020821 -0.011811 0.999928 -0.0559337 -0.383504 0.0277533
FixedParameters: 0 0 0

#Transform 4
Transform: AffineTransform_float_3_3
Parameters: 0.999998 0.000285592 0.00195173 -0.000310412 0.999921 0.0125174 -0.00194827 -0.0125176 0.99992 -0.0519878 -0.39756 0.0342392
FixedParameters: 0 0 0

#Transform 5
Transform: AffineTransform_float_3_3
Parameters: 0.999998 0.000359691 0.00196561 -0.000384302 0.999924 0.0123813 -0.00196039 -0.0123817 0.999922 -0.0590314 -0.39996 0.0644874
FixedParameters: 0 0 0

#Transform 6
Transform: AffineTransform_float_3_3
Parameters: 0.999998 0.000378962 0.00194384 -0.000403041 0.999924 0.0123812 -0.00193916 -0.0123818 0.999922 -0.0638088 -0.391969 0.0770007
FixedParameters: 0 0 0

#Transform 7
Transform: AffineTransform_float_3_3
Parameters: 0.999998 0.000373661 0.00155751 -0.000392346 0.999931 0.0117914 -0.00155348 -0.0117916 0.99993 -0.0437022 -0.389715 0.0552143
FixedParameters: 0 0 0

#Transform 8
Transform: AffineTransform_float_3_3
Parameters: 0.999999 0.00021285 0.00169138 -0.000231156 0.999943 0.0107376 -0.00168962 -0.0107384 0.999941 -0.0559464 -0.328226 0.096611
FixedParameters: 0 0 0

#Transform 9
Transform: AffineTransform_float_3_3
Parameters: 0.999999 0.000687972 -0.000804775 -0.000683032 0.999981 0.00616255 0.000808224 -0.00616244 0.99998 0.016803 -0.154946 -0.060802
FixedParameters: 0 0 0

#Transform 10
Transform: AffineTransform_float_3_3
Parameters: 0.999992 2.43945e-05 -0.00383735 -5.66143e-05 0.999964 -0.00849785 0.00383766 0.00849716 0.999957 0.0229433 0.178286 0.00783602
FixedParameters: 0 0 0

#Transform 11
Transform: AffineTransform_float_3_3
Parameters: 0.999999 -0.000196266 -0.000733352 0.000190736 0.999963 -0.00853514 0.000734655 0.00853486 0.999964 -0.0269286 0.191581 -0.0837531
FixedParameters: 0 0 0

#Transform 12
Transform: AffineTransform_float_3_3
Parameters: 0.999999 -2.03399e-06 -0.000917998 -1.034e-06 0.999994 -0.003305 0.000918001 0.003305 0.999994 -0.00113156 0.0678147 -0.037017
FixedParameters: 0 0 0

#Transform 13
Transform: AffineTransform_float_3_3
Parameters: 1 -1.65102e-07 -0.000610001 -1.1651e-06 0.999998 -0.00191 0.000609999 0.00191 0.999998 -0.00624815 0.0274177 0.017881
FixedParameters: 0 0 0

#Transform 14
Transform: AffineTransform_float_3_3
Parameters: 1 -1.55833e-06 -0.000691999 -5.58338e-07 0.999993 -0.003697 0.000692002 0.003697 0.999993 -0.00987314 0.0717902 0.00831418
FixedParameters: 0 0 0

#Transform 15
Transform: AffineTransform_float_3_3
Parameters: 1 8.82341e-05 -0.000518304 -8.97653e-05 0.999994 -0.00340895 0.000517697 0.00340805 0.999994 0.000445294 0.0543282 0.00600397
FixedParameters: 0 0 0

#Transform 16
Transform: AffineTransform_float_3_3
Parameters: 1 8.194e-07 -0.00042 -1.1806e-06 1 -0.000429999 0.000419999 0.00043 1 -0.0039159 -0.00336565 0.0334363
FixedParameters: 0 0 0

#Transform 17
Transform: AffineTransform_float_3_3
Parameters: 1 4.67497e-07 -0.000362001 -1.5325e-06 0.999999 -0.001471 0.000361998 0.001471 0.999999 0.00975436 0.0160493 0.00412644
FixedParameters: 0 0 0

#Transform 18
Transform: AffineTransform_float_3_3
Parameters: 1 9.27168e-07 -0.000128001 -1.07283e-06 1 -0.000569 0.000127999 0.000569 1 0.00621129 -0.00353099 -0.032331
FixedParameters: 0 0 0

#Transform 19
Transform: AffineTransform_float_3_3
Parameters: 1 9.6544e-07 0.00018 -1.03456e-06 1 0.000192 -0.00018 -0.000192 1 -0.0153068 -0.0118333 -0.0124654
FixedParameters: 0 0 0

#Transform 20
Transform: AffineTransform_float_3_3
Parameters: 1 9.9874e-07 0.00018 -1.00126e-06 1 6.99982e-06 -0.00018 -7.00018e-06 1 -0.00690971 -0.00243856 -0.00673683
FixedParameters: 0 0 0

#Transform 21
Transform: AffineTransform_float_3_3
Parameters: 1 -0.000298951 0.000180081 0.000299049 1 -0.000271946 -0.000179919 0.000272054 1 -0.011513 0.00887858 -0.00492938
FixedParameters: 0 0 0

#Transform 22
Transform: AffineTransform_float_3_3
Parameters: 1 -0.000198951 0.000180054 0.000199049 1 -0.000271964 -0.000179946 0.000272036 1 -0.0108058 0.00870453 0.00957244
FixedParameters: 0 0 0

#Transform 23
Transform: AffineTransform_float_3_3
Parameters: 1 -0.000103951 0.000180028 0.000104049 1 -0.000271981 -0.000179972 0.000272019 1 -0.0101844 -0.0155673 -0.00493827
FixedParameters: 0 0 0

#Transform 24
Transform: AffineTransform_float_3_3
Parameters: 1 -0.000319963 0.000180065 0.000320037 1 -0.000203942 -0.000179935 0.000204058 1 -0.0116344 -0.024707 0.027132
FixedParameters: 0 0 0

#Transform 25
Transform: AffineTransform_float_3_3
Parameters: 1 1.02646e-06 0.00018 -9.7354e-07 1 -0.000147 -0.00018 0.000147 1 -0.00947571 -0.0206021 0.0267232
FixedParameters: 0 0 0

#Transform 26
Transform: AffineTransform_float_3_3
Parameters: 1 -0.000114939 0.000180039 0.000115061 1 -0.000336979 -0.000179961 0.000337021 1 -0.00269056 -0.00252932 0.0279735
FixedParameters: 0 0 0

#Transform 27
Transform: AffineTransform_float_3_3
Parameters: 1 -0.000409951 0.000180111 0.000409049 1 -0.000271926 -0.000179889 0.000272074 1 -0.0121602 0.00567576 0.0275449
FixedParameters: 0 0 0

#Transform 28
Transform: AffineTransform_float_3_3
Parameters: 1 1.04896e-06 0.00018 -9.5104e-07 1 -0.000272 -0.00018 0.000272 1 0.00207088 0.00880986 0.0353812
FixedParameters: 0 0 0

#Transform 29
Transform: AffineTransform_float_3_3
Parameters: 1 1.08971e-06 0.000125999 -9.10288e-07 0.999999 -0.000712 -0.000126001 0.000712 0.999999 0.0137344 0.0203605 0.0195367
FixedParameters: 0 0 0

#Transform 30
Transform: AffineTransform_float_3_3
Parameters: 1 1.13932e-06 0.000179999 -8.60679e-07 0.999999 -0.000774 -0.000180001 0.000773999 0.999999 0.0117061 0.0196124 0.00293004
FixedParameters: 0 0 0

#Transform 31
Transform: AffineTransform_float_3_3
Parameters: 1 1.17334e-06 0.000179999 -8.26659e-07 0.999999 -0.000962999 -0.000180001 0.000962999 0.999999 0.0117045 0.0468616 -0.00584047
FixedParameters: 0 0 0

#Transform 32
Transform: AffineTransform_float_3_3
Parameters: 0.999999 0.000303291 -0.000638337 -0.00030471 1 -0.00111081 0.000638662 0.00111119 0.999999 0.0277141 0.04168 -0.0140403
FixedParameters: 0 0 0

#Transform 33
Transform: AffineTransform_float_3_3
Parameters: 1 -0.000230886 -0.000632677 0.000230113 0.999999 -0.00140015 0.000633323 0.00139985 0.999999 0.023935 0.0569656 -0.0206847
FixedParameters: 0 0 0

#Transform 34
Transform: AffineTransform_float_3_3
Parameters: 0.999999 -2.9839e-07 -0.000812001 -1.29839e-06 0.999998 -0.001599 0.000811999 0.001599 0.999999 0.0322811 0.0506368 0.00618951
FixedParameters: 0 0 0

#Transform 35
Transform: AffineTransform_float_3_3
Parameters: 1 -0.000424537 -0.000960323 0.000422464 0.999998 -0.00159941 0.000960678 0.00159959 0.999999 0.0353108 0.0491745 0.040411
FixedParameters: 0 0 0

#Transform 36
Transform: AffineTransform_float_3_3
Parameters: 0.999999 -0.000424037 -0.000632305 0.000422961 0.999998 -0.00164027 0.000633695 0.00163973 0.999999 0.0226274 0.0567542 0.0566909
FixedParameters: 0 0 0

#Transform 37
Transform: AffineTransform_float_3_3
Parameters: 1 -0.00042518 -0.00103611 0.000422821 0.999997 -0.00210244 0.00103689 0.00210256 0.999998 0.0237176 0.0775304 0.035247
FixedParameters: 0 0 0

#Transform 38
Transform: AffineTransform_float_3_3
Parameters: 0.999999 -0.000347542 -0.000847369 0.000345459 0.999999 -0.00181929 0.000847629 0.00181871 0.999998 0.0313053 0.0442697 0.0534907
FixedParameters: 0 0 0

#Transform 39
Transform: AffineTransform_float_3_3
Parameters: 1 -0.000425409 -0.00103601 0.000422591 0.999997 -0.00232444 0.00103698 0.00232356 0.999997 0.0223533 0.0686183 0.0603801
FixedParameters: 0 0 0

#Transform 40
Transform: AffineTransform_float_3_3
Parameters: 1 -0.00042566 -0.00114401 0.00042234 0.999997 -0.00232448 0.00114498 0.00232351 0.999996 0.039637 0.0639353 0.038155
FixedParameters: 0 0 0

#Transform 41
Transform: AffineTransform_float_3_3
Parameters: 0.999998 -0.000426642 -0.00156701 0.000422357 0.999997 -0.00232467 0.00156799 0.00232333 0.999996 0.0287327 0.0638515 0.0765251
FixedParameters: 0 0 0

#Transform 42
Transform: AffineTransform_float_3_3
Parameters: 1 -0.000426266 -0.00103566 0.000422732 0.999995 -0.00315244 0.00103734 0.00315156 0.999994 0.0350051 0.0958345 0.062924
FixedParameters: 0 0 0

#Transform 43
Transform: AffineTransform_float_3_3
Parameters: 1 -0.000180786 -0.00103652 0.000178213 0.999997 -0.00268719 0.00103748 0.00268681 0.999996 0.0366407 0.0773933 0.0497493
FixedParameters: 0 0 0

#Transform 44
Transform: AffineTransform_float_3_3
Parameters: 0.999999 -0.000235469 -0.00103644 0.000232529 0.999997 -0.00238224 0.00103756 0.00238176 0.999996 0.0300575 0.0719166 0.039573
FixedParameters: 0 0 0

#Transform 45
Transform: AffineTransform_float_3_3
Parameters: 1 -0.000172812 -0.00103654 0.000169187 0.999997 -0.00271218 0.00103746 0.00271182 0.999996 0.031858 0.0782566 0.0618485
FixedParameters: 0 0 0

#Transform 46
Transform: AffineTransform_float_3_3
Parameters: 0.999999 -0.000237472 -0.00122214 0.000232528 0.999994 -0.00365829 0.00122286 0.00365771 0.999992 0.0337694 0.114856 0.0423316
FixedParameters: 0 0 0

#Transform 47
Transform: AffineTransform_float_3_3
Parameters: 1 -0.000400409 -0.00103569 0.00039759 0.999994 -0.00328941 0.00103731 0.00328959 0.999994 0.026928 0.101037 0.0641787
FixedParameters: 0 0 0

#Transform 48
Transform: AffineTransform_float_3_3
Parameters: 1 -0.0002362 -0.00103628 0.000232798 0.999995 -0.00308724 0.00103772 0.00308676 0.999994 0.031039 0.0929269 0.0381367
FixedParameters: 0 0 0

#Transform 49
Transform: AffineTransform_float_3_3
Parameters: 0.999999 -0.000234817 -0.000703396 0.000232184 0.999996 -0.00258216 0.000703602 0.00258284 0.999997 0.0239469 0.0735782 0.0182789
FixedParameters: 0 0 0

#Transform 50
Transform: AffineTransform_float_3_3
Parameters: 1 -0.000234111 -0.000554532 0.000232888 0.999998 -0.00200213 0.000555467 0.00200187 0.999998 0.018218 0.0609501 0.0639607
FixedParameters: 0 0 0

#Transform 51
Transform: AffineTransform_float_3_3
Parameters: 1 -0.000233884 -0.000431522 0.000232116 0.999998 -0.0020461 0.000432476 0.0020469 0.999998 0.0134805 0.0664426 0.0613568
FixedParameters: 0 0 0

#Transform 52
Transform: AffineTransform_float_3_3
Parameters: 1 -0.000233762 -0.000431588 0.000232238 0.999999 -0.0017641 0.00043241 0.0017639 0.999999 0.0135058 0.0633718 0.0253361
FixedParameters: 0 0 0

#Transform 53
Transform: AffineTransform_float_3_3
Parameters: 1 -0.000343756 -0.000431399 0.000342244 0.999999 -0.00175015 0.0004326 0.00174985 0.999999 0.0127616 0.0679657 0.0139037
FixedParameters: 0 0 0

#Transform 54
Transform: AffineTransform_float_3_3
Parameters: 1 -0.000181639 -0.000431732 0.00018136 0.999999 -0.00148008 0.000432269 0.00147992 0.999999 0.0138029 0.0718639 0.0346788
FixedParameters: 0 0 0

#Transform 55
Transform: AffineTransform_float_3_3
Parameters: 1 -0.000233678 -0.000431634 0.000232322 0.999998 -0.0015691 0.000432365 0.0015699 0.999998 0.0113908 0.0808446 0.036865
FixedParameters: 0 0 0

#Transform 56
Transform: AffineTransform_float_3_3
Parameters: 1 -0.000288772 -0.000431485 0.000288228 0.999999 -0.00178713 0.000432516 0.00178688 0.999999 0.0130725 0.0767083 0.0141505
FixedParameters: 0 0 0

#Transform 57
Transform: AffineTransform_float_3_3
Parameters: 1 -0.000321104 -0.000112705 0.000321896 0.999999 -0.000920036 0.000113296 0.000919963 0.999999 0.00983058 0.0480255 0.00217736
FixedParameters: 0 0 0

#Transform 58
Transform: AffineTransform_float_3_3
Parameters: 1 -0.00011311 -0.000119896 0.00011289 0.999999 -0.000920013 0.000120104 0.000919986 0.999999 0.00234031 0.0469406 0.00757293
FixedParameters: 0 0 0

#Transform 59
Transform: AffineTransform_float_3_3
Parameters: 1 6.56255e-05 -0.00040706 -6.53744e-05 0.999999 -0.000919973 0.00040694 0.000920026 0.999999 0.0144671 0.0344261 0.0223783
FixedParameters: 0 0 0

#Transform 60
Transform: AffineTransform_float_3_3
Parameters: 1 0.000180831 -0.000120255 -0.000181169 0.999999 -0.00140998 0.000119745 0.00141002 0.999999 0.0302097 0.0529328 -0.0116302
FixedParameters: 0 0 0

#Transform 61
Transform: AffineTransform_float_3_3
Parameters: 1 4.16326e-05 -0.000317049 -4.23674e-05 1 -0.00115899 0.000316951 0.00115901 1 0.0215425 0.0621571 0.0167225
FixedParameters: 0 0 0

#Transform 62
Transform: AffineTransform_float_3_3
Parameters: 1 0.000180198 -0.00051628 -0.000180802 0.999999 -0.00155391 0.000515719 0.00155409 0.999998 0.0346952 0.0766298 0.0198072
FixedParameters: 0 0 0

#Transform 63
Transform: AffineTransform_float_3_3
Parameters: 0.999999 0.000120139 -0.00143924 -0.000122864 0.999998 -0.00198883 0.00143976 0.00198818 0.999997 0.0473349 0.0856924 0.0247645
FixedParameters: 0 0 0

#Transform 64
Transform: AffineTransform_float_3_3
Parameters: 0.999999 0.00017905 -0.000954368 -0.000180948 0.999998 -0.00204283 0.000953632 0.00204317 0.999998 0.0249107 0.0980878 0.0556098
FixedParameters: 0 0 0

#Transform 65
Transform: AffineTransform_float_3_3
Parameters: 0.999999 0.00017889 -0.000894424 -0.000181112 0.999997 -0.00235984 0.000894575 0.00236016 0.999997 0.0258386 0.098073 0.0575488
FixedParameters: 0 0 0

#Transform 66
Transform: AffineTransform_float_3_3
Parameters: 0.999999 -0.000236005 -0.00121542 0.000232993 0.999997 -0.00247229 0.00121658 0.00247172 0.999996 0.0355573 0.103623 0.0590641
FixedParameters: 0 0 0

#Transform 67
Transform: AffineTransform_float_3_3
Parameters: 0.999999 -0.000401114 -0.00138481 0.000396887 0.999995 -0.00297055 0.00138518 0.00296944 0.999994 0.0280073 0.111604 0.076517
FixedParameters: 0 0 0

#Transform 68
Transform: AffineTransform_float_3_3
Parameters: 0.999998 -0.000802645 -0.00216399 0.000788356 0.99998 -0.00629872 0.00216901 0.00629727 0.999978 0.0682204 0.282998 0.0868672
FixedParameters: 0 0 0

#Transform 69
Transform: AffineTransform_float_3_3
Parameters: 0.999997 -0.00120579 -0.00180486 0.00119122 0.99997 -0.00762217 0.00181313 0.00761984 0.99997 0.0517374 0.275105 0.0751492
FixedParameters: 0 0 0

#Transform 70
Transform: AffineTransform_float_3_3
Parameters: 0.999995 -0.00164003 -0.00244137 0.00161497 0.999947 -0.010221 0.00245763 0.010217 0.999945 0.0894679 0.402403 0.0503326
FixedParameters: 0 0 0

#Transform 71
Transform: AffineTransform_float_3_3
Parameters: 0.999991 -0.00251293 -0.00340985 0.00244207 0.999784 -0.0206475 0.00346115 0.0206395 0.999781 0.0981649 0.621577 0.0795061
FixedParameters: 0 0 0

#Transform 72
Transform: AffineTransform_float_3_3
Parameters: 0.999982 -0.00302337 -0.00518496 0.00285663 0.999484 -0.0319894 0.00527906 0.0319736 0.999475 0.156849 0.912868 0.0603276
FixedParameters: 0 0 0

#Transform 73
Transform: AffineTransform_float_3_3
Parameters: 0.999979 -0.00361379 -0.00548819 0.00342018 0.999385 -0.0349185 0.00561182 0.0348985 0.999375 0.153922 0.989262 0.040381
FixedParameters: 0 0 0

#Transform 74
Transform: AffineTransform_float_3_3
Parameters: 0.999986 -0.00210821 -0.00480972 0.00199181 0.999709 -0.0240399 0.00485828 0.0240291 0.9997 0.126287 0.681493 0.0763112
FixedParameters: 0 0 0

#Transform 75
Transform: AffineTransform_float_3_3
Parameters: 0.999989 -0.00194407 -0.00409816 0.00185993 0.99979 -0.0204198 0.00413683 0.0204122 0.999783 0.0997374 0.573249 0.0966848
FixedParameters: 0 0 0

#Transform 76
Transform: AffineTransform_float_3_3
Parameters: 0.999993 -0.00169692 -0.00337053 0.00163508 0.999832 -0.0182886 0.00340147 0.0182834 0.999827 0.100714 0.516869 0.101729
FixedParameters: 0 0 0

#Transform 77
Transform: AffineTransform_float_3_3
Parameters: 0.999993 -0.00167539 -0.00332424 0.00161561 0.999835 -0.0180875 0.00335377 0.0180815 0.999831 0.094466 0.511295 0.133378
FixedParameters: 0 0 0

#Transform 78
Transform: AffineTransform_float_3_3
Parameters: 0.999992 -0.00199047 -0.00333522 0.00193053 0.99984 -0.0177416 0.00336977 0.0177354 0.999837 0.0774958 0.52012 0.144755
FixedParameters: 0 0 0

#Transform 79
Transform: AffineTransform_float_3_3
Parameters: 0.999992 -0.00176335 -0.00363246 0.00169966 0.999843 -0.0176423 0.00366255 0.0176357 0.999838 0.101153 0.537981 0.102485
FixedParameters: 0 0 0

#Transform 80
Transform: AffineTransform_float_3_3
Parameters: 0.999993 -0.00195141 -0.00321519 0.0018986 0.999861 -0.0165302 0.00324682 0.0165248 0.999858 0.0838413 0.513748 0.117561
FixedParameters: 0 0 0

#Transform 81
Transform: AffineTransform_float_3_3
Parameters: 0.999992 -0.00206195 -0.00341972 0.00200406 0.999856 -0.016865 0.00345328 0.016858 0.999852 0.088935 0.52293 0.0982198
FixedParameters: 0 0 0

#Transform 82
Transform: AffineTransform_float_3_3
Parameters: 0.999992 -0.00163067 -0.00363755 0.00156834 0.999852 -0.0171648 0.00366446 0.0171592 0.999846 0.102281 0.511173 0.0857713
FixedParameters: 0 0 0

#Transform 83
Transform: AffineTransform_float_3_3
Parameters: 0.999991 -0.00208082 -0.00373912 0.00201418 0.999845 -0.0175217 0.00377486 0.0175133 0.99984 0.103206 0.498157 0.124859
FixedParameters: 0 0 0

#Transform 84
Transform: AffineTransform_float_3_3
Parameters: 0.999992 -0.00204172 -0.00361125 0.00197928 0.999848 -0.0172873 0.00364576 0.0172807 0.999844 0.0985532 0.494262 0.12395
FixedParameters: 0 0 0

#Transform 85
Transform: AffineTransform_float_3_3
Parameters: 0.999992 -0.00222129 -0.00314434 0.0021677 0.999851 -0.0171659 0.00318267 0.0171591 0.999847 0.0794149 0.506695 0.0949105
FixedParameters: 0 0 0

#Transform 86
Transform: AffineTransform_float_3_3
Parameters: 0.999992 -0.00203758 -0.00339553 0.00197943 0.99985 -0.0171658 0.00342948 0.0171591 0.999847 0.0902678 0.507496 0.0998401
FixedParameters: 0 0 0

#Transform 87
Transform: AffineTransform_float_3_3
Parameters: 0.999993 -0.00145941 -0.0034392 0.00140159 0.99986 -0.0166359 0.00346279 0.0166311 0.999855 0.0957173 0.507529 0.114341
FixedParameters: 0 0 0

#Transform 88
Transform: AffineTransform_float_3_3
Parameters: 0.999992 -0.00187117 -0.00346978 0.00181383 0.999864 -0.0164064 0.00350023 0.0163996 0.99986 0.094204 0.513677 0.0869342
FixedParameters: 0 0 0

#Transform 89
Transform: AffineTransform_float_3_3
Parameters: 0.999992 -0.00178962 -0.00336552 0.00173537 0.999868 -0.016163 0.00339449 0.016157 0.999863 0.0906539 0.493661 0.0955524
FixedParameters: 0 0 0

#Transform 90
Transform: AffineTransform_float_3_3
Parameters: 0.999992 -0.00166496 -0.00348233 0.00160805 0.999866 -0.0162957 0.00350866 0.0162903 0.999861 0.0959683 0.50229 0.0989567
FixedParameters: 0 0 0

#Transform 91
Transform: AffineTransform_float_3_3
Parameters: 0.999993 -0.00187526 -0.00303167 0.00182773 0.999873 -0.0158446 0.00306134 0.0158394 0.99987 0.0771727 0.501201 0.121697
FixedParameters: 0 0 0

#Transform 92
Transform: AffineTransform_float_3_3
Parameters: 0.999994 -0.00186322 -0.00312921 0.00181376 0.999875 -0.0156608 0.00315879 0.0156542 0.999873 0.0811081 0.501321 0.139986
FixedParameters: 0 0 0

#Transform 93
Transform: AffineTransform_float_3_3
Parameters: 0.999992 -0.00210635 -0.00343645 0.00205464 0.999883 -0.0151672 0.00346855 0.0151598 0.999879 0.0911562 0.494866 0.125128
FixedParameters: 0 0 0

#Transform 94
Transform: AffineTransform_float_3_3
Parameters: 0.999993 -0.00210732 -0.00329652 0.00205467 0.999869 -0.0160959 0.0033305 0.0160891 0.999865 0.0858326 0.509908 0.160034
FixedParameters: 0 0 0

#Transform 95
Transform: AffineTransform_float_3_3
Parameters: 0.999991 -0.00229614 -0.00335155 0.00224185 0.999869 -0.0160687 0.00338845 0.0160604 0.999866 0.0866526 0.509397 0.128333
FixedParameters: 0 0 0

#Transform 96
Transform: AffineTransform_float_3_3
Parameters: 0.999993 -0.00210656 -0.00331115 0.00205445 0.999873 -0.0157959 0.00334386 0.0157891 0.99987 0.101227 0.500931 0.0879623
FixedParameters: 0 0 0

#Transform 97
Transform: AffineTransform_float_3_3
Parameters: 0.999994 -0.00202898 -0.0030546 0.00198403 0.99989 -0.0146572 0.00308341 0.0146508 0.999888 0.0969575 0.482448 0.0806214
FixedParameters: 0 0 0

#Transform 98
Transform: AffineTransform_float_3_3
Parameters: 0.999992 -0.00210873 -0.00360958 0.00205427 0.999884 -0.0150986 0.00364143 0.0150915 0.99988 0.117681 0.498294 0.108485
FixedParameters: 0 0 0

#Transform 99
Transform: AffineTransform_float_3_3
Parameters: 0.999993 -0.00210098 -0.00314512 0.00205402 0.999888 -0.0148666 0.00317588 0.0148604 0.999885 0.0836058 0.487584 0.137351
FixedParameters: 0 0 0

#Transform 100
Transform: AffineTransform_float_3_3
Parameters: 0.999993 -0.00209949 -0.00310876 0.00205451 0.999892 -0.0145645 0.00313925 0.0145575 0.999889 0.0822839 0.482813 0.128517
FixedParameters: 0 0 0

#Transform 101
Transform: AffineTransform_float_3_3
Parameters: 0.999993 -0.00229415 -0.00299922 0.00225184 0.999899 -0.0139828 0.00303177 0.0139761 0.999897 0.0767951 0.458652 0.13082
FixedParameters: 0 0 0

#Transform 102
Transform: AffineTransform_float_3_3
Parameters: 0.999994 -0.00224084 -0.00270307 0.00220316 0.9999 -0.013923 0.00273393 0.013917 0.9999 0.0820293 0.463643 0.135627
FixedParameters: 0 0 0

#Transform 103
Transform: AffineTransform_float_3_3
Parameters: 0.999995 -0.00208839 -0.00245617 0.00205461 0.999901 -0.0139231 0.00248484 0.0139179 0.9999 0.0736033 0.463752 0.111109
FixedParameters: 0 0 0

#Transform 104
Transform: AffineTransform_float_3_3
Parameters: 0.999993 -0.00209695 -0.00290143 0.00205404 0.99989 -0.0147291 0.00293257 0.014723 0.999888 0.0906838 0.475836 0.108607
FixedParameters: 0 0 0

#Transform 105
Transform: AffineTransform_float_3_3
Parameters: 0.999994 -0.00209673 -0.00295515 0.00205428 0.999895 -0.0143882 0.00298486 0.0143818 0.999892 0.0927513 0.467252 0.132585
FixedParameters: 0 0 0

#Transform 106
Transform: AffineTransform_float_3_3
Parameters: 0.999994 -0.00209396 -0.00276317 0.00205405 0.999895 -0.0143838 0.00279283 0.0143782 0.999892 0.0779412 0.465064 0.130043
FixedParameters: 0 0 0

#Transform 107
Transform: AffineTransform_float_3_3
Parameters: 0.999993 -0.00209463 -0.00288291 0.00205437 0.999899 -0.014024 0.00291209 0.014018 0.999897 0.0722879 0.464748 0.1509
FixedParameters: 0 0 0

#Transform 108
Transform: AffineTransform_float_3_3
Parameters: 0.999995 -0.00208862 -0.00245597 0.00205437 0.999899 -0.0140171 0.00248503 0.0140119 0.999898 0.0735578 0.468756 0.127704
FixedParameters: 0 0 0

#Transform 109
Transform: AffineTransform_float_3_3
Parameters: 0.999993 -0.00235275 -0.00274593 0.00231625 0.999908 -0.0133114 0.00277707 0.0133055 0.999907 0.0779129 0.467855 0.12131
FixedParameters: 0 0 0

#Transform 110
Transform: AffineTransform_float_3_3
Parameters: 0.999994 -0.00231274 -0.00258622 0.00227827 0.999914 -0.012973 0.00261577 0.012967 0.999913 0.0770916 0.447224 0.118871
FixedParameters: 0 0 0

#Transform 111
Transform: AffineTransform_float_3_3
Parameters: 0.999994 -0.00231984 -0.00247445 0.00228916 0.99992 -0.0123927 0.00250356 0.0123873 0.99992 0.072738 0.435486 0.132289
FixedParameters: 0 0 0

#Transform 112
Transform: AffineTransform_float_3_3
Parameters: 0.999994 -0.00208963 -0.00274221 0.00205436 0.999915 -0.0129327 0.00276979 0.0129273 0.999912 0.0845259 0.450829 0.130471
FixedParameters: 0 0 0

#Transform 113
Transform: AffineTransform_float_3_3
Parameters: 0.999995 -0.00208592 -0.0024522 0.00205406 0.999914 -0.0129501 0.0024798 0.0129449 0.999913 0.0734442 0.429785 0.122479
FixedParameters: 0 0 0

#Transform 114
Transform: AffineTransform_float_3_3
Parameters: 0.999995 -0.00226608 -0.00245164 0.00223493 0.999918 -0.0126055 0.00247936 0.0126004 0.999917 0.0635084 0.433975 0.185595
FixedParameters: 0 0 0

#Transform 115
Transform: AffineTransform_float_3_3
Parameters: 0.999994 -0.00209043 -0.00278705 0.00205457 0.999914 -0.0130098 0.00281396 0.0130042 0.999912 0.0679232 0.436942 0.186845
FixedParameters: 0 0 0

#Transform 116
Transform: AffineTransform_float_3_3
Parameters: 0.999992 -0.00224155 -0.00338744 0.00218946 0.999883 -0.0151455 0.00342054 0.0151374 0.999879 0.0814037 0.513737 0.160959
FixedParameters: 0 0 0

#Transform 117
Transform: AffineTransform_float_3_3
Parameters: 0.999972 -0.00373898 -0.00649959 0.00356801 0.999653 -0.0261219 0.00659541 0.0260981 0.999637 0.148014 0.636281 0.237542
FixedParameters: 0 0 0

#Transform 118
Transform: AffineTransform_float_3_3
Parameters: 0.99999 -0.00382821 -0.0022054 0.0037768 0.999734 -0.0227746 0.0022916 0.0227665 0.999738 0.00179142 0.584248 0.168166
FixedParameters: 0 0 0

#Transform 119
Transform: AffineTransform_float_3_3
Parameters: 0.999987 -0.00392056 -0.00326599 0.00377744 0.999074 -0.0428599 0.00343103 0.0428471 0.999076 0.0746499 1.23343 0.244248
FixedParameters: 0 0 0

#Transform 120
Transform: AffineTransform_float_3_3
Parameters: 0.999997 -0.00145571 -0.00189162 0.0014143 0.99976 -0.0218687 0.00192239 0.0218663 0.999759 0.0220768 0.6025 0.30574
FixedParameters: 0 0 0

#Transform 121
Transform: AffineTransform_float_3_3
Parameters: 0.999996 -0.00184108 -0.00246364 0.00178993 0.999786 -0.0205785 0.00250036 0.0205745 0.999785 0.0226661 0.568141 0.167782
FixedParameters: 0 0 0

#Transform 122
Transform: AffineTransform_float_3_3
Parameters: 0.999936 -0.011309 0.00114559 0.011362 0.997357 -0.0717626 -0.000330417 0.0717704 0.997421 0.0305501 1.62887 0.237599
FixedParameters: 0 0 0

#Transform 123
Transform: AffineTransform_float_3_3
Parameters: 0.999914 -0.00873754 -0.00979245 0.00833943 0.999164 -0.0400261 0.0101346 0.0399409 0.99915 0.19565 0.733736 0.213517
FixedParameters: 0 0 0

#Transform 124
Transform: AffineTransform_float_3_3
Parameters: 0.999949 -0.00751302 -0.00674167 0.00724196 0.999198 -0.0393628 0.00703233 0.0393122 0.999202 0.0872305 0.83568 0.430814
FixedParameters: 0 0 0

#Transform 125
Transform: AffineTransform_float_3_3
Parameters: 0.999947 -0.00782131 -0.00670761 0.00753067 0.999078 -0.0422658 0.00703237 0.0422122 0.999084 0.0892867 0.905528 0.383342
FixedParameters: 0 0 0

#Transform 126
Transform: AffineTransform_float_3_3
Parameters: 0.999951 -0.00762357 -0.00639925 0.00737743 0.999261 -0.0377091 0.00668177 0.0376599 0.999269 0.0858177 0.807383 0.476853
FixedParameters: 0 0 0

#Transform 127
Transform: AffineTransform_float_3_3
Parameters: 0.999942 -0.00774273 -0.00749748 0.00740026 0.998979 -0.0445801 0.00783548 0.0445229 0.998977 0.130334 0.939241 0.408308
FixedParameters: 0 0 0

#Transform 128
Transform: AffineTransform_float_3_3
Parameters: 0.999942 -0.00803249 -0.00708612 0.00770247 0.998935 -0.0454942 0.00744491 0.0454368 0.99894 0.132586 0.97532 0.400811
FixedParameters: 0 0 0

#Transform 129
Transform: AffineTransform_float_3_3
Parameters: 0.999947 -0.00792392 -0.0066854 0.00761805 0.998975 -0.0446063 0.00703261 0.0445527 0.998983 0.117518 0.961007 0.445964
FixedParameters: 0 0 0

#Transform 130
Transform: AffineTransform_float_3_3
Parameters: 0.999951 -0.00736319 -0.00670863 0.00705481 0.998969 -0.0448576 0.00703237 0.0448085 0.998971 0.112762 0.944253 0.449254
FixedParameters: 0 0 0

#Transform 131
Transform: AffineTransform_float_3_3
Parameters: 0.99995 -0.00747545 -0.00672408 0.00716256 0.998939 -0.0454905 0.00705695 0.0454396 0.998942 0.111754 0.993947 0.458293
FixedParameters: 0 0 0

#Transform 132
Transform: AffineTransform_float_3_3
Parameters: 0.999964 -0.00682448 -0.00513333 0.00657655 0.998876 -0.0469555 0.0054477 0.0469205 0.998884 0.0768776 1.04547 0.445675
FixedParameters: 0 0 0

#Transform 133
Transform: AffineTransform_float_3_3
Parameters: 0.999945 -0.00633156 -0.0082759 0.00598243 0.999117 -0.0416028 0.00853211 0.0415502 0.9991 0.139002 0.996251 0.519343
FixedParameters: 0 0 0

#Transform 134
Transform: AffineTransform_float_3_3
Parameters: 0.99994 -0.00573131 -0.00940183 0.00540669 0.999401 -0.0341639 0.00959217 0.0341111 0.999372 0.165373 0.780163 0.476147
FixedParameters: 0 0 0

#Transform 135
Transform: AffineTransform_float_3_3
Parameters: 0.999906 -0.00707845 -0.0118017 0.00659554 0.99916 -0.0404286 0.0120783 0.0403473 0.999112 0.216839 0.860982 0.411983
FixedParameters: 0 0 0

#Transform 136
Transform: AffineTransform_float_3_3
Parameters: 0.999936 -0.00698946 -0.00897208 0.00651356 0.998628 -0.0519698 0.00932291 0.0519082 0.998609 0.142746 1.25801 0.446307
FixedParameters: 0 0 0

#Transform 137
Transform: AffineTransform_float_3_3
Parameters: 0.999911 -0.00837945 -0.0103977 0.00793553 0.999087 -0.0419813 0.0107403 0.0418947 0.999065 0.1206 0.976129 0.511682
FixedParameters: 0 0 0

#Transform 138
Transform: AffineTransform_float_3_3
Parameters: 0.999904 -0.00834245 -0.0111161 0.00781455 0.998879 -0.0466764 0.0114929 0.0465846 0.998848 0.182103 1.03833 0.4824
FixedParameters: 0 0 0

#Transform 139
Transform: AffineTransform_float_3_3
Parameters: 0.999925 -0.00767505 -0.00960836 0.00721693 0.998877 -0.0468309 0.00995763 0.0467581 0.998856 0.154752 1.07382 0.48478
FixedParameters: 0 0 0

#Transform 140
Transform: AffineTransform_float_3_3
Parameters: 0.999925 -0.00770381 -0.00958532 0.00721716 0.998732 -0.0498249 0.0099577 0.049752 0.998712 0.168889 1.11824 0.434419
FixedParameters: 0 0 0

#Transform 141
Transform: AffineTransform_float_3_3
Parameters: 0.999921 -0.00752966 -0.0100124 0.00699835 0.998616 -0.0521151 0.0103906 0.0520408 0.998591 0.183557 1.18246 0.420774
FixedParameters: 0 0 0

#Transform 142
Transform: AffineTransform_float_3_3
Parameters: 0.999927 -0.0072976 -0.00955862 0.00678843 0.998609 -0.0523017 0.00992639 0.0522333 0.998585 0.182701 1.17597 0.450504
FixedParameters: 0 0 0

#Transform 143
Transform: AffineTransform_float_3_3
Parameters: 0.999926 -0.00713642 -0.00978349 0.00657761 0.998406 -0.0560655 0.0101675 0.0559976 0.998379 0.181463 1.27891 0.41182
FixedParameters: 0 0 0

#Transform 144
Transform: AffineTransform_float_3_3
Parameters: 0.999918 -0.00703766 -0.0106912 0.00638935 0.998206 -0.0595402 0.0110909 0.0594668 0.998168 0.19426 1.31271 0.412084
FixedParameters: 0 0 0

#Transform 145
Transform: AffineTransform_float_3_3
Parameters: 0.999916 -0.00727748 -0.010793 0.00659458 0.998056 -0.0619744 0.011222 0.0618986 0.99802 0.191618 1.50861 0.39589
FixedParameters: 0 0 0

#Transform 146
Transform: AffineTransform_float_3_3
Parameters: 0.999914 -0.00746159 -0.0107825 0.00678146 0.998064 -0.0618325 0.0112225 0.0617546 0.998029 0.203122 1.39964 0.443551
FixedParameters: 0 0 0

#Transform 147
Transform: AffineTransform_float_3_3
Parameters: 0.999915 -0.00734241 -0.0108426 0.00668863 0.998224 -0.0592056 0.0112575 0.0591274 0.998187 0.185823 1.33917 0.474644
FixedParameters: 0 0 0

#Transform 148
Transform: AffineTransform_float_3_3
Parameters: 0.999908 -0.0083687 -0.0106223 0.00774424 0.998312 -0.0575485 0.0110867 0.0574605 0.998286 0.178055 1.2481 0.447596
FixedParameters: 0 0 0

#Transform 149
Transform: AffineTransform_float_3_3
Parameters: 0.9999 -0.00821264 -0.0115661 0.00749037 0.998103 -0.0611108 0.0120459 0.0610182 0.998064 0.218214 1.35052 0.473789
FixedParameters: 0 0 0

#Transform 150
Transform: AffineTransform_float_3_3
Parameters: 0.999902 -0.00792738 -0.0115455 0.00714359 0.997769 -0.06638 0.0120464 0.066291 0.997727 0.230934 1.53059 0.538696
FixedParameters: 0 0 0

#Transform 151
Transform: AffineTransform_float_3_3
Parameters: 0.999914 -0.00753022 -0.0107429 0.00681777 0.997866 -0.0649488 0.0112092 0.0648692 0.997831 0.203034 1.49699 0.54616
FixedParameters: 0 0 0

#Transform 152
Transform: AffineTransform_float_3_3
Parameters: 0.999912 -0.00761484 -0.0108581 0.00686917 0.997726 -0.0670585 0.0113439 0.0669775 0.99769 0.20991 1.57603 0.494059
FixedParameters: 0 0 0

#Transform 153
Transform: AffineTransform_float_3_3
Parameters: 0.999901 -0.00851975 -0.0112502 0.0078252 0.998142 -0.060417 0.0117449 0.0603229 0.99811 0.250482 1.35026 0.479121
FixedParameters: 0 0 0

#Transform 154
Transform: AffineTransform_float_3_3
Parameters: 0.999904 -0.00807526 -0.0112749 0.00741273 0.998312 -0.0575921 0.011721 0.0575028 0.998276 0.230734 1.2795 0.552054
FixedParameters: 0 0 0

#Transform 155
Transform: AffineTransform_float_3_3
Parameters: 0.999907 -0.00828504 -0.0108901 0.00762492 0.998211 -0.0593126 0.0113629 0.0592244 0.99818 0.22903 1.32641 0.489845
FixedParameters: 0 0 0

#Transform 156
Transform: AffineTransform_float_3_3
Parameters: 0.999909 -0.00841491 -0.0105322 0.0077851 0.998258 -0.0584833 0.0110058 0.0583957 0.998233 0.215363 1.28333 0.517588
FixedParameters: 0 0 0

#Transform 157
Transform: AffineTransform_float_3_3
Parameters: 0.999911 -0.00799055 -0.0106679 0.00736845 0.998337 -0.0571727 0.0111071 0.0570893 0.998308 0.215013 1.2353 0.509008
FixedParameters: 0 0 0

#Transform 158
Transform: AffineTransform_float_3_3
Parameters: 0.999908 -0.00779874 -0.0110891 0.00716326 0.99839 -0.0562576 0.0115099 0.0561734 0.998354 0.226218 1.19056 0.517707
FixedParameters: 0 0 0

#Transform 159
Transform: AffineTransform_float_3_3
Parameters: 0.999919 -0.00780794 -0.0100378 0.00723405 0.998405 -0.0559951 0.0104592 0.0559178 0.99838 0.181838 1.21898 0.582037
FixedParameters: 0 0 0

#Transform 160
Transform: AffineTransform_float_3_3
Parameters: 0.99992 -0.0075167 -0.0101017 0.00694835 0.998451 -0.0551986 0.0105003 0.0551245 0.998425 0.201504 1.19308 0.536388
FixedParameters: 0 0 0

#Transform 161
Transform: AffineTransform_float_3_3
Parameters: 0.999917 -0.00740555 -0.0104895 0.00682947 0.998524 -0.0538811 0.0108725 0.0538049 0.998493 0.221181 1.15575 0.544353
FixedParameters: 0 0 0

#Transform 162
Transform: AffineTransform_float_3_3
Parameters: 0.999925 -0.0070171 -0.00997669 0.00648087 0.998584 -0.0527886 0.0103333 0.0527204 0.998556 0.203512 1.11998 0.534235
FixedParameters: 0 0 0

#Transform 163
Transform: AffineTransform_float_3_3
Parameters: 0.999925 -0.00710861 -0.00996032 0.0065744 0.998588 -0.0527164 0.0103207 0.0526466 0.99856 0.191481 1.11093 0.571758
FixedParameters: 0 0 0

#Transform 164
Transform: AffineTransform_float_3_3
Parameters: 0.999926 -0.0069246 -0.00998431 0.00639042 0.9986 -0.0525197 0.0103337 0.0524513 0.99857 0.19691 1.10341 0.561934
FixedParameters: 0 0 0

#Transform 165
Transform: AffineTransform_float_3_3
Parameters: 0.999923 -0.00692768 -0.0102318 0.0063843 0.998619 -0.0521513 0.0105791 0.0520817 0.998587 0.204496 1.09335 0.6009
FixedParameters: 0 0 0

#Transform 166
Transform: AffineTransform_float_3_3
Parameters: 0.99992 -0.00707332 -0.0105539 0.00651368 0.998619 -0.0521209 0.0109081 0.052048 0.998585 0.206474 1.08644 0.601542
FixedParameters: 0 0 0

#Transform 167
Transform: AffineTransform_float_3_3
Parameters: 0.999919 -0.00720454 -0.0104931 0.00664947 0.998627 -0.051957 0.0108529 0.051883 0.998594 0.199747 1.081 0.588461
FixedParameters: 0 0 0

#Transform 168
Transform: AffineTransform_float_3_3
Parameters: 0.999923 -0.00704844 -0.010272 0.00650856 0.998645 -0.0516349 0.010622 0.0515641 0.998613 0.181612 1.08428 0.608913
FixedParameters: 0 0 0

#Transform 169
Transform: AffineTransform_float_3_3
Parameters: 0.999917 -0.00757874 -0.0104326 0.00702923 0.998639 -0.0516666 0.0108103 0.0515893 0.99861 0.19006 1.09819 0.598204
FixedParameters: 0 0 0

#Transform 170
Transform: AffineTransform_float_3_3
Parameters: 0.999917 -0.00734966 -0.0105944 0.0067943 0.998646 -0.0515632 0.0109596 0.0514867 0.998613 0.203958 1.10552 0.592207
FixedParameters: 0 0 0

#Transform 171
Transform: AffineTransform_float_3_3
Parameters: 0.999921 -0.00729085 -0.0102382 0.00675417 0.998649 -0.0515252 0.0105998 0.0514528 0.998619 0.173909 1.10394 0.612079
FixedParameters: 0 0 0

#Transform 172
Transform: AffineTransform_float_3_3
Parameters: 0.999919 -0.00713429 -0.0104871 0.0065897 0.998669 -0.0511422 0.0108379 0.0510688 0.998637 0.178492 1.08537 0.629508
FixedParameters: 0 0 0

#Transform 173
Transform: AffineTransform_float_3_3
Parameters: 0.999923 -0.00714295 -0.0101542 0.00661306 0.998662 -0.0512991 0.0105068 0.0512279 0.998631 0.183598 1.09344 0.609463
FixedParameters: 0 0 0

#Transform 174
Transform: AffineTransform_float_3_3
Parameters: 0.999925 -0.00708754 -0.0099713 0.00657148 0.998682 -0.0509144 0.0103187 0.0508447 0.998654 0.182201 1.08547 0.58998
FixedParameters: 0 0 0

#Transform 175
Transform: AffineTransform_float_3_3
Parameters: 0.999924 -0.00698146 -0.0102134 0.00645555 0.998693 -0.0507018 0.0105536 0.0506312 0.998661 0.164749 1.07588 0.618947
FixedParameters: 0 0 0

#Transform 176
Transform: AffineTransform_float_3_3
Parameters: 0.999922 -0.00704055 -0.010372 0.00650545 0.998688 -0.0507935 0.010716 0.0507216 0.998656 0.183386 1.0793 0.625864
FixedParameters: 0 0 0

#Transform 177
Transform: AffineTransform_float_3_3
Parameters: 0.999921 -0.00702475 -0.0104084 0.00648523 0.998677 -0.0510125 0.0107536 0.0509415 0.998644 0.191835 1.09328 0.600067
FixedParameters: 0 0 0

#Transform 178
Transform: AffineTransform_float_3_3
Parameters: 0.999927 -0.00712352 -0.00974001 0.00661948 0.998687 -0.0507862 0.010089 0.0507178 0.998662 0.17506 1.08434 0.623381
FixedParameters: 0 0 0

#Transform 179
Transform: AffineTransform_float_3_3
Parameters: 0.999923 -0.0069809 -0.0102588 0.0064561 0.998712 -0.0503371 0.0105972 0.0502669 0.998679 0.174493 1.07479 0.643014
FixedParameters: 0 0 0
