#Insight Transform File V1.0
#Transform 0
Transform: AffineTransform_float_3_3
Parameters: 1 0.000147008 3.49659e-05 -0.000146992 1 -0.000232005 -3.50341e-05 0.000231995 1 -0.00236429 0.00551759 -0.0745547
FixedParameters: 0 0 0

#Transform 1
Transform: AffineTransform_float_3_3
Parameters: 1 6.1056e-08 0.000159 6.1056e-08 1 -0.000384 -0.000159 0.000384 1 -0.00368287 -0.0125807 -0.065611
FixedParameters: 0 0 0

#Transform 2
Transform: AffineTransform_float_3_3
Parameters: 1 2.35008e-07 0.000432 2.35008e-07 1 -0.000544 -0.000432 0.000544 1 -0.00733608 -0.0088413 -0.0673351
FixedParameters: 0 0 0

#Transform 3
Transform: AffineTransform_float_3_3
Parameters: 1 4.45e-09 1e-05 4.45e-09 1 -0.000445 -1e-05 0.000445 1 -0.000249829 -0.0111936 -0.0644159
FixedParameters: 0 0 0

#Transform 4
Transform: AffineTransform_float_3_3
Parameters: 1 5.95e-09 1e-05 5.95e-09 1 -0.000595 -1e-05 0.000595 1 -0.00243773 -0.00769235 -0.0540257
FixedParameters: 0 0 0

#Transform 5
Transform: AffineTransform_float_3_3
Parameters: 1 4.36e-09 1e-05 4.36e-09 1 -0.000436 -1e-05 0.000436 1 -0.000249641 -0.00398505 -0.0455982
FixedParameters: 0 0 0

#Transform 6
Transform: AffineTransform_float_3_3
Parameters: 1 3.55e-09 1e-05 3.55e-09 1 -0.000355 -1e-05 0.000355 1 -0.000249908 -0.0132023 -0.0722903
FixedParameters: 0 0 0

#Transform 7
Transform: AffineTransform_float_3_3
Parameters: 1 -7.89956e-05 1.00344e-05 7.90043e-05 1 -0.000435999 -9.96555e-06 0.000436001 1 0.000553209 -0.0114788 -0.0731684
FixedParameters: 0 0 0

#Transform 8
Transform: AffineTransform_float_3_3
Parameters: 1 4.36e-09 1e-05 4.36e-09 1 -0.000436 -1e-05 0.000436 1 -0.000249839 -0.0113754 -0.0653904
FixedParameters: 0 0 0

#Transform 9
Transform: AffineTransform_float_3_3
Parameters: 1 6.50671e-05 0.000153972 -6.59328e-05 1 -0.00043601 -0.000154029 0.00043599 1 -0.0041355 -0.0113406 -0.0495802
FixedParameters: 0 0 0

#Transform 10
Transform: AffineTransform_float_3_3
Parameters: 1 4.36e-09 1e-05 4.36e-09 1 -0.000436 -1e-05 0.000436 1 0.00400631 0.00163713 -0.0505948
FixedParameters: 0 0 0

#Transform 11
Transform: AffineTransform_float_3_3
Parameters: 1 1.93e-09 1e-05 1.93e-09 1 -0.000193 -1e-05 0.000193 1 -0.000249717 -0.0169657 -0.0531684
FixedParameters: 0 0 0

#Transform 12
Transform: AffineTransform_float_3_3
Parameters: 1 3.915e-08 0.00015 3.915e-08 1 -0.000261 -0.00015 0.000261 1 -0.0060292 -0.0153582 -0.0361657
FixedParameters: 0 0 0

#Transform 13
Transform: AffineTransform_float_3_3
Parameters: 1 -1.7e-09 1e-05 -1.7e-09 1 0.00017 -1e-05 -0.00017 1 -0.000249419 -0.0253581 -0.0233577
FixedParameters: 0 0 0

#Transform 14
Transform: AffineTransform_float_3_3
Parameters: 1 -1.7e-09 1e-05 -1.7e-09 1 0.00017 -1e-05 -0.00017 1 -0.000249306 0.00280781 -0.0120515
FixedParameters: 0 0 0

#Transform 15
Transform: AffineTransform_float_3_3
Parameters: 1 -2.904e-08 -0.00024 -2.904e-08 1 -0.000121 0.00024 0.000121 1 0.00100277 0.00585791 -0.00970658
FixedParameters: 0 0 0

#Transform 16
Transform: AffineTransform_float_3_3
Parameters: 1 0.000107 1.00026e-05 -0.000107 1 2.39989e-05 -9.99743e-06 -2.40011e-05 1 -0.00134407 0.00266442 -0.00789111
FixedParameters: 0 0 0

#Transform 17
Transform: AffineTransform_float_3_3
Parameters: 1 5.40026e-05 9.98618e-06 -5.39974e-05 1 -0.000256001 -1.00138e-05 0.000255999 1 -0.000783432 -0.0107171 -0.0481085
FixedParameters: 0 0 0

#Transform 18
Transform: AffineTransform_float_3_3
Parameters: 1 -1.7e-09 1e-05 -1.7e-09 1 0.00017 -1e-05 -0.00017 1 0.00196944 -0.0206594 -0.0370265
FixedParameters: 0 0 0

#Transform 19
Transform: AffineTransform_float_3_3
Parameters: 1 -1.7e-09 1e-05 -1.7e-09 1 0.00017 -1e-05 -0.00017 1 -0.000249249 -0.0206542 -0.00642149
FixedParameters: 0 0 0

#Transform 20
Transform: AffineTransform_float_3_3
Parameters: 1 -1.7e-09 1e-05 -1.7e-09 1 0.00017 -1e-05 -0.00017 1 -0.00024909 -0.000566527 0.0095201
FixedParameters: 0 0 0

#Transform 21
Transform: AffineTransform_float_3_3
Parameters: 1 -1.7e-09 1e-05 -1.7e-09 1 0.00017 -1e-05 -0.00017 1 -0.000249249 -0.000569237 -0.0064249
FixedParameters: 0 0 0

#Transform 22
Transform: AffineTransform_float_3_3
Parameters: 1 -1.7e-09 1e-05 -1.7e-09 1 0.00017 -1e-05 -0.00017 1 -0.000249359 -0.0043391 -0.0174033
FixedParameters: 0 0 0

#Transform 23
Transform: AffineTransform_float_3_3
Parameters: 1 1.819e-08 -0.000107 1.819e-08 1 0.00017 0.000107 -0.00017 1 0.00244018 -0.0142923 -0.0065754
FixedParameters: 0 0 0

#Transform 24
Transform: AffineTransform_float_3_3
Parameters: 1 6e-11 1e-05 6e-11 1 -6e-06 -1e-05 6e-06 1 -0.00331827 -0.0159288 -0.00818056
FixedParameters: 0 0 0

#Transform 25
Transform: AffineTransform_float_3_3
Parameters: 1 5.49983e-05 1.00093e-05 -5.50017e-05 1 0.000169999 -9.99065e-06 -0.000170001 1 -0.000839859 -0.0199624 -0.0107686
FixedParameters: 0 0 0

#Transform 26
Transform: AffineTransform_float_3_3
Parameters: 1 -1.1e-10 1e-05 -1.1e-10 1 1.1e-05 -1e-05 -1.1e-05 1 -0.000249405 -0.0163459 -0.0219605
FixedParameters: 0 0 0

#Transform 27
Transform: AffineTransform_float_3_3
Parameters: 1 -9.1e-10 1e-05 -9.1e-10 1 9.1e-05 -1e-05 -9.1e-05 1 -0.000249108 -0.0181175 0.00775043
FixedParameters: 0 0 0

#Transform 28
Transform: AffineTransform_float_3_3
Parameters: 1 0 -4.7e-05 0 1 0 4.7e-05 0 1 0.00108276 -0.016065 -0.00822773
FixedParameters: 0 0 0

#Transform 29
Transform: AffineTransform_float_3_3
Parameters: 1 1.751e-08 -0.000103 1.751e-08 1 0.00017 0.000103 -0.00017 1 0.00238309 -0.0122013 -0.0066269
FixedParameters: 0 0 0

#Transform 30
Transform: AffineTransform_float_3_3
Parameters: 1 -1.7e-09 1e-05 -1.7e-09 1 0.00017 -1e-05 -0.00017 1 -0.000249285 -0.0104108 -0.00996223
FixedParameters: 0 0 0

#Transform 31
Transform: AffineTransform_float_3_3
Parameters: 1 -3.33e-09 1e-05 -3.33e-09 1 0.000333 -1e-05 -0.000333 1 -0.000259232 -0.0236962 -0.00471026
FixedParameters: 0 0 0

#Transform 32
Transform: AffineTransform_float_3_3
Parameters: 1 -3.8e-10 1e-05 -3.8e-10 1 3.8e-05 -1e-05 -3.8e-05 1 0.00656161 -0.0169435 -0.0202625
FixedParameters: 0 0 0

#Transform 33
Transform: AffineTransform_float_3_3
Parameters: 1 -1.802e-08 0.000106 -1.802e-08 1 0.00017 -0.000106 -0.00017 1 -0.00244391 0.00802914 0.0193189
FixedParameters: 0 0 0

#Transform 34
Transform: AffineTransform_float_3_3
Parameters: 1 -0.000163004 9.93186e-06 0.000162996 1 0.000418002 -1.00681e-05 -0.000417998 1 0.00909634 -0.00892807 0.0223364
FixedParameters: 0 0 0

#Transform 35
Transform: AffineTransform_float_3_3
Parameters: 1 -6.72e-09 1e-05 -6.72e-09 1 0.000672 -1e-05 -0.000672 1 -0.000239936 -0.0100847 0.024863
FixedParameters: 0 0 0

#Transform 36
Transform: AffineTransform_float_3_3
Parameters: 1 -8.4241e-05 0.000277927 8.47589e-05 0.999999 0.000867023 -0.000278073 -0.000866976 0.999999 0.00214543 -0.0146185 0.0241727
FixedParameters: 0 0 0

#Transform 37
Transform: AffineTransform_float_3_3
Parameters: 1 -6.89e-09 1e-05 -6.89e-09 1 0.000689 -1e-05 -0.000689 1 0.0174507 -0.0258716 -0.00772238
FixedParameters: 0 0 0

#Transform 38
Transform: AffineTransform_float_3_3
Parameters: 1 -4.82e-09 1e-05 -4.82e-09 1 0.000482 -1e-05 -0.000482 1 -0.000243298 -0.00575838 -0.0113295
FixedParameters: 0 0 0

#Transform 39
Transform: AffineTransform_float_3_3
Parameters: 1 -5.03e-09 1e-05 -5.03e-09 1 0.000503 -1e-05 -0.000503 1 0.00426019 -0.00621208 0.0372197
FixedParameters: 0 0 0

#Transform 40
Transform: AffineTransform_float_3_3
Parameters: 1 -3.75e-09 1e-05 -3.75e-09 1 0.000375 -1e-05 -0.000375 1 0.00611717 0.00236104 0.0359527
FixedParameters: 0 0 0

#Transform 41
Transform: AffineTransform_float_3_3
Parameters: 1 9.29938e-05 1.00576e-05 -9.30062e-05 1 0.000618999 -9.94243e-06 -0.000619001 1 0.0129614 0.00418249 0.0384576
FixedParameters: 0 0 0

#Transform 42
Transform: AffineTransform_float_3_3
Parameters: 1 -5.42e-09 1e-05 -5.42e-09 1 0.000542 -1e-05 -0.000542 1 -0.000252154 -0.00713236 0.00307649
FixedParameters: 0 0 0

#Transform 43
Transform: AffineTransform_float_3_3
Parameters: 1 6.19954e-05 1.00284e-05 -6.20046e-05 1 0.000457999 -9.9716e-06 -0.000458001 1 0.00435693 -0.00511935 -0.0134787
FixedParameters: 0 0 0

#Transform 44
Transform: AffineTransform_float_3_3
Parameters: 1 1.20428e-07 -0.000308 1.20428e-07 1 0.000391 0.000308 -0.000391 1 0.00709822 -0.00366148 -0.0146918
FixedParameters: 0 0 0

#Transform 45
Transform: AffineTransform_float_3_3
Parameters: 1 5.1039e-08 -0.000107 5.1039e-08 1 0.000477 0.000107 -0.000477 1 0.012561 -0.00560078 0.0137263
FixedParameters: 0 0 0

#Transform 46
Transform: AffineTransform_float_3_3
Parameters: 1 1.39776e-07 -0.000312 1.39776e-07 1 0.000448 0.000312 -0.000448 1 0.00718206 -0.0049607 -0.000928787
FixedParameters: 0 0 0

#Transform 47
Transform: AffineTransform_float_3_3
Parameters: 1 1.38037e-07 -0.000223 1.38037e-07 1 0.000619 0.000223 -0.000619 1 0.0158934 -0.00883356 0.00548582
FixedParameters: 0 0 0

#Transform 48
Transform: AffineTransform_float_3_3
Parameters: 1 -6.19e-09 1e-05 -6.19e-09 1 0.000619 -1e-05 -0.000619 1 -0.000249008 -0.008843 0.0176948
FixedParameters: 0 0 0

#Transform 49
Transform: AffineTransform_float_3_3
Parameters: 1 -6.78e-09 1e-05 -6.78e-09 1 0.000678 -1e-05 -0.000678 1 0.00765886 -0.0150902 0.00498903
FixedParameters: 0 0 0

#Transform 50
Transform: AffineTransform_float_3_3
Parameters: 1 -6.19e-09 1e-05 -6.19e-09 1 0.000619 -1e-05 -0.000619 1 -0.000249039 -0.00884493 0.0145698
FixedParameters: 0 0 0

#Transform 51
Transform: AffineTransform_float_3_3
Parameters: 1 -0.000146004 9.94423e-06 0.000145996 1 0.000382001 -1.00558e-05 -0.000381998 1 0.00126785 -0.00359077 0.044643
FixedParameters: 0 0 0

#Transform 52
Transform: AffineTransform_float_3_3
Parameters: 1 -0.000113005 9.94406e-06 0.000112995 1 0.000495001 -1.00559e-05 -0.000494999 1 0.000935653 -0.00611469 0.0365364
FixedParameters: 0 0 0

#Transform 53
Transform: AffineTransform_float_3_3
Parameters: 1 -3.97e-09 1e-05 -3.97e-09 1 0.000397 -1e-05 -0.000397 1 -0.000256656 -0.00374885 0.0528853
FixedParameters: 0 0 0

#Transform 54
Transform: AffineTransform_float_3_3
Parameters: 1 -3.9e-09 1e-05 -3.9e-09 1 0.00039 -1e-05 -0.00039 1 -0.000248664 -0.00357188 0.0521403
FixedParameters: 0 0 0

#Transform 55
Transform: AffineTransform_float_3_3
Parameters: 1 -6.19e-09 1e-05 -6.19e-09 1 0.000619 -1e-05 -0.000619 1 0.00810719 0.00482745 0.0378032
FixedParameters: 0 0 0

#Transform 56
Transform: AffineTransform_float_3_3
Parameters: 1 -1.97e-09 1e-05 -1.97e-09 1 0.000197 -1e-05 -0.000197 1 -0.00024885 0.00862946 0.0335359
FixedParameters: 0 0 0

#Transform 57
Transform: AffineTransform_float_3_3
Parameters: 1 -0.000214003 9.93366e-06 0.000213997 1 0.000310002 -1.00663e-05 -0.000309998 1 0.00196371 -0.00200458 0.027578
FixedParameters: 0 0 0

#Transform 58
Transform: AffineTransform_float_3_3
Parameters: 1 -2.03e-09 1e-05 -2.03e-09 1 0.000203 -1e-05 -0.000203 1 -0.000248975 0.000674016 0.0210431
FixedParameters: 0 0 0

#Transform 59
Transform: AffineTransform_float_3_3
Parameters: 1 -2.57e-09 1e-05 -2.57e-09 1 0.000257 -1e-05 -0.000257 1 -0.000249093 -0.000573896 0.00917862
FixedParameters: 0 0 0

#Transform 60
Transform: AffineTransform_float_3_3
Parameters: 1 2.7608e-08 -0.000136 2.7608e-08 1 0.000203 0.000136 -0.000203 1 0.00316792 0.000680114 0.0264536
FixedParameters: 0 0 0

#Transform 61
Transform: AffineTransform_float_3_3
Parameters: 1 -0.000181001 9.98099e-06 0.000180999 1 0.000105002 -1.0019e-05 -0.000104998 1 0.00155257 0.00265516 0.0325734
FixedParameters: 0 0 0

#Transform 62
Transform: AffineTransform_float_3_3
Parameters: 1 -0.000210974 -0.000126043 0.000211026 1 0.000202973 0.000125957 -0.000203027 1 0.00498116 0.000347072 0.0193721
FixedParameters: 0 0 0

#Transform 63
Transform: AffineTransform_float_3_3
Parameters: 1 -0.000194007 -0.000122988 0.000193992 1 -6.10239e-05 0.000123012 6.09761e-05 1 -0.000637711 0.00653919 0.0307328
FixedParameters: 0 0 0

#Transform 64
Transform: AffineTransform_float_3_3
Parameters: 1 9.1e-10 1e-05 9.1e-10 1 -9.1e-05 -1e-05 9.1e-05 1 -0.00024888 0.0074404 0.0305493
FixedParameters: 0 0 0

#Transform 65
Transform: AffineTransform_float_3_3
Parameters: 1 -0.000237067 -0.000402961 0.000236933 1 -0.000166095 0.000403039 0.000165904 1 0.0116716 0.0174261 0.0443053
FixedParameters: 0 0 0

#Transform 66
Transform: AffineTransform_float_3_3
Parameters: 1 -0.000347027 -0.000250963 0.000346973 1 -0.000106087 0.000251037 0.000105913 1 0.00926747 0.00725181 0.0468069
FixedParameters: 0 0 0

#Transform 67
Transform: AffineTransform_float_3_3
Parameters: 1 -0.000285032 -0.000159943 0.000284968 1 -0.000200046 0.000160057 0.000199954 1 0.00651598 -0.00893815 0.029301
FixedParameters: 0 0 0

#Transform 68
Transform: AffineTransform_float_3_3
Parameters: 1 -0.000173055 -0.000392976 0.000172945 1 -0.000141068 0.000393024 0.000140932 1 0.0107377 0.000326331 0.0729931
FixedParameters: 0 0 0

#Transform 69
Transform: AffineTransform_float_3_3
Parameters: 1 -0.000272021 -0.000329983 0.000271979 1 -6.30897e-05 0.000330017 6.29102e-05 1 0.0103425 0.0106862 0.0277802
FixedParameters: 0 0 0

#Transform 70
Transform: AffineTransform_float_3_3
Parameters: 1 -0.00014492 -0.000393029 0.00014508 1 0.000202943 0.00039297 -0.000203057 1 0.0104796 0.00697839 0.0558743
FixedParameters: 0 0 0

#Transform 71
Transform: AffineTransform_float_3_3
Parameters: 1 -4.7112e-08 -0.000302 -4.7112e-08 1 -0.000156 0.000302 0.000156 1 -0.0149402 0.00736273 0.0522867
FixedParameters: 0 0 0

#Transform 72
Transform: AffineTransform_float_3_3
Parameters: 1 -0.000426113 -0.0004809 0.000425887 1 -0.000235205 0.0004811 0.000234795 1 -0.00542403 0.0240731 0.0394742
FixedParameters: 0 0 0

#Transform 73
Transform: AffineTransform_float_3_3
Parameters: 1 -0.000249048 -0.000392969 0.000248952 1 -0.000123098 0.000393031 0.000122902 1 -0.00870102 0.0199921 0.045413
FixedParameters: 0 0 0

#Transform 74
Transform: AffineTransform_float_3_3
Parameters: 1 -0.000359 -0.000393 0.000359 1 -1.14109e-06 0.000393 8.58913e-07 1 -0.00501344 0.0218036 0.0415973
FixedParameters: 0 0 0

#Transform 75
Transform: AffineTransform_float_3_3
Parameters: 1 -0.000454178 -0.000473829 0.000453821 1 -0.000377215 0.000474171 0.000376785 1 -0.00208612 0.0345531 0.0187653
FixedParameters: 0 0 0

#Transform 76
Transform: AffineTransform_float_3_3
Parameters: 0.999999 -0.000612119 -0.000392813 0.00061188 1 -0.00030524 0.000393186 0.000304759 1 -0.00242025 0.0170348 0.019651
FixedParameters: 0 0 0

#Transform 77
Transform: AffineTransform_float_3_3
Parameters: 0.999999 -0.000454383 -0.000552685 0.000453616 0.999999 -0.00069325 0.000553315 0.000693748 0.999999 -0.000296047 0.0262662 0.0154444
FixedParameters: 0 0 0

#Transform 78
Transform: AffineTransform_float_3_3
Parameters: 0.999999 -0.000454353 -0.000654755 0.000453647 1 -0.000539297 0.000655245 0.000539702 0.999999 0.00207797 0.022718 0.016831
FixedParameters: 0 0 0

#Transform 79
Transform: AffineTransform_float_3_3
Parameters: 0.999999 -0.000454227 -0.000744861 0.000453772 1 -0.000305338 0.000745138 0.000304662 0.999999 0.00411597 0.0437936 0.0363982
FixedParameters: 0 0 0

#Transform 80
Transform: AffineTransform_float_3_3
Parameters: 0.999999 -0.000366201 -0.000659888 0.000366798 1 -0.000305242 0.000660111 0.000304758 0.999999 -0.0012828 0.0334989 0.0525602
FixedParameters: 0 0 0

#Transform 81
Transform: AffineTransform_float_3_3
Parameters: 0.999999 -0.000364232 -0.000762888 0.000363767 1 -0.000305277 0.00076211 0.000304722 0.999999 0.00356084 0.0334698 0.0523885
FixedParameters: 0 0 0

#Transform 82
Transform: AffineTransform_float_3_3
Parameters: 0.999999 -0.000347202 -0.000662894 0.000347798 1 -0.000305231 0.000663106 0.00030477 0.999999 0.00105653 0.0130423 0.00347237
FixedParameters: 0 0 0

#Transform 83
Transform: AffineTransform_float_3_3
Parameters: 1 -0.000454163 -0.000392812 0.000453837 1 -0.000414178 0.000393188 0.000414821 1 -0.00398083 0.0154509 0.0185017
FixedParameters: 0 0 0

#Transform 84
Transform: AffineTransform_float_3_3
Parameters: 0.999999 -0.000359534 -0.000808763 0.000358465 0.999999 -0.00066129 0.000809237 0.000660709 1 0.0105289 0.0211532 0.0579797
FixedParameters: 0 0 0

#Transform 85
Transform: AffineTransform_float_3_3
Parameters: 0.999999 -0.00030453 -0.000873814 0.000303469 1 -0.000607265 0.000874183 0.000606734 0.999999 0.0104293 0.0334282 0.0711565
FixedParameters: 0 0 0

#Transform 86
Transform: AffineTransform_float_3_3
Parameters: 1 -0.000454578 -0.000929718 0.000453422 0.999999 -0.000622422 0.000929283 0.000621578 1 0.00840149 0.0377085 0.0780322
FixedParameters: 0 0 0

#Transform 87
Transform: AffineTransform_float_3_3
Parameters: 0.999999 -0.000454461 -0.00080874 0.000453538 0.999999 -0.000571367 0.000809258 0.000570632 0.999999 0.0133938 0.0368522 0.0588898
FixedParameters: 0 0 0

#Transform 88
Transform: AffineTransform_float_3_3
Parameters: 0.999999 -0.00045436 -0.000736777 0.000453639 1 -0.000489334 0.000737221 0.000488665 0.999999 0.00391458 0.0224398 0.0597726
FixedParameters: 0 0 0

#Transform 89
Transform: AffineTransform_float_3_3
Parameters: 0.999999 -0.000454573 -0.000808678 0.000453426 0.999999 -0.000709367 0.000809322 0.000708632 1 0.0134004 0.0222149 0.0514832
FixedParameters: 0 0 0

#Transform 90
Transform: AffineTransform_float_3_3
Parameters: 0.999999 -0.000454322 -0.000808818 0.000453678 1 -0.000398367 0.00080918 0.000397632 0.999999 0.0115128 0.0327404 0.0525369
FixedParameters: 0 0 0

#Transform 91
Transform: AffineTransform_float_3_3
Parameters: 1 -0.000326385 -0.000966871 0.000325615 1 -0.000398315 0.000967131 0.000397685 1 0.00797516 0.0238606 0.0604218
FixedParameters: 0 0 0

#Transform 92
Transform: AffineTransform_float_3_3
Parameters: 0.999999 -0.000454256 -0.000808855 0.000453743 1 -0.000317367 0.000809143 0.000316632 0.999999 0.0130037 0.0324335 0.0614742
FixedParameters: 0 0 0

#Transform 93
Transform: AffineTransform_float_3_3
Parameters: 0.999999 -0.000454318 -0.000799819 0.000453681 1 -0.000398363 0.00080018 0.000397636 0.999999 0.00535192 0.0279952 0.0885745
FixedParameters: 0 0 0

#Transform 94
Transform: AffineTransform_float_3_3
Parameters: 1 -0.000172216 -0.000541931 0.000171784 1 -0.000398093 0.000542068 0.000397907 1 0.00500932 0.0283532 0.0889485
FixedParameters: 0 0 0

#Transform 95
Transform: AffineTransform_float_3_3
Parameters: 1 -0.000240314 -0.000498848 0.000239685 1 -0.000630119 0.000499151 0.00062988 0.999999 -0.00373705 0.0335937 0.0866155
FixedParameters: 0 0 0

#Transform 96
Transform: AffineTransform_float_3_3
Parameters: 1 -7.36532e-06 -0.000613995 6.63467e-06 1 -0.000595004 0.000614004 0.000594995 0.999999 -0.0035002 0.0330498 0.0868029
FixedParameters: 0 0 0

#Transform 97
Transform: AffineTransform_float_3_3
Parameters: 1 -0.000255243 -0.000394843 0.000254757 1 -0.0006141 0.000395157 0.000614899 0.999999 0.00133974 0.0332361 0.0868601
FixedParameters: 0 0 0

#Transform 98
Transform: AffineTransform_float_3_3
Parameters: 0.999999 -0.000454379 -0.00072076 0.00045362 1 -0.000526327 0.000721238 0.000525672 0.999999 0.00355659 0.0308909 0.10668
FixedParameters: 0 0 0

#Transform 99
Transform: AffineTransform_float_3_3
Parameters: 0.999999 -0.000454324 -0.000815818 0.000453675 1 -0.00039837 0.00081618 0.000397629 0.999999 0.00567657 0.0312873 0.11889
FixedParameters: 0 0 0

#Transform 100
Transform: AffineTransform_float_3_3
Parameters: 1 -0.000454395 -0.000815781 0.000453606 1 -0.00048337 0.00081622 0.000483629 0.999999 0.00578485 0.0299685 0.11227
FixedParameters: 0 0 0

#Transform 101
Transform: AffineTransform_float_3_3
Parameters: 0.999999 -0.000333324 -0.000815867 0.000332675 1 -0.000398271 0.000816132 0.000397728 0.999999 0.00443128 0.0434392 0.118878
FixedParameters: 0 0 0

#Transform 102
Transform: AffineTransform_float_3_3
Parameters: 0.999999 -0.000454301 -0.000757819 0.000453698 1 -0.000398344 0.00075718 0.000397656 0.999999 0.00432953 0.0480953 0.107321
FixedParameters: 0 0 0

#Transform 103
Transform: AffineTransform_float_3_3
Parameters: 0.999999 -0.000238575 -0.000815832 0.000237424 0.999999 -0.000705194 0.000816168 0.000704806 1 0.00349692 0.0353095 0.0891045
FixedParameters: 0 0 0

#Transform 104
Transform: AffineTransform_float_3_3
Parameters: 1 -0.000203748 -0.00116187 0.000203252 1 -0.000644237 0.00116213 0.000643764 0.999999 0.0111731 0.0440439 0.0756336
FixedParameters: 0 0 0

#Transform 105
Transform: AffineTransform_float_3_3
Parameters: 0.999999 -0.000454404 -0.00122185 0.000453596 1 -0.000330555 0.00122215 0.000330445 0.999999 0.0151022 0.0358737 0.0786665
FixedParameters: 0 0 0

#Transform 106
Transform: AffineTransform_float_3_3
Parameters: 1 -0.000454441 -0.000810753 0.000453559 0.999999 -0.000544368 0.000811247 0.000543631 0.999999 0.00565775 0.031315 0.105442
FixedParameters: 0 0 0

#Transform 107
Transform: AffineTransform_float_3_3
Parameters: 0.999999 -0.000387778 -0.00122175 0.000387221 0.999999 -0.000637473 0.00122225 0.000636526 0.999999 0.0143939 0.0336238 0.0882351
FixedParameters: 0 0 0

#Transform 108
Transform: AffineTransform_float_3_3
Parameters: 0.999999 -0.000454855 -0.00122168 0.000453145 0.999999 -0.000699554 0.00122232 0.000699444 0.999999 0.0231213 0.0349047 0.109994
FixedParameters: 0 0 0

#Transform 109
Transform: AffineTransform_float_3_3
Parameters: 0.999999 -0.000454916 -0.00122166 0.000453083 0.999999 -0.000750554 0.00122234 0.000749444 0.999999 0.0291678 0.0443258 0.115965
FixedParameters: 0 0 0

#Transform 110
Transform: AffineTransform_float_3_3
Parameters: 1 -0.00033193 -0.00108172 0.00033107 0.999999 -0.000859358 0.00108229 0.000859641 0.999999 0.0105596 0.0543413 0.124588
FixedParameters: 0 0 0

#Transform 111
Transform: AffineTransform_float_3_3
Parameters: 0.999999 -0.000454855 -0.00122168 0.000453145 0.999999 -0.000699554 0.00122232 0.000699444 0.999999 0.0150693 0.0349011 0.109983
FixedParameters: 0 0 0

#Transform 112
Transform: AffineTransform_float_3_3
Parameters: 0.999999 -0.000454855 -0.00122168 0.000453145 0.999999 -0.000699554 0.00122232 0.000699444 0.999999 0.0150674 0.0392131 0.109986
FixedParameters: 0 0 0

#Transform 113
Transform: AffineTransform_float_3_3
Parameters: 0.999999 -0.000455178 -0.00122156 0.000453824 1 -0.000963555 0.00122144 0.000963445 0.999999 0.0170953 0.0409533 0.112725
FixedParameters: 0 0 0

#Transform 114
Transform: AffineTransform_float_3_3
Parameters: 0.999999 -0.000454855 -0.00122168 0.000453145 0.999999 -0.000699554 0.00122232 0.000699444 0.999999 0.0150693 0.0349011 0.109983
FixedParameters: 0 0 0

#Transform 115
Transform: AffineTransform_float_3_3
Parameters: 0.999999 -0.000455384 -0.00127451 0.000453615 1 -0.00108658 0.00127549 0.00108542 0.999998 0.0162991 0.0480341 0.105997
FixedParameters: 0 0 0

#Transform 116
Transform: AffineTransform_float_3_3
Parameters: 0.999999 -0.000454855 -0.00122168 0.000453145 0.999999 -0.000699554 0.00122232 0.000699444 0.999999 0.0194033 0.034903 0.109989
FixedParameters: 0 0 0

#Transform 117
Transform: AffineTransform_float_3_3
Parameters: 0.999999 -0.000454978 -0.00122164 0.000454021 0.999999 -0.000801555 0.00122236 0.000800444 0.999999 0.0150887 0.0373122 0.0948533
FixedParameters: 0 0 0

#Transform 118
Transform: AffineTransform_float_3_3
Parameters: 0.999999 -0.000371184 -0.00129266 0.000369817 0.999999 -0.000915478 0.00129234 0.00091552 0.999998 0.0157627 0.0399965 0.130186
FixedParameters: 0 0 0

#Transform 119
Transform: AffineTransform_float_3_3
Parameters: 0.999999 -0.000456185 -0.00122119 0.000453816 0.999999 -0.00178856 0.00122181 0.00178844 0.999997 0.00956371 0.0599015 0.139675
FixedParameters: 0 0 0

#Transform 120
Transform: AffineTransform_float_3_3
Parameters: 0.999999 -0.000454855 -0.00122168 0.000453145 0.999999 -0.000699554 0.00122232 0.000699444 0.999999 0.00811555 0.0348734 0.145014
FixedParameters: 0 0 0

#Transform 121
Transform: AffineTransform_float_3_3
Parameters: 0.999999 -0.000454855 -0.00122168 0.000453145 0.999999 -0.000699554 0.00122232 0.000699444 0.999999 0.0080071 0.0349063 0.0979046
FixedParameters: 0 0 0

#Transform 122
Transform: AffineTransform_float_3_3
Parameters: 0.999999 -0.000455254 -0.00127855 0.000453747 1 -0.000980581 0.00127845 0.000980419 0.999998 0.00389402 0.0471894 0.10531
FixedParameters: 0 0 0

#Transform 123
Transform: AffineTransform_float_3_3
Parameters: 0.999999 -0.000383273 -0.0012216 0.000381728 1 -0.00104147 0.0012224 0.00104153 0.999998 0.014273 0.0427707 0.116233
FixedParameters: 0 0 0

#Transform 124
Transform: AffineTransform_float_3_3
Parameters: 0.999999 -0.000454855 -0.00122168 0.000453145 0.999999 -0.000699554 0.00122232 0.000699444 0.999999 0.00820418 0.0524193 0.128158
FixedParameters: 0 0 0

#Transform 125
Transform: AffineTransform_float_3_3
Parameters: 0.999999 -0.000454855 -0.00122168 0.000453145 0.999999 -0.000699554 0.00122232 0.000699444 0.999999 0.00465647 0.0348896 0.119699
FixedParameters: 0 0 0

#Transform 126
Transform: AffineTransform_float_3_3
Parameters: 0.999998 -0.000529408 -0.00161754 0.000527591 0.999999 -0.000870854 0.00161846 0.000870144 0.999999 0.0248302 0.054971 0.14249
FixedParameters: 0 0 0

#Transform 127
Transform: AffineTransform_float_3_3
Parameters: 0.999999 -0.000588855 -0.00122159 0.000588145 0.999999 -0.000699719 0.00122241 0.000699281 0.999999 0.00907204 0.0634315 0.175892
FixedParameters: 0 0 0

#Transform 128
Transform: AffineTransform_float_3_3
Parameters: 0.999999 -0.000454855 -0.00122168 0.000453145 0.999999 -0.000699554 0.00122232 0.000699444 0.999999 0.0150159 0.0589197 0.144779
FixedParameters: 0 0 0

#Transform 129
Transform: AffineTransform_float_3_3
Parameters: 0.999999 -0.000455249 -0.00122154 0.000453752 1 -0.00102256 0.00122146 0.00102144 0.999998 0.0150242 0.0585293 0.128331
FixedParameters: 0 0 0

#Transform 130
Transform: AffineTransform_float_3_3
Parameters: 0.999999 -0.000455056 -0.00122161 0.000453942 0.999999 -0.000865555 0.00122239 0.000864444 0.999999 0.0150213 0.0603525 0.143146
FixedParameters: 0 0 0

#Transform 131
Transform: AffineTransform_float_3_3
Parameters: 0.999999 -0.000505984 -0.00140665 0.000505016 0.999999 -0.000699711 0.00140635 0.000699289 0.999999 0.0196673 0.0689375 0.160448
FixedParameters: 0 0 0

#Transform 132
Transform: AffineTransform_float_3_3
Parameters: 0.999999 -0.000455294 -0.00144259 0.000453707 1 -0.000896656 0.00144341 0.000896344 0.999998 0.0200683 0.0556574 0.156362
FixedParameters: 0 0 0

#Transform 133
Transform: AffineTransform_float_3_3
Parameters: 0.999998 -0.000455719 -0.00154649 0.000453282 1 -0.0011117 0.0015465 0.0011113 0.999998 0.0224441 0.0605595 0.144493
FixedParameters: 0 0 0

#Transform 134
Transform: AffineTransform_float_3_3
Parameters: 0.999998 -0.000455812 -0.00162949 0.000453188 1 -0.00111174 0.0016305 0.00111126 0.999998 0.0286885 0.0605448 0.150403
FixedParameters: 0 0 0

#Transform 135
Transform: AffineTransform_float_3_3
Parameters: 0.999998 -0.000402855 -0.00166855 0.000401145 1 -0.00111167 0.00166945 0.00111133 0.999998 0.0246864 0.0606562 0.152044
FixedParameters: 0 0 0

#Transform 136
Transform: AffineTransform_float_3_3
Parameters: 0.999998 -0.00045527 -0.00163165 0.00045373 0.999999 -0.000778741 0.00163135 0.000778258 0.999999 0.0243742 0.0530079 0.143337
FixedParameters: 0 0 0

#Transform 137
Transform: AffineTransform_float_3_3
Parameters: 0.999998 -0.000456409 -0.00163133 0.000453591 0.999999 -0.00147674 0.00163167 0.00147626 0.999997 0.0243907 0.0422734 0.13624
FixedParameters: 0 0 0

#Transform 138
Transform: AffineTransform_float_3_3
Parameters: 0.999998 -0.000455569 -0.00163156 0.000453432 1 -0.000961742 0.00163144 0.000961259 0.999998 0.0243753 0.0571181 0.141524
FixedParameters: 0 0 0

#Transform 139
Transform: AffineTransform_float_3_3
Parameters: 0.999999 -0.000365645 -0.00170965 0.000364357 1 -0.000961625 0.00170935 0.000961377 0.999998 0.025288 0.0572654 0.141391
FixedParameters: 0 0 0

#Transform 140
Transform: AffineTransform_float_3_3
Parameters: 0.999998 -0.000455569 -0.00163156 0.000453432 1 -0.000961742 0.00163144 0.000961259 0.999998 0.0309038 0.0570802 0.184113
FixedParameters: 0 0 0

#Transform 141
Transform: AffineTransform_float_3_3
Parameters: 0.999998 -0.000455659 -0.00155351 0.000453342 1 -0.00106771 0.00155348 0.00106729 0.999998 0.0225412 0.0595239 0.183116
FixedParameters: 0 0 0

#Transform 142
Transform: AffineTransform_float_3_3
Parameters: 0.999998 -0.000456169 -0.00163139 0.000453831 0.999999 -0.00132974 0.0016316 0.00132926 0.999998 0.0243456 0.065646 0.16043
FixedParameters: 0 0 0

#Transform 143
Transform: AffineTransform_float_3_3
Parameters: 0.999999 -0.000455873 -0.00173251 0.000453127 1 -0.00108179 0.00173249 0.00108021 0.999998 0.026731 0.0597738 0.18278
FixedParameters: 0 0 0

#Transform 144
Transform: AffineTransform_float_3_3
Parameters: 0.999998 -0.000455569 -0.00163156 0.000453432 1 -0.000961742 0.00163144 0.000961259 0.999998 0.0243231 0.0570874 0.1735
FixedParameters: 0 0 0

#Transform 145
Transform: AffineTransform_float_3_3
Parameters: 0.999998 -0.000455868 -0.00194256 0.000453132 1 -0.000961882 0.00194344 0.000961116 0.999997 0.0316087 0.0570744 0.149823
FixedParameters: 0 0 0

#Transform 146
Transform: AffineTransform_float_3_3
Parameters: 0.999999 -0.000455623 -0.00168756 0.000453378 1 -0.000961767 0.00168744 0.000961233 0.999998 0.025666 0.0782923 0.191938
FixedParameters: 0 0 0

#Transform 147
Transform: AffineTransform_float_3_3
Parameters: 0.999998 -0.000455569 -0.00163156 0.000453432 1 -0.000961742 0.00163144 0.000961259 0.999998 0.0243034 0.0723238 0.181331
FixedParameters: 0 0 0

#Transform 148
Transform: AffineTransform_float_3_3
Parameters: 0.999999 -0.000455669 -0.00173456 0.000453332 1 -0.000961788 0.00173544 0.000961211 0.999998 0.0267888 0.0570744 0.178763
FixedParameters: 0 0 0

#Transform 149
Transform: AffineTransform_float_3_3
Parameters: 0.999999 -0.000456413 -0.00173337 0.000453587 0.999999 -0.00139279 0.00173363 0.00139121 0.999997 0.026761 0.0670203 0.16145
FixedParameters: 0 0 0

#Transform 150
Transform: AffineTransform_float_3_3
Parameters: 0.999998 -0.000538243 -0.00188236 0.000536756 0.999999 -0.00119201 0.00188364 0.00119099 0.999998 0.0342572 0.0623289 0.190162
FixedParameters: 0 0 0

#Transform 151
Transform: AffineTransform_float_3_3
Parameters: 0.999998 -0.000455535 -0.00163157 0.000453464 1 -0.000941742 0.00163143 0.000940259 0.999998 0.0222232 0.0691422 0.19831
FixedParameters: 0 0 0

#Transform 152
Transform: AffineTransform_float_3_3
Parameters: 0.999998 -0.000456567 -0.00229849 0.000453434 1 -0.00111705 0.00229851 0.00111595 0.999996 0.0397367 0.060619 0.176358
FixedParameters: 0 0 0

#Transform 153
Transform: AffineTransform_float_3_3
Parameters: 0.999998 -0.000455664 -0.00181558 0.000453335 0.999999 -0.000916824 0.00181642 0.000916173 0.999998 0.0286669 0.0561404 0.163254
FixedParameters: 0 0 0

#Transform 154
Transform: AffineTransform_float_3_3
Parameters: 0.999997 -0.000561259 -0.0021024 0.000559741 1 -0.00107518 0.0021026 0.00107382 0.999997 0.0360824 0.059537 0.185249
FixedParameters: 0 0 0

#Transform 155
Transform: AffineTransform_float_3_3
Parameters: 0.999998 -0.000456198 -0.00157937 0.000453801 0.999999 -0.00139272 0.00157963 0.00139128 0.999998 0.023136 0.044844 0.18344
FixedParameters: 0 0 0

#Transform 156
Transform: AffineTransform_float_3_3
Parameters: 0.999999 -0.000455854 -0.00170251 0.000453148 1 -0.00108877 0.0017025 0.00108823 0.999998 0.0260296 0.0599956 0.172898
FixedParameters: 0 0 0

#Transform 157
Transform: AffineTransform_float_3_3
Parameters: 0.999998 -0.000456198 -0.00157937 0.000453801 0.999999 -0.00139272 0.00157963 0.00139128 0.999998 0.0231473 0.0670318 0.16996
FixedParameters: 0 0 0

#Transform 158
Transform: AffineTransform_float_3_3
Parameters: 0.999999 -0.000455538 -0.00167758 0.000453463 1 -0.000916763 0.00167842 0.000916237 0.999998 0.0254743 0.0600532 0.191141
FixedParameters: 0 0 0

#Transform 159
Transform: AffineTransform_float_3_3
Parameters: 0.999998 -0.00045601 -0.00157942 0.000453989 0.999999 -0.00127272 0.00158058 0.00127228 0.999998 0.0199997 0.0642587 0.205926
FixedParameters: 0 0 0

#Transform 160
Transform: AffineTransform_float_3_3
Parameters: 0.999998 -0.000455611 -0.00157954 0.000453389 1 -0.00101972 0.00158046 0.00101928 0.999998 0.0125828 0.0583742 0.194889
FixedParameters: 0 0 0

#Transform 161
Transform: AffineTransform_float_3_3
Parameters: 0.999999 -0.000708085 -0.00172214 0.000705915 0.999999 -0.00121122 0.00172286 0.00120978 0.999998 0.00911402 0.0625131 0.169103
FixedParameters: 0 0 0

#Transform 162
Transform: AffineTransform_float_3_3
Parameters: 0.999999 -0.000769199 -0.00157893 0.0007668 0.999998 -0.00139321 0.00158007 0.00139179 0.999998 0.0098792 0.0805905 0.189573
FixedParameters: 0 0 0

#Transform 163
Transform: AffineTransform_float_3_3
Parameters: 0.999998 -0.000571489 -0.00200929 0.000568511 0.999999 -0.00123915 0.00200971 0.00123785 0.999997 0.01764 0.0742594 0.206767
FixedParameters: 0 0 0

#Transform 164
Transform: AffineTransform_float_3_3
Parameters: 0.999998 -0.000455794 -0.00195758 0.000453203 0.999999 -0.000917888 0.00195842 0.000916108 0.999997 0.0153099 0.0560151 0.222787
FixedParameters: 0 0 0

#Transform 165
Transform: AffineTransform_float_3_3
Parameters: 0.999997 -0.000891333 -0.00200897 0.000888665 0.999999 -0.00116279 0.00201003 0.00116021 0.999998 0.0208524 0.0610905 0.210514
FixedParameters: 0 0 0

#Transform 166
Transform: AffineTransform_float_3_3
Parameters: 0.999998 -0.000891989 -0.00214676 0.000889008 0.999998 -0.00139391 0.00214824 0.00139109 0.999996 0.0241294 0.0828759 0.217694
FixedParameters: 0 0 0

#Transform 167
Transform: AffineTransform_float_3_3
Parameters: 0.999997 -0.000733237 -0.00200918 0.000730762 0.999999 -0.00111447 0.00200981 0.00111253 0.999998 0.0191615 0.0849504 0.220784
FixedParameters: 0 0 0

#Transform 168
Transform: AffineTransform_float_3_3
Parameters: 0.999997 -0.000891518 -0.00200888 0.000888483 0.999999 -0.00125379 0.00200911 0.00125221 0.999997 0.0208166 0.0871806 0.219261
FixedParameters: 0 0 0

#Transform 169
Transform: AffineTransform_float_3_3
Parameters: 0.999998 -0.000892004 -0.00215776 0.000888993 0.999998 -0.00139392 0.00215924 0.00139108 0.999996 0.0277204 0.0855001 0.217688
FixedParameters: 0 0 0

#Transform 170
Transform: AffineTransform_float_3_3
Parameters: 0.999996 -0.00089264 -0.00241466 0.00088836 0.999999 -0.00150815 0.00241634 0.00150585 0.999996 0.030256 0.062338 0.212038
FixedParameters: 0 0 0

#Transform 171
Transform: AffineTransform_float_3_3
Parameters: 0.999997 -0.000776666 -0.00241482 0.000773333 0.999998 -0.00151887 0.00241618 0.00151713 0.999996 0.0291195 0.0672717 0.18443
FixedParameters: 0 0 0

#Transform 172
Transform: AffineTransform_float_3_3
Parameters: 0.999996 -0.000702898 -0.00247389 0.000699105 0.999999 -0.00157574 0.0024741 0.00157427 0.999995 0.029542 0.0685323 0.215315
FixedParameters: 0 0 0

#Transform 173
Transform: AffineTransform_float_3_3
Parameters: 0.999996 -0.000892874 -0.00241457 0.000888125 0.999999 -0.00160515 0.00241643 0.00160285 0.999996 0.0373676 0.068906 0.215165
FixedParameters: 0 0 0

#Transform 174
Transform: AffineTransform_float_3_3
Parameters: 0.999997 -0.000892638 -0.00234762 0.000888362 0.999999 -0.00155009 0.00234938 0.00154791 0.999996 0.0287097 0.0676736 0.21585
FixedParameters: 0 0 0

#Transform 175
Transform: AffineTransform_float_3_3
Parameters: 0.999997 -0.000743906 -0.00199792 0.000741094 0.999998 -0.00145448 0.00199908 0.00145352 0.999997 0.0190853 0.065802 0.226837
FixedParameters: 0 0 0

#Transform 176
Transform: AffineTransform_float_3_3
Parameters: 0.999996 -0.000892602 -0.00243868 0.000888396 0.999998 -0.00147817 0.00244031 0.00147583 0.999996 0.0343444 0.0660747 0.228262
FixedParameters: 0 0 0

#Transform 177
Transform: AffineTransform_float_3_3
Parameters: 0.999998 -0.000892355 -0.00216062 0.000888647 0.999999 -0.00155293 0.00216138 0.00155108 0.999997 0.0243083 0.0754706 0.258372
FixedParameters: 0 0 0

#Transform 178
Transform: AffineTransform_float_3_3
Parameters: 0.999996 -0.000759396 -0.00243894 0.000755602 0.999998 -0.00139385 0.00244005 0.00139115 0.999996 0.0293112 0.0851708 0.266839
FixedParameters: 0 0 0

#Transform 179
Transform: AffineTransform_float_3_3
Parameters: 0.999997 -0.000556835 -0.00236934 0.000554165 0.999999 -0.00119732 0.00236967 0.00119568 0.999997 0.0236904 0.085381 0.260723
FixedParameters: 0 0 0
