# transform file /out/sourcedata/freesurfer/sub-v2s12x28896_ses-1/mri/transforms/cc_up.lta
# created by oesteban on Wed Mar 11 04:20:33 2026

type      = 0 # LINEAR_VOX_TO_VOX
nxforms   = 1
mean      = 131.0000 109.0000 125.0000
sigma     = 10000.0000
1 4 4
9.993945956230164e-01 3.137880191206932e-02 1.503236033022404e-02 -8.173692703247070e+00 
-3.137525543570518e-02 9.995076060295105e-01 -4.719298740383238e-04 4.022974014282227e+01 
-1.503976620733738e-02 2.910383392618066e-11 9.998869299888611e-01 6.991905212402344e+00 
0.000000000000000e+00 0.000000000000000e+00 0.000000000000000e+00 1.000000000000000e+00 
src volume info
valid = 1  # volume info valid
filename = /out/sourcedata/freesurfer/sub-v2s12x28896_ses-1/mri/norm.mgz
volume = 256 256 256
voxelsize = 1.000000000000000e+00 1.000000000000000e+00 1.000000000000000e+00
xras   = -1.000000000000000e+00 0.000000000000000e+00 0.000000000000000e+00
yras   = 0.000000000000000e+00 0.000000000000000e+00 -1.000000000000000e+00
zras   = 0.000000000000000e+00 1.000000000000000e+00 0.000000000000000e+00
cras   = 5.187202453613281e+00 5.000000000000000e-01 1.878100585937500e+01
dst volume info
valid = 1  # volume info valid
filename = /out/sourcedata/freesurfer/sub-v2s12x28896_ses-1/mri/norm.mgz
volume = 256 256 256
voxelsize = 1.000000000000000e+00 1.000000000000000e+00 1.000000000000000e+00
xras   = -1.000000000000000e+00 0.000000000000000e+00 0.000000000000000e+00
yras   = 0.000000000000000e+00 0.000000000000000e+00 -1.000000000000000e+00
zras   = 0.000000000000000e+00 1.000000000000000e+00 0.000000000000000e+00
cras   = 5.187202453613281e+00 5.000000000000000e-01 1.878100585937500e+01
