# transform file /out/sourcedata/freesurfer/sub-v2s12x28865_ses-1/mri/transforms/cc_up.lta
# created by oesteban on Tue Mar 10 23:38:56 2026

type      = 0 # LINEAR_VOX_TO_VOX
nxforms   = 1
mean      = 129.0000 105.0000 124.0000
sigma     = 10000.0000
1 4 4
9.997283816337585e-01 2.115281065925956e-03 2.321357652544975e-02 -3.683493375778198e+00 
-2.114711096510291e-03 9.999978542327881e-01 -4.910334610030986e-05 3.927834701538086e+01 
-2.321362867951393e-02 -3.637979240772582e-12 9.997305870056152e-01 2.202392768859863e+01 
0.000000000000000e+00 0.000000000000000e+00 0.000000000000000e+00 1.000000000000000e+00 
src volume info
valid = 1  # volume info valid
filename = /out/sourcedata/freesurfer/sub-v2s12x28865_ses-1/mri/norm.mgz
volume = 256 256 256
voxelsize = 1.000000000000000e+00 1.000000000000000e+00 1.000000000000000e+00
xras   = -1.000000000000000e+00 0.000000000000000e+00 0.000000000000000e+00
yras   = 0.000000000000000e+00 0.000000000000000e+00 -1.000000000000000e+00
zras   = 0.000000000000000e+00 1.000000000000000e+00 0.000000000000000e+00
cras   = 2.140403747558594e+00 5.188003540039062e+00 -4.421997070312500e+00
dst volume info
valid = 1  # volume info valid
filename = /out/sourcedata/freesurfer/sub-v2s12x28865_ses-1/mri/norm.mgz
volume = 256 256 256
voxelsize = 1.000000000000000e+00 1.000000000000000e+00 1.000000000000000e+00
xras   = -1.000000000000000e+00 0.000000000000000e+00 0.000000000000000e+00
yras   = 0.000000000000000e+00 0.000000000000000e+00 -1.000000000000000e+00
zras   = 0.000000000000000e+00 1.000000000000000e+00 0.000000000000000e+00
cras   = 2.140403747558594e+00 5.188003540039062e+00 -4.421997070312500e+00
