# transform file /out/sourcedata/freesurfer/sub-v2s12x28856_ses-1/mri/transforms/cc_up.lta
# created by oesteban on Wed Mar 11 00:07:12 2026

type      = 0 # LINEAR_VOX_TO_VOX
nxforms   = 1
mean      = 126.0000 93.0000 134.0000
sigma     = 10000.0000
1 4 4
9.981521368026733e-01 -2.004480687901378e-03 -6.073281168937683e-02 8.913893699645996e+00 
2.000780543312430e-03 9.999980330467224e-01 -1.217379831359722e-04 5.376114273071289e+01 
6.073293462395668e-02 0.000000000000000e+00 9.981541037559509e-01 -3.484186172485352e+00 
0.000000000000000e+00 0.000000000000000e+00 0.000000000000000e+00 1.000000000000000e+00 
src volume info
valid = 1  # volume info valid
filename = /out/sourcedata/freesurfer/sub-v2s12x28856_ses-1/mri/norm.mgz
volume = 256 256 256
voxelsize = 1.000000000000000e+00 1.000000000000000e+00 1.000000000000000e+00
xras   = -1.000000000000000e+00 0.000000000000000e+00 0.000000000000000e+00
yras   = 0.000000000000000e+00 0.000000000000000e+00 -1.000000000000000e+00
zras   = 0.000000000000000e+00 1.000000000000000e+00 0.000000000000000e+00
cras   = 2.374702453613281e+00 -6.719970703125000e-01 -1.825000000000000e+01
dst volume info
valid = 1  # volume info valid
filename = /out/sourcedata/freesurfer/sub-v2s12x28856_ses-1/mri/norm.mgz
volume = 256 256 256
voxelsize = 1.000000000000000e+00 1.000000000000000e+00 1.000000000000000e+00
xras   = -1.000000000000000e+00 0.000000000000000e+00 0.000000000000000e+00
yras   = 0.000000000000000e+00 0.000000000000000e+00 -1.000000000000000e+00
zras   = 0.000000000000000e+00 1.000000000000000e+00 0.000000000000000e+00
cras   = 2.374702453613281e+00 -6.719970703125000e-01 -1.825000000000000e+01
