# transform file /out/sourcedata/freesurfer/sub-v2s12x28870_ses-1/mri/transforms/cc_up.lta
# created by oesteban on Wed Mar 11 00:08:36 2026

type      = 0 # LINEAR_VOX_TO_VOX
nxforms   = 1
mean      = 126.0000 103.0000 124.0000
sigma     = 10000.0000
1 4 4
9.986773133277893e-01 -4.671905562281609e-02 -2.147786691784859e-02 9.460475921630859e+00 
4.670825600624084e-02 9.989082217216492e-01 -1.004522317089140e-03 3.331182861328125e+01 
2.150134555995464e-02 0.000000000000000e+00 9.997689723968506e-01 7.309525012969971e+00 
0.000000000000000e+00 0.000000000000000e+00 0.000000000000000e+00 1.000000000000000e+00 
src volume info
valid = 1  # volume info valid
filename = /out/sourcedata/freesurfer/sub-v2s12x28870_ses-1/mri/norm.mgz
volume = 256 256 256
voxelsize = 1.000000000000000e+00 1.000000000000000e+00 1.000000000000000e+00
xras   = -1.000000000000000e+00 0.000000000000000e+00 0.000000000000000e+00
yras   = 0.000000000000000e+00 0.000000000000000e+00 -1.000000000000000e+00
zras   = 0.000000000000000e+00 1.000000000000000e+00 0.000000000000000e+00
cras   = -2.312797546386719e+00 5.000000000000000e-01 -6.375000000000000e+00
dst volume info
valid = 1  # volume info valid
filename = /out/sourcedata/freesurfer/sub-v2s12x28870_ses-1/mri/norm.mgz
volume = 256 256 256
voxelsize = 1.000000000000000e+00 1.000000000000000e+00 1.000000000000000e+00
xras   = -1.000000000000000e+00 0.000000000000000e+00 0.000000000000000e+00
yras   = 0.000000000000000e+00 0.000000000000000e+00 -1.000000000000000e+00
zras   = 0.000000000000000e+00 1.000000000000000e+00 0.000000000000000e+00
cras   = -2.312797546386719e+00 5.000000000000000e-01 -6.375000000000000e+00
