# transform file /out/sourcedata/freesurfer/sub-v2s12x28874_ses-1/mri/transforms/cc_up.lta
# created by oesteban on Wed Mar 11 00:13:51 2026

type      = 0 # LINEAR_VOX_TO_VOX
nxforms   = 1
mean      = 128.0000 93.0000 139.0000
sigma     = 10000.0000
1 4 4
9.997185468673706e-01 4.898120532743633e-04 -2.371895126998425e-02 3.867384195327759e+00 
-4.896742757409811e-04 9.999998807907104e-01 1.161782984127058e-05 5.306129074096680e+01 
2.371895313262939e-02 0.000000000000000e+00 9.997186660766602e-01 -6.004843235015869e+00 
0.000000000000000e+00 0.000000000000000e+00 0.000000000000000e+00 1.000000000000000e+00 
src volume info
valid = 1  # volume info valid
filename = /out/sourcedata/freesurfer/sub-v2s12x28874_ses-1/mri/norm.mgz
volume = 256 256 256
voxelsize = 1.000000000000000e+00 1.000000000000000e+00 1.000000000000000e+00
xras   = -1.000000000000000e+00 0.000000000000000e+00 0.000000000000000e+00
yras   = 0.000000000000000e+00 0.000000000000000e+00 -1.000000000000000e+00
zras   = 0.000000000000000e+00 1.000000000000000e+00 0.000000000000000e+00
cras   = 1.437202453613281e+00 5.000000000000000e-01 -1.590699768066406e+01
dst volume info
valid = 1  # volume info valid
filename = /out/sourcedata/freesurfer/sub-v2s12x28874_ses-1/mri/norm.mgz
volume = 256 256 256
voxelsize = 1.000000000000000e+00 1.000000000000000e+00 1.000000000000000e+00
xras   = -1.000000000000000e+00 0.000000000000000e+00 0.000000000000000e+00
yras   = 0.000000000000000e+00 0.000000000000000e+00 -1.000000000000000e+00
zras   = 0.000000000000000e+00 1.000000000000000e+00 0.000000000000000e+00
cras   = 1.437202453613281e+00 5.000000000000000e-01 -1.590699768066406e+01
