# transform file /out/sourcedata/freesurfer/sub-v2s12x28867_ses-1/mri/transforms/cc_up.lta
# created by oesteban on Wed Mar 11 00:09:47 2026

type      = 0 # LINEAR_VOX_TO_VOX
nxforms   = 1
mean      = 128.0000 118.0000 129.0000
sigma     = 10000.0000
1 4 4
9.988490343093872e-01 -4.646542668342590e-02 1.190579403191805e-02 4.020305156707764e+00 
4.646212607622147e-02 9.989199638366699e-01 5.538059049285948e-04 2.312595939636230e+01 
-1.191866677254438e-02 0.000000000000000e+00 9.999290704727173e-01 6.525531768798828e+00 
0.000000000000000e+00 0.000000000000000e+00 0.000000000000000e+00 1.000000000000000e+00 
src volume info
valid = 1  # volume info valid
filename = /out/sourcedata/freesurfer/sub-v2s12x28867_ses-1/mri/norm.mgz
volume = 256 256 256
voxelsize = 1.000000000000000e+00 1.000000000000000e+00 1.000000000000000e+00
xras   = -1.000000000000000e+00 0.000000000000000e+00 0.000000000000000e+00
yras   = 0.000000000000000e+00 0.000000000000000e+00 -1.000000000000000e+00
zras   = 0.000000000000000e+00 1.000000000000000e+00 0.000000000000000e+00
cras   = 5.655998229980469e+00 6.119995117187500e-01 2.206199645996094e+01
dst volume info
valid = 1  # volume info valid
filename = /out/sourcedata/freesurfer/sub-v2s12x28867_ses-1/mri/norm.mgz
volume = 256 256 256
voxelsize = 1.000000000000000e+00 1.000000000000000e+00 1.000000000000000e+00
xras   = -1.000000000000000e+00 0.000000000000000e+00 0.000000000000000e+00
yras   = 0.000000000000000e+00 0.000000000000000e+00 -1.000000000000000e+00
zras   = 0.000000000000000e+00 1.000000000000000e+00 0.000000000000000e+00
cras   = 5.655998229980469e+00 6.119995117187500e-01 2.206199645996094e+01
