#Insight Transform File V1.0
#Transform 0
Transform: AffineTransform_float_3_3
Parameters: 0.999986 -0.00489132 0.00196568 0.00489168 0.999988 -0.000339389 -0.00196432 0.000348613 0.999998 0.089818 -0.000951567 -0.0109238
FixedParameters: 0 0 0

#Transform 1
Transform: AffineTransform_float_3_3
Parameters: 0.999988 -0.00460401 0.00200098 0.00460399 0.99999 9.21261e-06 -0.00200102 2.12721e-07 0.999998 0.0901231 0.00066584 -0.00780686
FixedParameters: 0 0 0

#Transform 2
Transform: AffineTransform_float_3_3
Parameters: 0.999988 -0.00440901 0.00177098 0.00440899 0.999991 7.80834e-06 -0.00177102 -1.91573e-07 0.999999 0.0947061 0.0110524 0.0295195
FixedParameters: 0 0 0

#Transform 3
Transform: AffineTransform_float_3_3
Parameters: 0.999991 -0.00397911 0.0018639 0.00397989 0.999992 -0.000473587 -0.0018621 0.000480414 0.999998 0.0783462 0.0277202 0.00339851
FixedParameters: 0 0 0

#Transform 4
Transform: AffineTransform_float_3_3
Parameters: 0.99999 -0.00397807 0.00177533 0.00397993 0.999992 -0.00108594 -0.00177066 0.00109305 0.999998 0.0708522 0.0422627 -0.0576455
FixedParameters: 0 0 0

#Transform 5
Transform: AffineTransform_float_3_3
Parameters: 0.99999 -0.00338102 0.00288849 0.00338398 0.999993 -0.00102624 -0.00288551 0.00103577 0.999996 0.0541266 0.0244876 -0.0352403
FixedParameters: 0 0 0

#Transform 6
Transform: AffineTransform_float_3_3
Parameters: 0.999989 -0.00354936 0.00307635 0.00355463 0.999992 -0.00150208 -0.00307065 0.00151292 0.999994 0.0471647 -0.00997415 -0.0844066
FixedParameters: 0 0 0

#Transform 7
Transform: AffineTransform_float_3_3
Parameters: 0.999992 -0.00330623 0.00251733 0.00330778 0.999995 -0.000701679 -0.00251566 0.000710323 0.999996 0.0640069 0.0145544 0.0200494
FixedParameters: 0 0 0

#Transform 8
Transform: AffineTransform_float_3_3
Parameters: 0.999993 -0.00308101 0.00221377 0.00308299 0.999995 -0.000895181 -0.00221123 0.000901819 0.999997 0.0701935 0.0160151 -0.0149391
FixedParameters: 0 0 0

#Transform 9
Transform: AffineTransform_float_3_3
Parameters: 0.999993 -0.00308207 0.00183955 0.00308292 0.999995 -0.000500332 -0.00183745 0.000505667 0.999998 0.0736395 -0.0114366 -0.0118788
FixedParameters: 0 0 0

#Transform 10
Transform: AffineTransform_float_3_3
Parameters: 0.999994 -0.00286017 0.00159249 0.00286183 0.999996 -0.000517445 -0.00159051 0.000522552 0.999998 0.0637763 -0.00381804 -0.021025
FixedParameters: 0 0 0

#Transform 11
Transform: AffineTransform_float_3_3
Parameters: 0.999995 -0.00278714 0.00156553 0.00278786 0.999996 -0.000547638 -0.00156347 0.00055136 0.999998 0.0603957 -0.0228175 -0.0120581
FixedParameters: 0 0 0

#Transform 12
Transform: AffineTransform_float_3_3
Parameters: 0.999994 -0.00286572 0.00183999 0.00286728 0.999995 -0.000692728 -0.00183801 0.000697271 0.999998 0.0546909 -0.0160213 -0.00392089
FixedParameters: 0 0 0

#Transform 13
Transform: AffineTransform_float_3_3
Parameters: 0.999997 -0.00211444 0.00112106 0.00211456 0.999997 -0.000499631 -0.00111994 0.000502369 0.999999 0.0567276 -0.043899 -0.0437405
FixedParameters: 0 0 0

#Transform 14
Transform: AffineTransform_float_3_3
Parameters: 0.999999 -0.00156968 0.000773651 0.00157032 0.999998 -0.000413785 -0.000773349 0.000415214 0.999999 0.0509965 -0.002884 -0.0344421
FixedParameters: 0 0 0

#Transform 15
Transform: AffineTransform_float_3_3
Parameters: 1 -0.000388523 -0.000510603 0.000387478 1 -0.0010232 0.000510397 0.0010228 1 0.00380154 0.023347 -0.0347757
FixedParameters: 0 0 0

#Transform 16
Transform: AffineTransform_float_3_3
Parameters: 0.999999 -0.000629649 -0.000421031 0.00062935 0.999998 -0.00154026 0.000421969 0.00153973 0.999998 0.00355549 0.027963 -0.0399569
FixedParameters: 0 0 0

#Transform 17
Transform: AffineTransform_float_3_3
Parameters: 1 -0.000388237 -0.000216576 0.000387764 1 -0.00109308 0.000216424 0.00109292 1 -0.00431922 0.00338818 -0.0147894
FixedParameters: 0 0 0

#Transform 18
Transform: AffineTransform_float_3_3
Parameters: 1 -0.000262076 -0.000216908 0.000261924 1 -0.000350057 0.000217092 0.000349943 1 -0.00553267 0.0153177 0.00510222
FixedParameters: 0 0 0

#Transform 19
Transform: AffineTransform_float_3_3
Parameters: 1 -0.000388123 -0.000326853 0.000387876 1 -0.000378127 0.000327147 0.000377873 1 0.0155582 0.0109078 -0.0245776
FixedParameters: 0 0 0

#Transform 20
Transform: AffineTransform_float_3_3
Parameters: 1 -0.000123011 -0.000216993 0.000122988 1 -5.30267e-05 0.000217007 5.29733e-05 1 0.00248488 0.00385078 -0.00459466
FixedParameters: 0 0 0

#Transform 21
Transform: AffineTransform_float_3_3
Parameters: 1 6.50503e-05 -0.000216985 -6.49496e-05 1 0.000232014 0.000217015 -0.000231986 1 -0.000880928 -0.0177561 0.0242287
FixedParameters: 0 0 0

#Transform 22
Transform: AffineTransform_float_3_3
Parameters: 1 -1.48229e-05 -0.000217012 1.51771e-05 0.999999 0.000815996 0.000216988 -0.000816003 0.999999 -0.0302558 -0.00825984 0.142415
FixedParameters: 0 0 0

#Transform 23
Transform: AffineTransform_float_3_3
Parameters: 1 -5.8796e-05 -0.000217055 5.82039e-05 0.999999 0.000939987 0.000216945 -0.000940012 0.999999 -0.00739214 0.00181549 0.121604
FixedParameters: 0 0 0

#Transform 24
Transform: AffineTransform_float_3_3
Parameters: 0.999999 0.000122335 -0.00124687 -0.000121665 1 0.00107115 0.00124613 -0.00107085 0.999998 0.00822923 0.0161891 0.105471
FixedParameters: 0 0 0

#Transform 25
Transform: AffineTransform_float_3_3
Parameters: 0.999999 0.000814546 -0.00163323 -0.000812456 0.999999 0.000946329 0.00163377 -0.000945671 0.999998 0.00557338 0.00621765 0.0610506
FixedParameters: 0 0 0

#Transform 26
Transform: AffineTransform_float_3_3
Parameters: 0.999999 0.000394062 -0.00140526 -0.000394938 0.999999 -0.000667445 0.00140474 0.000667554 0.999999 -0.0103467 0.028321 -0.0697626
FixedParameters: 0 0 0

#Transform 27
Transform: AffineTransform_float_3_3
Parameters: 0.999997 0.000132681 0.00212996 -0.00013232 1 -0.000319282 -0.00213004 0.000319718 0.999997 -0.0747215 0.0464369 0.0209025
FixedParameters: 0 0 0

#Transform 28
Transform: AffineTransform_float_3_3
Parameters: 0.999994 0.000708206 0.00337133 -0.000704793 1 -0.000952382 -0.00337167 0.000949618 0.999994 -0.127442 0.0405892 0.0324846
FixedParameters: 0 0 0

#Transform 29
Transform: AffineTransform_float_3_3
Parameters: 0.999996 0.00143576 0.00235192 -0.00143424 0.999998 -0.000751376 -0.00235308 0.000747624 0.999997 -0.145818 0.069725 0.065554
FixedParameters: 0 0 0

#Transform 30
Transform: AffineTransform_float_3_3
Parameters: 0.999997 0.00184074 0.0016881 -0.00183825 0.999998 -0.00103511 -0.0016899 0.00103189 0.999998 -0.114459 0.0760377 0.0761194
FixedParameters: 0 0 0

#Transform 31
Transform: AffineTransform_float_3_3
Parameters: 0.999996 0.0021721 0.00180247 -0.0021699 0.999997 -0.00116592 -0.00180453 0.00116208 0.999997 -0.105056 0.0783051 0.0176102
FixedParameters: 0 0 0

#Transform 32
Transform: AffineTransform_float_3_3
Parameters: 0.999996 0.0025408 0.00122834 -0.0025402 0.999996 -0.000655123 -0.00122966 0.000652878 0.999999 -0.098189 0.0443799 -0.0192456
FixedParameters: 0 0 0

#Transform 33
Transform: AffineTransform_float_3_3
Parameters: 0.999997 0.00239114 0.00110954 -0.00238986 0.999996 -0.00103065 -0.00111246 0.00102834 0.999999 -0.0757343 0.00345347 -0.0571072
FixedParameters: 0 0 0

#Transform 34
Transform: AffineTransform_float_3_3
Parameters: 0.999994 0.00328215 0.000312442 -0.00328185 0.999994 -0.000475028 -0.000314557 0.00047397 1 -0.0801762 -0.0126807 -0.144295
FixedParameters: 0 0 0

#Transform 35
Transform: AffineTransform_float_3_3
Parameters: 0.999994 0.00308847 0.00145027 -0.00309053 0.999994 0.00105652 -0.00144673 -0.00106147 0.999999 -0.0776573 0.029314 -0.112868
FixedParameters: 0 0 0

#Transform 36
Transform: AffineTransform_float_3_3
Parameters: 0.999987 0.00238298 0.00454169 -0.00239002 0.999996 0.00154017 -0.00453731 -0.00155183 0.999989 -0.107784 0.0139534 -0.101182
FixedParameters: 0 0 0

#Transform 37
Transform: AffineTransform_float_3_3
Parameters: 0.999988 0.00257057 0.00420616 -0.00257943 0.999994 0.00200017 -0.00420084 -0.00201082 0.999989 -0.128762 0.0352164 -0.111614
FixedParameters: 0 0 0

#Transform 38
Transform: AffineTransform_float_3_3
Parameters: 0.999989 0.00238528 0.00404379 -0.00238972 0.999997 0.00116235 -0.00404021 -0.00117265 0.999991 -0.11047 0.0588003 -0.182683
FixedParameters: 0 0 0

#Transform 39
Transform: AffineTransform_float_3_3
Parameters: 0.999988 0.00168845 0.00459079 -0.00169656 0.999997 0.00164223 -0.00458821 -0.00164977 0.999988 -0.103222 -0.00560043 -0.24084
FixedParameters: 0 0 0

#Transform 40
Transform: AffineTransform_float_3_3
Parameters: 0.999991 0.00163678 0.0039724 -0.00164422 0.999997 0.00206749 -0.0039686 -0.00207352 0.99999 -0.0657707 -0.0104019 -0.242284
FixedParameters: 0 0 0

#Transform 41
Transform: AffineTransform_float_3_3
Parameters: 0.999976 0.00211921 0.00656772 -0.00214279 0.999991 0.00361701 -0.00656028 -0.00363099 0.999972 -0.0919655 -0.0649 -0.242848
FixedParameters: 0 0 0

#Transform 42
Transform: AffineTransform_float_3_3
Parameters: 0.999981 0.00260959 0.00558065 -0.00262741 0.999991 0.0032944 -0.00557236 -0.0033086 0.999979 -0.073992 -0.0254149 -0.175184
FixedParameters: 0 0 0

#Transform 43
Transform: AffineTransform_float_3_3
Parameters: 0.999983 0.00256042 0.00524809 -0.00258057 0.999989 0.00391752 -0.00523791 -0.00393148 0.999978 -0.085587 -0.0398119 -0.184802
FixedParameters: 0 0 0

#Transform 44
Transform: AffineTransform_float_3_3
Parameters: 0.999982 0.00265776 0.00524932 -0.00268024 0.999988 0.00423401 -0.00523868 -0.004248 0.999978 -0.081661 -0.0459405 -0.205203
FixedParameters: 0 0 0

#Transform 45
Transform: AffineTransform_float_3_3
Parameters: 0.999987 0.00260668 0.00437976 -0.00262332 0.999989 0.00372456 -0.00437025 -0.00373544 0.999984 -0.0616244 -0.00991126 -0.194963
FixedParameters: 0 0 0

#Transform 46
Transform: AffineTransform_float_3_3
Parameters: 0.999986 0.00275879 0.00438152 -0.00277721 0.999988 0.00415589 -0.00437048 -0.00416811 0.999982 -0.0590978 -0.0513614 -0.222767
FixedParameters: 0 0 0

#Transform 47
Transform: AffineTransform_float_3_3
Parameters: 0.999985 0.00269681 0.00476776 -0.00271418 0.99999 0.00360111 -0.00475824 -0.00361489 0.999982 -0.0534355 -0.0307213 -0.229502
FixedParameters: 0 0 0

#Transform 48
Transform: AffineTransform_float_3_3
Parameters: 0.999984 0.00276106 0.00497888 -0.00277694 0.999991 0.00319823 -0.00497013 -0.00321178 0.999983 -0.0633966 -0.022954 -0.241721
FixedParameters: 0 0 0

#Transform 49
Transform: AffineTransform_float_3_3
Parameters: 0.999986 0.00276006 0.00438071 -0.00277693 0.999988 0.00386389 -0.00437028 -0.00387611 0.999983 -0.0510382 -0.0367955 -0.22552
FixedParameters: 0 0 0

#Transform 50
Transform: AffineTransform_float_3_3
Parameters: 0.999987 0.00275904 0.00431354 -0.00277696 0.999988 0.00416308 -0.00430146 -0.00417492 0.999982 -0.0757778 -0.0624176 -0.21034
FixedParameters: 0 0 0

#Transform 51
Transform: AffineTransform_float_3_3
Parameters: 0.999985 0.00315881 0.00461221 -0.0031782 0.999987 0.00416041 -0.0045988 -0.00417459 0.99998 -0.0932106 -0.061382 -0.172625
FixedParameters: 0 0 0

#Transform 52
Transform: AffineTransform_float_3_3
Parameters: 0.999984 0.00275656 0.00490953 -0.00277744 0.999988 0.00416143 -0.00489847 -0.00417457 0.99998 -0.0835915 -0.0501498 -0.194717
FixedParameters: 0 0 0

#Transform 53
Transform: AffineTransform_float_3_3
Parameters: 0.999986 0.00275543 0.0046688 -0.00277757 0.999986 0.0046191 -0.0046562 -0.0046329 0.999979 -0.079548 -0.0442998 -0.193743
FixedParameters: 0 0 0

#Transform 54
Transform: AffineTransform_float_3_3
Parameters: 0.999985 0.00292281 0.0046147 -0.0029482 0.99998 0.00567948 -0.00459831 -0.00569353 0.999973 -0.105565 -0.0694567 -0.202131
FixedParameters: 0 0 0

#Transform 55
Transform: AffineTransform_float_3_3
Parameters: 0.999982 0.00413946 0.00439324 -0.00416353 0.999975 0.00558981 -0.00437075 -0.00560819 0.999974 -0.119607 -0.0958633 -0.225392
FixedParameters: 0 0 0

#Transform 56
Transform: AffineTransform_float_3_3
Parameters: 0.999961 0.00323359 0.0082287 -0.00324242 0.999994 0.00113136 -0.00822529 -0.00115764 0.999965 -0.195185 0.0527201 -0.226409
FixedParameters: 0 0 0

#Transform 57
Transform: AffineTransform_float_3_3
Parameters: 0.99997 0.00310054 0.00712194 -0.00312146 0.999991 0.00286285 -0.00711305 -0.00288514 0.99997 -0.146711 -0.00725504 -0.204078
FixedParameters: 0 0 0

#Transform 58
Transform: AffineTransform_float_3_3
Parameters: 0.999972 0.00344741 0.00665133 -0.00347358 0.999986 0.003839 -0.00663768 -0.00386199 0.999971 -0.134741 -0.0231191 -0.219009
FixedParameters: 0 0 0

#Transform 59
Transform: AffineTransform_float_3_3
Parameters: 0.999972 0.00378707 0.00648262 -0.00381193 0.999986 0.0038374 -0.00646837 -0.00386161 0.999971 -0.162904 -0.0381208 -0.251558
FixedParameters: 0 0 0

#Transform 60
Transform: AffineTransform_float_3_3
Parameters: 0.999975 0.00393455 0.00596354 -0.00396146 0.999983 0.00443049 -0.00594646 -0.00445451 0.999973 -0.136247 -0.0416172 -0.272822
FixedParameters: 0 0 0

#Transform 61
Transform: AffineTransform_float_3_3
Parameters: 0.999977 0.00393731 0.00551898 -0.0039617 0.999983 0.00428923 -0.00550201 -0.00431076 0.999975 -0.124032 -0.0422978 -0.273657
FixedParameters: 0 0 0

#Transform 62
Transform: AffineTransform_float_3_3
Parameters: 0.999977 0.00393484 0.00552074 -0.00396116 0.999981 0.00473624 -0.00550126 -0.00475775 0.999973 -0.132799 -0.0301729 -0.245378
FixedParameters: 0 0 0

#Transform 63
Transform: AffineTransform_float_3_3
Parameters: 0.999975 0.00232874 0.00657308 -0.00235626 0.999988 0.00429562 -0.00656292 -0.00431039 0.999969 -0.0693619 -0.0344659 -0.253912
FixedParameters: 0 0 0

#Transform 64
Transform: AffineTransform_float_3_3
Parameters: 0.999938 0.000626533 0.0110561 -0.000663465 0.999995 0.00329487 -0.0110539 -0.00330213 0.999934 -0.0544785 -0.0250656 -0.334589
FixedParameters: 0 0 0

#Transform 65
Transform: AffineTransform_float_3_3
Parameters: 0.999947 0.00116319 0.0101687 -0.00121181 0.999988 0.00479493 -0.0101633 -0.00480707 0.999937 -0.0705606 -0.0499846 -0.317047
FixedParameters: 0 0 0

#Transform 66
Transform: AffineTransform_float_3_3
Parameters: 0.999954 0.00174751 0.00945071 -0.00179349 0.999987 0.00491228 -0.00944229 -0.00492973 0.999944 -0.0651739 -0.0375456 -0.313149
FixedParameters: 0 0 0

#Transform 67
Transform: AffineTransform_float_3_3
Parameters: 0.999941 0.00100229 0.0108365 -0.00105071 0.99999 0.00439787 -0.0108315 -0.00440911 0.999931 -0.0740805 -0.055202 -0.369736
FixedParameters: 0 0 0

#Transform 68
Transform: AffineTransform_float_3_3
Parameters: 0.999933 0.00129978 0.0114501 -0.00134422 0.999991 0.00385486 -0.0114449 -0.00387013 0.999927 -0.105212 -0.0338693 -0.39442
FixedParameters: 0 0 0

#Transform 69
Transform: AffineTransform_float_3_3
Parameters: 0.999938 0.00145144 0.0110438 -0.00149557 0.999991 0.00393773 -0.0110382 -0.00395327 0.999932 -0.0981552 -0.0245979 -0.374806
FixedParameters: 0 0 0

#Transform 70
Transform: AffineTransform_float_3_3
Parameters: 0.999946 0.00156485 0.010322 -0.00160415 0.999991 0.00378564 -0.010316 -0.00380235 0.999939 -0.0941714 -0.032457 -0.373365
FixedParameters: 0 0 0

#Transform 71
Transform: AffineTransform_float_3_3
Parameters: 0.999946 0.00182642 0.0102221 -0.00187158 0.999989 0.0043531 -0.0102139 -0.00437189 0.999939 -0.094144 -0.0643851 -0.3959
FixedParameters: 0 0 0

#Transform 72
Transform: AffineTransform_float_3_3
Parameters: 0.99995 0.00237067 0.00971243 -0.00241333 0.999987 0.00434878 -0.00970157 -0.00437222 0.999944 -0.0979893 -0.0489942 -0.365549
FixedParameters: 0 0 0

#Transform 73
Transform: AffineTransform_float_3_3
Parameters: 0.99995 0.0024752 0.00971404 -0.00252179 0.999986 0.00480775 -0.00970196 -0.00483226 0.999942 -0.104238 -0.0304527 -0.345844
FixedParameters: 0 0 0

#Transform 74
Transform: AffineTransform_float_3_3
Parameters: 0.99995 0.00203536 0.00981343 -0.00208464 0.999985 0.0050508 -0.00980357 -0.00507121 0.999939 -0.100671 -0.0226849 -0.339309
FixedParameters: 0 0 0

#Transform 75
Transform: AffineTransform_float_3_3
Parameters: 0.99995 0.00250004 0.00963398 -0.00254196 0.999988 0.00434573 -0.00962301 -0.00437028 0.999944 -0.125061 -0.0551456 -0.39874
FixedParameters: 0 0 0

#Transform 76
Transform: AffineTransform_float_3_3
Parameters: 0.999958 0.00249644 0.00881415 -0.00253156 0.999988 0.00402585 -0.00880385 -0.00404815 0.999953 -0.117755 -0.0553651 -0.405733
FixedParameters: 0 0 0

#Transform 77
Transform: AffineTransform_float_3_3
Parameters: 0.999958 0.00303119 0.00866667 -0.00306981 0.999986 0.00446858 -0.00865332 -0.00449442 0.999952 -0.123911 -0.0643209 -0.379402
FixedParameters: 0 0 0

#Transform 78
Transform: AffineTransform_float_3_3
Parameters: 0.999957 0.00271527 0.0089298 -0.00275674 0.999986 0.00466459 -0.00891721 -0.00468842 0.999949 -0.105433 -0.076703 -0.398143
FixedParameters: 0 0 0

#Transform 79
Transform: AffineTransform_float_3_3
Parameters: 0.999957 0.00271751 0.00892913 -0.0027565 0.999987 0.00441458 -0.00891689 -0.00443843 0.999951 -0.115412 -0.0533634 -0.393194
FixedParameters: 0 0 0

#Transform 80
Transform: AffineTransform_float_3_3
Parameters: 0.999957 0.00271527 0.0089298 -0.00275674 0.999986 0.00466459 -0.00891721 -0.00468842 0.999949 -0.133309 -0.0419765 -0.390817
FixedParameters: 0 0 0

#Transform 81
Transform: AffineTransform_float_3_3
Parameters: 0.999957 0.0027212 0.008928 -0.00275681 0.999988 0.00400056 -0.00891702 -0.00402444 0.999952 -0.134204 -0.0293299 -0.405365
FixedParameters: 0 0 0

#Transform 82
Transform: AffineTransform_float_3_3
Parameters: 0.999954 0.00332844 0.00893071 -0.00336456 0.999986 0.00408214 -0.00891728 -0.00411187 0.999952 -0.138771 -0.0406284 -0.418453
FixedParameters: 0 0 0

#Transform 83
Transform: AffineTransform_float_3_3
Parameters: 0.999954 0.00332112 0.0089293 -0.00335388 0.999987 0.00367022 -0.0089177 -0.00369978 0.999954 -0.153807 -0.018532 -0.414109
FixedParameters: 0 0 0

#Transform 84
Transform: AffineTransform_float_3_3
Parameters: 0.999948 0.00209479 0.00991966 -0.00214021 0.999988 0.00454901 -0.00991035 -0.00457 0.999941 -0.127578 -0.027531 -0.460983
FixedParameters: 0 0 0

#Transform 85
Transform: AffineTransform_float_3_3
Parameters: 0.999943 0.00207669 0.0104598 -0.0021403 0.999979 0.00604495 -0.0104462 -0.00606704 0.999927 -0.142417 -0.0647495 -0.463228
FixedParameters: 0 0 0

#Transform 86
Transform: AffineTransform_float_3_3
Parameters: 0.999943 0.00238429 0.010422 -0.00244871 0.999978 0.00620084 -0.010407 -0.00622617 0.999927 -0.144386 -0.0707008 -0.4691
FixedParameters: 0 0 0

#Transform 87
Transform: AffineTransform_float_3_3
Parameters: 0.999941 0.00240276 0.0105892 -0.00246025 0.999983 0.00539627 -0.0105759 -0.00542174 0.99993 -0.169733 -0.0517223 -0.461617
FixedParameters: 0 0 0

#Transform 88
Transform: AffineTransform_float_3_3
Parameters: 0.999938 0.00280243 0.0108413 -0.00286058 0.999982 0.00539133 -0.0108257 -0.00542168 0.999926 -0.18727 -0.0611225 -0.447426
FixedParameters: 0 0 0

#Transform 89
Transform: AffineTransform_float_3_3
Parameters: 0.999935 0.00242392 0.0112017 -0.00249107 0.999979 0.00597749 -0.0111863 -0.00600551 0.99992 -0.17836 -0.0445317 -0.472998
FixedParameters: 0 0 0

#Transform 90
Transform: AffineTransform_float_3_3
Parameters: 0.999941 0.00286865 0.0104829 -0.00291935 0.999985 0.00479068 -0.0104691 -0.00482132 0.999933 -0.170435 -0.0508065 -0.471629
FixedParameters: 0 0 0

#Transform 91
Transform: AffineTransform_float_3_3
Parameters: 0.999944 0.00311498 0.0100608 -0.00315601 0.999987 0.00406347 -0.0100482 -0.00409553 0.999941 -0.164809 -0.0294967 -0.457035
FixedParameters: 0 0 0

#Transform 92
Transform: AffineTransform_float_3_3
Parameters: 0.999942 0.00417316 0.0099972 -0.00420684 0.999985 0.00336614 -0.00998282 -0.00340786 0.999945 -0.193653 -0.00281035 -0.43572
FixedParameters: 0 0 0

#Transform 93
Transform: AffineTransform_float_3_3
Parameters: 0.999945 0.00481698 0.0092486 -0.00484302 0.999985 0.00279336 -0.0092344 -0.00283764 0.999954 -0.223705 0.0284868 -0.266102
FixedParameters: 0 0 0

#Transform 94
Transform: AffineTransform_float_3_3
Parameters: 0.999943 0.00481885 0.00950527 -0.00484314 0.999985 0.00251811 -0.00949372 -0.00256489 0.999951 -0.229346 0.0198759 -0.267329
FixedParameters: 0 0 0

#Transform 95
Transform: AffineTransform_float_3_3
Parameters: 0.999951 0.00486403 0.0085541 -0.00488797 0.999985 0.00266632 -0.00854189 -0.00270868 0.99996 -0.186907 0.038248 -0.326378
FixedParameters: 0 0 0

#Transform 96
Transform: AffineTransform_float_3_3
Parameters: 0.99995 0.00534222 0.00853603 -0.00536377 0.999982 0.00241234 -0.00852296 -0.00245865 0.99996 -0.191258 0.0105967 -0.372315
FixedParameters: 0 0 0

#Transform 97
Transform: AffineTransform_float_3_3
Parameters: 0.999942 0.00582681 0.00899241 -0.00584919 0.99998 0.00244354 -0.00897758 -0.00249545 0.999956 -0.228381 0.0229869 -0.288475
FixedParameters: 0 0 0

#Transform 98
Transform: AffineTransform_float_3_3
Parameters: 0.999943 0.00625025 0.00865623 -0.00626275 0.99998 0.00144687 -0.00864678 -0.00150113 0.999962 -0.223354 0.0385576 -0.320977
FixedParameters: 0 0 0

#Transform 99
Transform: AffineTransform_float_3_3
Parameters: 0.999944 0.00648496 0.00843143 -0.00649204 0.999978 0.000808308 -0.00842558 -0.000862688 0.999964 -0.244432 0.0679314 -0.341355
FixedParameters: 0 0 0

#Transform 100
Transform: AffineTransform_float_3_3
Parameters: 0.999946 0.00584451 0.00865004 -0.0058495 0.999983 0.000494428 -0.00864696 -0.000544567 0.999962 -0.227768 0.0517152 -0.366701
FixedParameters: 0 0 0

#Transform 101
Transform: AffineTransform_float_3_3
Parameters: 0.999944 0.00608644 0.00865303 -0.00609456 0.999981 0.000963318 -0.00864698 -0.00101569 0.999962 -0.230189 0.0423285 -0.362311
FixedParameters: 0 0 0

#Transform 102
Transform: AffineTransform_float_3_3
Parameters: 0.999942 0.00584434 0.009114 -0.00584866 0.999983 0.000484724 -0.00911102 -0.000538279 0.999959 -0.239604 0.100286 -0.282407
FixedParameters: 0 0 0

#Transform 103
Transform: AffineTransform_float_3_3
Parameters: 0.999944 0.00619464 0.00864798 -0.00619537 0.999981 0.00013143 -0.00864702 -0.000184576 0.999962 -0.233315 0.0700157 -0.385133
FixedParameters: 0 0 0

#Transform 104
Transform: AffineTransform_float_3_3
Parameters: 0.999949 0.00621258 0.00804561 -0.00620342 0.99998 -0.00121497 -0.00805339 0.00116503 0.999967 -0.215478 0.064641 -0.454704
FixedParameters: 0 0 0

#Transform 105
Transform: AffineTransform_float_3_3
Parameters: 0.99995 0.00652643 0.00760535 -0.00651357 0.999978 -0.00165762 -0.00761564 0.00160838 0.999969 -0.250385 0.141959 -0.445054
FixedParameters: 0 0 0

#Transform 106
Transform: AffineTransform_float_3_3
Parameters: 0.999947 0.00662353 0.00779891 -0.00661347 0.999978 -0.00124764 -0.00780708 0.00119535 0.999969 -0.256267 0.129545 -0.383646
FixedParameters: 0 0 0

#Transform 107
Transform: AffineTransform_float_3_3
Parameters: 0.99995 0.00652571 0.00760596 -0.00651328 0.999977 -0.00156362 -0.00761603 0.00151438 0.99997 -0.226646 0.122282 -0.449379
FixedParameters: 0 0 0

#Transform 108
Transform: AffineTransform_float_3_3
Parameters: 0.999944 0.00652922 0.00834312 -0.00651379 0.999977 -0.00184945 -0.00835489 0.00179555 0.999964 -0.243839 0.131826 -0.450683
FixedParameters: 0 0 0

#Transform 109
Transform: AffineTransform_float_3_3
Parameters: 0.999945 0.00564928 0.00876974 -0.00563772 0.999983 -0.00131051 -0.00877725 0.00126148 0.99996 -0.24743 0.119441 -0.447331
FixedParameters: 0 0 0

#Transform 110
Transform: AffineTransform_float_3_3
Parameters: 0.999944 0.00599454 0.00873326 -0.00599147 0.999982 -0.000316343 -0.00873474 0.000264654 0.999962 -0.249468 0.0995069 -0.427855
FixedParameters: 0 0 0

#Transform 111
Transform: AffineTransform_float_3_3
Parameters: 0.999943 0.00551211 0.00915332 -0.00550589 0.999984 -0.000692436 -0.00915668 0.000642564 0.999958 -0.264902 0.128229 -0.407368
FixedParameters: 0 0 0

#Transform 112
Transform: AffineTransform_float_3_3
Parameters: 0.999905 0.00576088 0.0125252 -0.00577012 0.999983 0.000691794 -0.0125218 -0.00076421 0.999922 -0.298872 0.114398 -0.456222
FixedParameters: 0 0 0

#Transform 113
Transform: AffineTransform_float_3_3
Parameters: 0.999922 0.00617479 0.0108748 -0.00618522 0.999981 0.000905809 -0.0108692 -0.000973192 0.999941 -0.28173 0.146669 -0.434119
FixedParameters: 0 0 0

#Transform 114
Transform: AffineTransform_float_3_3
Parameters: 0.999925 0.00617875 0.0106436 -0.00618525 0.99998 0.000554208 -0.0106404 -0.000619791 0.999943 -0.307447 0.113903 -0.431439
FixedParameters: 0 0 0

#Transform 115
Transform: AffineTransform_float_3_3
Parameters: 0.999918 0.00675496 0.0108585 -0.00675904 0.999977 0.000335634 -0.0108565 -0.000409369 0.999941 -0.28753 0.0594233 -0.469602
FixedParameters: 0 0 0

#Transform 116
Transform: AffineTransform_float_3_3
Parameters: 0.999918 0.00680987 0.0107943 -0.00680411 0.999976 -0.000581493 -0.0107987 0.000507503 0.999941 -0.305181 0.101105 -0.490611
FixedParameters: 0 0 0

#Transform 117
Transform: AffineTransform_float_3_3
Parameters: 0.999916 0.00731247 0.0107066 -0.00730854 0.999973 -0.00036228 -0.0107094 0.000284712 0.999942 -0.307507 0.10883 -0.502964
FixedParameters: 0 0 0

#Transform 118
Transform: AffineTransform_float_3_3
Parameters: 0.999918 0.00756934 0.0102581 -0.00756366 0.999971 -0.000559634 -0.0102619 0.000481363 0.999947 -0.322697 0.10474 -0.511918
FixedParameters: 0 0 0

#Transform 119
Transform: AffineTransform_float_3_3
Parameters: 0.999913 0.00858205 0.0100674 -0.00857195 0.999962 -0.00104139 -0.0100756 0.000954614 0.999949 -0.344949 0.135386 -0.501515
FixedParameters: 0 0 0

#Transform 120
Transform: AffineTransform_float_3_3
Parameters: 0.999915 0.00934836 0.00900556 -0.00934665 0.999957 -0.000303198 -0.00900845 0.000219804 0.99996 -0.343768 0.112128 -0.477789
FixedParameters: 0 0 0

#Transform 121
Transform: AffineTransform_float_3_3
Parameters: 0.999914 0.00914835 0.00939066 -0.00914865 0.999958 -7.99188e-05 -0.00939034 -5.9066e-06 0.999956 -0.332118 0.0899632 -0.529029
FixedParameters: 0 0 0

#Transform 122
Transform: AffineTransform_float_3_3
Parameters: 0.999917 0.00879578 0.00941836 -0.00880922 0.999961 0.00136314 -0.00940563 -0.00144585 0.999954 -0.309951 0.0937593 -0.50846
FixedParameters: 0 0 0

#Transform 123
Transform: AffineTransform_float_3_3
Parameters: 0.999915 0.00924098 0.00918912 -0.00925502 0.999956 0.00148408 -0.00917488 -0.00156892 0.999956 -0.308974 0.0800009 -0.499194
FixedParameters: 0 0 0

#Transform 124
Transform: AffineTransform_float_3_3
Parameters: 0.999906 0.00873608 0.0105448 -0.00873692 0.999962 4.08751e-05 -0.0105442 -0.000133128 0.999945 -0.324279 0.104935 -0.51785
FixedParameters: 0 0 0

#Transform 125
Transform: AffineTransform_float_3_3
Parameters: 0.999897 0.00905008 0.0110917 -0.00903491 0.999958 -0.00140936 -0.0111043 0.00130864 0.999938 -0.336361 0.143713 -0.533329
FixedParameters: 0 0 0

#Transform 126
Transform: AffineTransform_float_3_3
Parameters: 0.999907 0.00909817 0.0101511 -0.00909583 0.999958 -0.000259356 -0.010153 0.000167642 0.999949 -0.297923 0.0993488 -0.535559
FixedParameters: 0 0 0

#Transform 127
Transform: AffineTransform_float_3_3
Parameters: 0.999907 0.00942543 0.0099035 -0.00942757 0.999955 0.000111644 -0.00990151 -0.000205345 0.999951 -0.307005 0.109967 -0.527128
FixedParameters: 0 0 0

#Transform 128
Transform: AffineTransform_float_3_3
Parameters: 0.999911 0.00872819 0.0101535 -0.00874483 0.999961 0.00161336 -0.0101395 -0.00170165 0.999947 -0.316666 0.0800425 -0.53072
FixedParameters: 0 0 0

#Transform 129
Transform: AffineTransform_float_3_3
Parameters: 0.999905 0.00912558 0.0103813 -0.00915243 0.999955 0.00250122 -0.0103577 -0.00259577 0.999943 -0.317791 0.060248 -0.564391
FixedParameters: 0 0 0

#Transform 130
Transform: AffineTransform_float_3_3
Parameters: 0.999911 0.00912893 0.00979656 -0.00915208 0.999956 0.00231355 -0.00977445 -0.00240245 0.99995 -0.301579 0.0683371 -0.55317
FixedParameters: 0 0 0

#Transform 131
Transform: AffineTransform_float_3_3
Parameters: 0.999913 0.0091294 0.00959257 -0.00915261 0.999955 0.00231541 -0.00957144 -0.00240259 0.999952 -0.296068 0.0641604 -0.552422
FixedParameters: 0 0 0

#Transform 132
Transform: AffineTransform_float_3_3
Parameters: 0.999907 0.00895271 0.0103353 -0.00898232 0.999956 0.00288944 -0.0103097 -0.00298158 0.999943 -0.315106 0.0306596 -0.549716
FixedParameters: 0 0 0

#Transform 133
Transform: AffineTransform_float_3_3
Parameters: 0.999913 0.00913621 0.00945726 -0.00915277 0.999957 0.00162658 -0.00944272 -0.00171342 0.999954 -0.310322 0.0779132 -0.515751
FixedParameters: 0 0 0

#Transform 134
Transform: AffineTransform_float_3_3
Parameters: 0.999914 0.0095536 0.00905335 -0.00957041 0.999952 0.00177051 -0.00903567 -0.00185648 0.999958 -0.303325 0.0483439 -0.530942
FixedParameters: 0 0 0

#Transform 135
Transform: AffineTransform_float_3_3
Parameters: 0.999907 0.00997828 0.00931745 -0.0100017 0.999947 0.00250204 -0.00929153 -0.00259495 0.999953 -0.336276 0.0487093 -0.619462
FixedParameters: 0 0 0

#Transform 136
Transform: AffineTransform_float_3_3
Parameters: 0.999902 0.00956067 0.0102089 -0.00960233 0.999946 0.00400736 -0.0101701 -0.00410463 0.99994 -0.336264 -0.0164731 -0.593145
FixedParameters: 0 0 0

#Transform 137
Transform: AffineTransform_float_3_3
Parameters: 0.999902 0.00953246 0.0102639 -0.00957153 0.999947 0.00381013 -0.0102261 -0.00390786 0.99994 -0.336441 0.0218805 -0.595283
FixedParameters: 0 0 0

#Transform 138
Transform: AffineTransform_float_3_3
Parameters: 0.999909 0.00941819 0.00972593 -0.00944881 0.99995 0.00312639 -0.00969607 -0.00321861 0.999948 -0.34203 0.0391197 -0.599633
FixedParameters: 0 0 0

#Transform 139
Transform: AffineTransform_float_3_3
Parameters: 0.999912 0.00955204 0.00927711 -0.00958598 0.999948 0.00362439 -0.0092419 -0.00371261 0.999951 -0.317958 0.0378952 -0.610998
FixedParameters: 0 0 0

#Transform 140
Transform: AffineTransform_float_3_3
Parameters: 0.999908 0.00990851 0.00928112 -0.00994549 0.999943 0.00389405 -0.00924189 -0.00398594 0.99995 -0.306395 0.0040398 -0.630137
FixedParameters: 0 0 0

#Transform 141
Transform: AffineTransform_float_3_3
Parameters: 0.999889 0.00990717 0.0111816 -0.00994483 0.999945 0.00333217 -0.0111474 -0.00344382 0.999932 -0.333577 0.0193228 -0.620693
FixedParameters: 0 0 0

#Transform 142
Transform: AffineTransform_float_3_3
Parameters: 0.999894 0.00990316 0.010658 -0.00994484 0.999943 0.00387942 -0.010619 -0.00398558 0.999935 -0.32478 0.0350292 -0.613835
FixedParameters: 0 0 0

#Transform 143
Transform: AffineTransform_float_3_3
Parameters: 0.999895 0.010048 0.0104556 -0.010089 0.999941 0.00387992 -0.0104154 -0.00398507 0.999938 -0.324567 0.0381376 -0.613066
FixedParameters: 0 0 0

#Transform 144
Transform: AffineTransform_float_3_3
Parameters: 0.999897 0.0100487 0.0103045 -0.0100843 0.999944 0.00337744 -0.0102695 -0.00348056 0.999941 -0.332076 0.0569002 -0.598785
FixedParameters: 0 0 0

#Transform 145
Transform: AffineTransform_float_3_3
Parameters: 0.999885 0.010396 0.0109971 -0.010433 0.99994 0.00331265 -0.0109619 -0.00342735 0.999934 -0.347242 0.0430387 -0.620161
FixedParameters: 0 0 0

#Transform 146
Transform: AffineTransform_float_3_3
Parameters: 0.999888 0.0101726 0.0109321 -0.0102073 0.999943 0.00309076 -0.0108999 -0.00320224 0.999936 -0.338653 0.0737866 -0.607589
FixedParameters: 0 0 0

#Transform 147
Transform: AffineTransform_float_3_3
Parameters: 0.999887 0.00990692 0.0113524 -0.0099451 0.999945 0.00330348 -0.0113197 -0.00341553 0.99993 -0.325271 0.0380655 -0.701665
FixedParameters: 0 0 0

#Transform 148
Transform: AffineTransform_float_3_3
Parameters: 0.99989 0.0101547 0.0108083 -0.0101893 0.999943 0.00312021 -0.0107757 -0.00322978 0.999936 -0.336112 0.0688737 -0.708877
FixedParameters: 0 0 0

#Transform 149
Transform: AffineTransform_float_3_3
Parameters: 0.999879 0.0103504 0.0116753 -0.0103886 0.999941 0.0032471 -0.0116407 -0.00336789 0.999926 -0.356901 0.0769917 -0.750544
FixedParameters: 0 0 0

#Transform 150
Transform: AffineTransform_float_3_3
Parameters: 0.999869 0.0104143 0.0123319 -0.0104517 0.999941 0.0029945 -0.0123001 -0.00312351 0.99992 -0.361712 0.0834818 -0.767003
FixedParameters: 0 0 0

#Transform 151
Transform: AffineTransform_float_3_3
Parameters: 0.999883 0.0102386 0.0113694 -0.0102584 0.999946 0.00173757 -0.0113516 -0.00185344 0.999934 -0.326751 0.0929113 -0.753515
FixedParameters: 0 0 0

#Transform 152
Transform: AffineTransform_float_3_3
Parameters: 0.999879 0.0109785 0.0109667 -0.0110145 0.999935 0.00318459 -0.0109313 -0.00330441 0.999935 -0.34915 0.0320855 -0.757938
FixedParameters: 0 0 0

#Transform 153
Transform: AffineTransform_float_3_3
Parameters: 0.999842 0.0159784 0.00781922 -0.0159516 0.999867 -0.00355629 -0.00787478 0.00343072 0.999963 -0.459043 0.163977 -0.691885
FixedParameters: 0 0 0

#Transform 154
Transform: AffineTransform_float_3_3
Parameters: 0.999829 0.0139405 0.0121668 -0.0137664 0.999803 -0.0143139 -0.0123641 0.014143 0.999823 -0.433317 0.421377 -0.701493
FixedParameters: 0 0 0

#Transform 155
Transform: AffineTransform_float_3_3
Parameters: 0.999823 0.0145457 0.0119834 -0.0144053 0.999828 -0.0116627 -0.0121516 0.0114883 0.99986 -0.431766 0.355191 -0.707319
FixedParameters: 0 0 0

#Transform 156
Transform: AffineTransform_float_3_3
Parameters: 0.999827 0.0144201 0.01175 -0.0143039 0.999848 -0.00990378 -0.011891 0.00973321 0.999882 -0.42923 0.240729 -0.851034
FixedParameters: 0 0 0

#Transform 157
Transform: AffineTransform_float_3_3
Parameters: 0.99982 0.0158545 0.0104398 -0.0157595 0.999834 -0.00907616 -0.0105822 0.00890983 0.999905 -0.440372 0.190037 -0.702965
FixedParameters: 0 0 0

#Transform 158
Transform: AffineTransform_float_3_3
Parameters: 0.999835 0.016738 0.00698241 -0.016713 0.999854 -0.00362129 -0.00704258 0.0035037 0.999969 -0.393314 0.162075 -0.562983
FixedParameters: 0 0 0

#Transform 159
Transform: AffineTransform_float_3_3
Parameters: 0.999809 0.018553 0.0061178 -0.018522 0.999815 -0.00508428 -0.0062112 0.00496971 0.999969 -0.430759 0.254984 -0.581691
FixedParameters: 0 0 0

#Transform 160
Transform: AffineTransform_float_3_3
Parameters: 0.999801 0.0176889 0.00922748 -0.0176541 0.999837 -0.00384567 -0.00929453 0.00368232 0.99995 -0.437867 0.211866 -0.719244
FixedParameters: 0 0 0

#Transform 161
Transform: AffineTransform_float_3_3
Parameters: 0.999801 0.0171729 0.0100937 -0.0171321 0.999844 -0.00412374 -0.0101632 0.00394925 0.99994 -0.451938 0.221592 -0.703915
FixedParameters: 0 0 0

#Transform 162
Transform: AffineTransform_float_3_3
Parameters: 0.99979 0.0176423 0.0104386 -0.0176127 0.99984 -0.00289546 -0.0104874 0.00271155 0.999942 -0.44606 0.186064 -0.681079
FixedParameters: 0 0 0

#Transform 163
Transform: AffineTransform_float_3_3
Parameters: 0.999697 0.0128026 0.0210471 -0.0128114 0.999918 0.000264437 -0.0210419 -0.000534553 0.999779 -0.489375 0.0925616 -0.82685
FixedParameters: 0 0 0

#Transform 164
Transform: AffineTransform_float_3_3
Parameters: 0.999607 0.0146037 0.0239388 -0.0146583 0.999891 0.00213694 -0.0239052 -0.00248708 0.999711 -0.504516 0.0549515 -0.958714
FixedParameters: 0 0 0

#Transform 165
Transform: AffineTransform_float_3_3
Parameters: 0.999682 0.0143407 0.0207528 -0.0143753 0.999895 0.00150615 -0.0207292 -0.00180384 0.999783 -0.497645 0.127956 -0.874047
FixedParameters: 0 0 0

#Transform 166
Transform: AffineTransform_float_3_3
Parameters: 0.999699 0.0151083 0.0192962 -0.0151577 0.999883 0.00237923 -0.0192588 -0.00267077 0.999811 -0.499196 0.0850138 -0.806515
FixedParameters: 0 0 0

#Transform 167
Transform: AffineTransform_float_3_3
Parameters: 0.999687 0.015747 0.0194293 -0.015815 0.99987 0.00335177 -0.0193737 -0.00365822 0.999805 -0.53213 0.0938444 -0.719467
FixedParameters: 0 0 0

#Transform 168
Transform: AffineTransform_float_3_3
Parameters: 0.999689 0.0160617 0.0190732 -0.0161602 0.999857 0.00500833 -0.0189898 -0.00531566 0.999806 -0.532274 0.0257889 -0.6836
FixedParameters: 0 0 0

#Transform 169
Transform: AffineTransform_float_3_3
Parameters: 0.999694 0.0168468 0.0181049 -0.0169802 0.999829 0.00723078 -0.0179801 -0.00753621 0.99981 -0.523624 -0.00166321 -0.655743
FixedParameters: 0 0 0

#Transform 170
Transform: AffineTransform_float_3_3
Parameters: 0.99969 0.0168216 0.0183623 -0.0169794 0.999819 0.00850286 -0.0182167 -0.00881217 0.999795 -0.533831 0.0027473 -0.714549
FixedParameters: 0 0 0

#Transform 171
Transform: AffineTransform_float_3_3
Parameters: 0.999686 0.0164141 0.0189225 -0.0165779 0.999826 0.00848396 -0.0187795 -0.008795 0.999785 -0.546784 -0.00942071 -0.785152
FixedParameters: 0 0 0

#Transform 172
Transform: AffineTransform_float_3_3
Parameters: 0.999686 0.0161574 0.0191515 -0.0162836 0.999846 0.00647317 -0.0190435 -0.00678282 0.999795 -0.567261 0.0473013 -0.815109
FixedParameters: 0 0 0

#Transform 173
Transform: AffineTransform_float_3_3
Parameters: 0.999694 0.0162868 0.0186146 -0.0164182 0.999842 0.0069185 -0.0184994 -0.0072225 0.999803 -0.542988 0.0343536 -0.794125
FixedParameters: 0 0 0

#Transform 174
Transform: AffineTransform_float_3_3
Parameters: 0.999702 0.0155987 0.0187504 -0.0157203 0.999856 0.00639414 -0.0186486 -0.00668688 0.999803 -0.532848 0.0345864 -0.798629
FixedParameters: 0 0 0

#Transform 175
Transform: AffineTransform_float_3_3
Parameters: 0.999706 0.0153887 0.0187424 -0.0155153 0.999858 0.00661315 -0.0186386 -0.00690185 0.999803 -0.519159 0.0456216 -0.76855
FixedParameters: 0 0 0

#Transform 176
Transform: AffineTransform_float_3_3
Parameters: 0.999703 0.0147619 0.019381 -0.0148911 0.999868 0.00653133 -0.019282 -0.00681866 0.999791 -0.531817 0.0690116 -0.753944
FixedParameters: 0 0 0

#Transform 177
Transform: AffineTransform_float_3_3
Parameters: 0.999716 0.0153746 0.0182184 -0.0155154 0.999851 0.00759049 -0.0180986 -0.0078715 0.999805 -0.538466 0.00915927 -0.782458
FixedParameters: 0 0 0

#Transform 178
Transform: AffineTransform_float_3_3
Parameters: 0.999718 0.0161439 0.01742 -0.0162651 0.999845 0.00683459 -0.0173069 -0.00711641 0.999825 -0.567476 0.065511 -0.778818
FixedParameters: 0 0 0

#Transform 179
Transform: AffineTransform_float_3_3
Parameters: 0.99973 0.0161968 0.0166543 -0.0162832 0.999855 0.0051162 -0.0165687 -0.00538582 0.999848 -0.569495 0.077445 -0.787523
FixedParameters: 0 0 0
