# transform file /out/sourcedata/freesurfer/sub-v2s12x28868_ses-1/mri/transforms/cc_up.lta
# created by oesteban on Tue Mar 10 23:54:32 2026

type      = 0 # LINEAR_VOX_TO_VOX
nxforms   = 1
mean      = 124.0000 109.0000 130.0000
sigma     = 10000.0000
1 4 4
9.897321462631226e-01 -1.358440667390823e-01 -4.446021467447281e-02 2.441977500915527e+01 
1.357072144746780e-01 9.907302856445312e-01 -6.096166558563709e-03 1.979032135009766e+01 
4.487620666623116e-02 0.000000000000000e+00 9.989925622940063e-01 -1.439723253250122e+00 
0.000000000000000e+00 0.000000000000000e+00 0.000000000000000e+00 1.000000000000000e+00 
src volume info
valid = 1  # volume info valid
filename = /out/sourcedata/freesurfer/sub-v2s12x28868_ses-1/mri/norm.mgz
volume = 256 256 256
voxelsize = 1.000000000000000e+00 1.000000000000000e+00 1.000000000000000e+00
xras   = -1.000000000000000e+00 0.000000000000000e+00 0.000000000000000e+00
yras   = 0.000000000000000e+00 0.000000000000000e+00 -1.000000000000000e+00
zras   = 0.000000000000000e+00 1.000000000000000e+00 0.000000000000000e+00
cras   = 3.825988769531250e-01 5.000000000000000e-01 1.432800292968750e+01
dst volume info
valid = 1  # volume info valid
filename = /out/sourcedata/freesurfer/sub-v2s12x28868_ses-1/mri/norm.mgz
volume = 256 256 256
voxelsize = 1.000000000000000e+00 1.000000000000000e+00 1.000000000000000e+00
xras   = -1.000000000000000e+00 0.000000000000000e+00 0.000000000000000e+00
yras   = 0.000000000000000e+00 0.000000000000000e+00 -1.000000000000000e+00
zras   = 0.000000000000000e+00 1.000000000000000e+00 0.000000000000000e+00
cras   = 3.825988769531250e-01 5.000000000000000e-01 1.432800292968750e+01
