# transform file /out/sourcedata/freesurfer/sub-v2s12x28909_ses-1/mri/transforms/cc_up.lta
# created by oesteban on Wed Mar 11 04:27:21 2026

type      = 0 # LINEAR_VOX_TO_VOX
nxforms   = 1
mean      = 129.0000 116.0000 137.0000
sigma     = 10000.0000
1 4 4
9.953244328498840e-01 -4.315472673624754e-03 -9.649089723825455e-02 1.095158863067627e+01 
4.295335616916418e-03 9.999906420707703e-01 -4.164077399764210e-04 2.849826622009277e+01 
9.649179875850677e-02 0.000000000000000e+00 9.953337311744690e-01 -1.892462921142578e+01 
0.000000000000000e+00 0.000000000000000e+00 0.000000000000000e+00 1.000000000000000e+00 
src volume info
valid = 1  # volume info valid
filename = /out/sourcedata/freesurfer/sub-v2s12x28909_ses-1/mri/norm.mgz
volume = 256 256 256
voxelsize = 1.000000000000000e+00 1.000000000000000e+00 1.000000000000000e+00
xras   = -1.000000000000000e+00 0.000000000000000e+00 0.000000000000000e+00
yras   = 0.000000000000000e+00 0.000000000000000e+00 -1.000000000000000e+00
zras   = 0.000000000000000e+00 1.000000000000000e+00 0.000000000000000e+00
cras   = -1.375297546386719e+00 5.188003540039062e+00 -2.195999145507812e+00
dst volume info
valid = 1  # volume info valid
filename = /out/sourcedata/freesurfer/sub-v2s12x28909_ses-1/mri/norm.mgz
volume = 256 256 256
voxelsize = 1.000000000000000e+00 1.000000000000000e+00 1.000000000000000e+00
xras   = -1.000000000000000e+00 0.000000000000000e+00 0.000000000000000e+00
yras   = 0.000000000000000e+00 0.000000000000000e+00 -1.000000000000000e+00
zras   = 0.000000000000000e+00 1.000000000000000e+00 0.000000000000000e+00
cras   = -1.375297546386719e+00 5.188003540039062e+00 -2.195999145507812e+00
