# transform file /out/sourcedata/freesurfer/sub-v2s12x28866_ses-1/mri/transforms/cc_up.lta
# created by oesteban on Wed Mar 11 00:06:26 2026

type      = 0 # LINEAR_VOX_TO_VOX
nxforms   = 1
mean      = 128.0000 99.0000 130.0000
sigma     = 10000.0000
1 4 4
9.994531869888306e-01 -2.197700738906860e-02 -2.470501139760017e-02 5.990738868713379e+00 
2.197029627859592e-02 9.997584819793701e-01 -5.430734017863870e-04 4.732109069824219e+01 
2.471098117530346e-02 0.000000000000000e+00 9.996946454048157e-01 3.928761243820190e+00 
0.000000000000000e+00 0.000000000000000e+00 0.000000000000000e+00 1.000000000000000e+00 
src volume info
valid = 1  # volume info valid
filename = /out/sourcedata/freesurfer/sub-v2s12x28866_ses-1/mri/norm.mgz
volume = 256 256 256
voxelsize = 1.000000000000000e+00 1.000000000000000e+00 1.000000000000000e+00
xras   = -1.000000000000000e+00 0.000000000000000e+00 0.000000000000000e+00
yras   = 0.000000000000000e+00 0.000000000000000e+00 -1.000000000000000e+00
zras   = 0.000000000000000e+00 1.000000000000000e+00 0.000000000000000e+00
cras   = 4.249702453613281e+00 5.000000000000000e-01 -1.215699768066406e+01
dst volume info
valid = 1  # volume info valid
filename = /out/sourcedata/freesurfer/sub-v2s12x28866_ses-1/mri/norm.mgz
volume = 256 256 256
voxelsize = 1.000000000000000e+00 1.000000000000000e+00 1.000000000000000e+00
xras   = -1.000000000000000e+00 0.000000000000000e+00 0.000000000000000e+00
yras   = 0.000000000000000e+00 0.000000000000000e+00 -1.000000000000000e+00
zras   = 0.000000000000000e+00 1.000000000000000e+00 0.000000000000000e+00
cras   = 4.249702453613281e+00 5.000000000000000e-01 -1.215699768066406e+01
