#Insight Transform File V1.0
#Transform 0
Transform: AffineTransform_float_3_3
Parameters: 0.999998 0.00101486 0.0017159 -0.00101214 0.999999 -0.00108674 -0.0017171 0.00108426 0.999998 -0.047368 0.0667115 0.0700104
FixedParameters: 0 0 0

#Transform 1
Transform: AffineTransform_float_3_3
Parameters: 0.999998 0.000832383 0.00188305 -0.000836615 0.999996 0.00245143 -0.00188095 -0.00245357 0.999995 -0.0598032 -0.0299264 0.196984
FixedParameters: 0 0 0

#Transform 2
Transform: AffineTransform_float_3_3
Parameters: 0.999997 0.000650166 0.00240004 -0.000653833 0.999999 0.00159644 -0.00239896 -0.00159857 0.999996 -0.076197 0.00347738 0.148293
FixedParameters: 0 0 0

#Transform 3
Transform: AffineTransform_float_3_3
Parameters: 0.999998 0.000667972 0.00211632 -0.000669027 0.999999 0.000484585 -0.00211568 -0.000486414 0.999997 -0.0633085 0.0628721 0.145272
FixedParameters: 0 0 0

#Transform 4
Transform: AffineTransform_float_3_3
Parameters: 0.999998 0.00073949 0.00211723 -0.000743512 0.999999 0.00165843 -0.00211577 -0.00165957 0.999997 -0.0599122 -0.00625599 0.167423
FixedParameters: 0 0 0

#Transform 5
Transform: AffineTransform_float_3_3
Parameters: 0.999998 0.000762532 0.00185502 -0.000764467 0.999999 0.00132958 -0.00185399 -0.00133142 0.999998 -0.043227 0.00841973 0.130263
FixedParameters: 0 0 0

#Transform 6
Transform: AffineTransform_float_3_3
Parameters: 0.999997 0.000627414 0.00211677 -0.000630585 0.999999 0.00122067 -0.00211623 -0.00122233 0.999997 -0.0446345 0.0161238 0.122091
FixedParameters: 0 0 0

#Transform 7
Transform: AffineTransform_float_3_3
Parameters: 0.999997 0.00105841 0.00227774 -0.00105958 0.999999 0.000694589 -0.00227626 -0.000697412 0.999997 -0.0624804 0.035627 0.0825223
FixedParameters: 0 0 0

#Transform 8
Transform: AffineTransform_float_3_3
Parameters: 0.999997 0.00123091 0.00211722 -0.00123309 0.999999 0.000987392 -0.00211578 -0.000989607 0.999998 -0.0552706 0.0167866 0.146166
FixedParameters: 0 0 0

#Transform 9
Transform: AffineTransform_float_3_3
Parameters: 0.999994 0.00185958 0.00289855 -0.00186142 0.999998 0.000830609 -0.00289745 -0.000836392 0.999995 -0.0761354 0.0260362 0.0829226
FixedParameters: 0 0 0

#Transform 10
Transform: AffineTransform_float_3_3
Parameters: 0.999995 0.00168588 0.00271756 -0.00169012 0.999998 0.00151442 -0.00271444 -0.00151958 0.999995 -0.0827321 -0.00417836 0.100669
FixedParameters: 0 0 0

#Transform 11
Transform: AffineTransform_float_3_3
Parameters: 0.999996 0.00094539 0.00237844 -0.00094861 0.999999 0.00151675 -0.00237756 -0.00151925 0.999996 -0.0670175 -0.00102662 0.0826948
FixedParameters: 0 0 0

#Transform 12
Transform: AffineTransform_float_3_3
Parameters: 0.999998 0.000681641 0.00152761 -0.000683359 1 0.000888958 -0.00152739 -0.000890043 0.999999 -0.0249137 -0.00928384 0.0383279
FixedParameters: 0 0 0

#Transform 13
Transform: AffineTransform_float_3_3
Parameters: 0.999999 -0.000414032 0.000941546 0.000412968 1 0.00109639 -0.000941453 -0.00109561 0.999999 -0.00132301 0.000474094 0.0358508
FixedParameters: 0 0 0

#Transform 14
Transform: AffineTransform_float_3_3
Parameters: 0.999999 0.00022848 0.00129045 -0.000231522 0.999998 0.0019537 -0.00129055 -0.0019533 0.999998 -0.0175372 -0.0245524 0.0350607
FixedParameters: 0 0 0

#Transform 15
Transform: AffineTransform_float_3_3
Parameters: 0.999998 0.000637254 0.00194057 -0.000641746 0.999997 0.00244676 -0.00193844 -0.00244724 0.999995 -0.0264566 -0.00707839 0.0565108
FixedParameters: 0 0 0

#Transform 16
Transform: AffineTransform_float_3_3
Parameters: 0.999996 0.000875321 0.00240507 -0.000880678 0.999997 0.00236089 -0.00240293 -0.00236311 0.999995 -0.0452744 -0.0142122 0.0294536
FixedParameters: 0 0 0

#Transform 17
Transform: AffineTransform_float_3_3
Parameters: 0.999998 -0.00044239 0.00217672 0.00044061 0.999999 0.000638961 -0.00217728 -0.000638038 0.999998 -0.0224551 -0.0260237 0.0368177
FixedParameters: 0 0 0

#Transform 18
Transform: AffineTransform_float_3_3
Parameters: 0.999999 -0.000603032 0.00120898 0.000604969 0.999999 -0.00162827 -0.00120802 0.00162873 0.999998 0.0036873 0.00958941 0.0244534
FixedParameters: 0 0 0

#Transform 19
Transform: AffineTransform_float_3_3
Parameters: 0.999999 -0.000960286 0.000957717 0.000961714 1 -0.00074608 -0.000956283 0.000746919 1 -0.0134594 -0.00815635 0.0114323
FixedParameters: 0 0 0

#Transform 20
Transform: AffineTransform_float_3_3
Parameters: 1 0.000457976 -7.21497e-05 -0.000458023 1 -0.000326967 7.18502e-05 0.000327033 1 -0.00217117 0.00298828 0.00942655
FixedParameters: 0 0 0

#Transform 21
Transform: AffineTransform_float_3_3
Parameters: 1 0.000104218 -0.000555959 -0.000103782 1 0.000392058 0.000556041 -0.000391942 1 -0.000115143 -0.0216104 -0.00745463
FixedParameters: 0 0 0

#Transform 22
Transform: AffineTransform_float_3_3
Parameters: 0.999994 -0.00304417 -0.00156614 0.00303683 0.999985 -0.00456078 0.00157986 0.00455622 0.999989 0.083534 0.0184665 -0.21629
FixedParameters: 0 0 0

#Transform 23
Transform: AffineTransform_float_3_3
Parameters: 0.999994 -0.00339868 -0.000409267 0.00339632 0.999986 -0.00404241 0.000422732 0.00404159 0.999991 0.0754122 0.0410602 -0.300251
FixedParameters: 0 0 0

#Transform 24
Transform: AffineTransform_float_3_3
Parameters: 0.999996 -0.00289475 -0.000816828 0.00289325 0.999994 -0.00213437 0.000823176 0.00213263 0.999998 0.061147 0.0180132 -0.231864
FixedParameters: 0 0 0

#Transform 25
Transform: AffineTransform_float_3_3
Parameters: 0.999997 -0.00236245 0.000306543 0.00236255 0.999996 0.00146373 -0.000309456 -0.00146227 0.999999 0.00206639 -0.0786249 -0.145877
FixedParameters: 0 0 0

#Transform 26
Transform: AffineTransform_float_3_3
Parameters: 0.999999 -0.000971034 2.15318e-05 0.000970966 0.999999 0.00151202 -2.34681e-05 -0.00151198 0.999999 0.00431685 -0.0527464 -0.124441
FixedParameters: 0 0 0

#Transform 27
Transform: AffineTransform_float_3_3
Parameters: 0.999999 -0.000964415 0.000902491 0.000962585 0.999999 0.00156687 -0.00090451 -0.00156613 0.999999 -0.00524801 0.000828184 -0.0694924
FixedParameters: 0 0 0

#Transform 28
Transform: AffineTransform_float_3_3
Parameters: 0.999998 -0.00159057 0.000484129 0.00158943 0.999998 0.00117677 -0.000485869 -0.00117523 0.999999 -0.00295144 -0.0281241 -0.135268
FixedParameters: 0 0 0

#Transform 29
Transform: AffineTransform_float_3_3
Parameters: 0.999997 -0.00271224 0.000116619 0.00271177 0.999995 0.00198432 -0.000121383 -0.00198468 0.999998 0.00133717 -0.0469355 -0.132902
FixedParameters: 0 0 0

#Transform 30
Transform: AffineTransform_float_3_3
Parameters: 0.999993 -0.00352668 0.00131752 0.00352532 0.999993 0.00127265 -0.00132148 -0.00126735 0.999999 -0.00774649 -0.0112317 -0.161973
FixedParameters: 0 0 0

#Transform 31
Transform: AffineTransform_float_3_3
Parameters: 0.99999 -0.00388552 0.00185591 0.00388448 0.999993 0.000283212 -0.00185709 -0.000276787 0.999998 0.0212507 -0.0429111 -0.221691
FixedParameters: 0 0 0

#Transform 32
Transform: AffineTransform_float_3_3
Parameters: 0.999994 -0.00297375 0.00164465 0.00297325 0.999996 0.000457893 -0.00164635 -0.000453107 0.999998 0.0220158 -0.0620783 -0.224692
FixedParameters: 0 0 0

#Transform 33
Transform: AffineTransform_float_3_3
Parameters: 0.999996 -0.00268824 0.00133453 0.00268777 0.999997 0.000178588 -0.00133447 -0.000174413 0.999999 -0.00798571 -0.0261324 -0.16258
FixedParameters: 0 0 0

#Transform 34
Transform: AffineTransform_float_3_3
Parameters: 0.999995 -0.0029408 0.00104955 0.00294119 0.999995 -0.000183914 -0.00104845 0.000187084 1 0.00868503 -0.0173913 -0.18668
FixedParameters: 0 0 0

#Transform 35
Transform: AffineTransform_float_3_3
Parameters: 0.999996 -0.0026884 0.000947873 0.0026876 0.999997 0.00042055 -0.000949129 -0.00041845 1 0.00541615 -0.0192889 -0.185768
FixedParameters: 0 0 0

#Transform 36
Transform: AffineTransform_float_3_3
Parameters: 0.999994 -0.00312346 0.000964506 0.00312254 0.999995 0.000480014 -0.000965494 -0.000476987 1 0.00479846 -0.040426 -0.185877
FixedParameters: 0 0 0

#Transform 37
Transform: AffineTransform_float_3_3
Parameters: 0.999994 -0.00312324 0.00096523 0.00312276 0.999995 0.000248016 -0.00096677 -0.000244982 1 0.0125337 -0.0370284 -0.186073
FixedParameters: 0 0 0

#Transform 38
Transform: AffineTransform_float_3_3
Parameters: 0.999994 -0.00312349 0.000897306 0.00312251 0.999995 0.000543805 -0.000898695 -0.000541196 1 -0.00302381 -0.050441 -0.210692
FixedParameters: 0 0 0

#Transform 39
Transform: AffineTransform_float_3_3
Parameters: 0.999994 -0.00312391 0.000963043 0.00312208 0.999994 0.000948012 -0.000966955 -0.000944984 0.999999 -0.0061096 -0.0432815 -0.199255
FixedParameters: 0 0 0

#Transform 40
Transform: AffineTransform_float_3_3
Parameters: 0.999996 -0.0026701 0.000962942 0.00266889 0.999996 0.00114657 -0.000966058 -0.00114442 0.999999 -0.00252674 -0.0374698 -0.19016
FixedParameters: 0 0 0

#Transform 41
Transform: AffineTransform_float_3_3
Parameters: 0.999996 -0.00264365 0.00113417 0.00264136 0.999996 0.001449 -0.00113782 -0.001446 0.999999 -0.0141263 -0.0534427 -0.157062
FixedParameters: 0 0 0

#Transform 42
Transform: AffineTransform_float_3_3
Parameters: 0.999994 -0.00312417 0.000962212 0.00312283 0.999995 0.00121401 -0.000966787 -0.00121099 0.999999 -0.00600292 -0.0615568 -0.154117
FixedParameters: 0 0 0

#Transform 43
Transform: AffineTransform_float_3_3
Parameters: 0.999995 -0.00312433 0.00120958 0.00312268 0.999994 0.00109578 -0.00121242 -0.00109222 0.999998 -0.00161082 -0.0448203 -0.142117
FixedParameters: 0 0 0

#Transform 44
Transform: AffineTransform_float_3_3
Parameters: 0.999995 -0.00297474 0.0012338 0.00297225 0.999994 0.00141467 -0.0012382 -0.00141132 0.999998 0.0033432 -0.0712245 -0.140424
FixedParameters: 0 0 0

#Transform 45
Transform: AffineTransform_float_3_3
Parameters: 0.999996 -0.00188628 0.00172469 0.00188572 0.999998 0.000165253 -0.00172431 -0.000161748 0.999998 -0.0170266 0.0327839 -0.111135
FixedParameters: 0 0 0

#Transform 46
Transform: AffineTransform_float_3_3
Parameters: 0.999996 -0.00188757 0.00172328 0.00188543 0.999998 0.000913252 -0.00172472 -0.000909747 0.999998 -0.0178041 -0.0265053 -0.0944742
FixedParameters: 0 0 0

#Transform 47
Transform: AffineTransform_float_3_3
Parameters: 0.999997 -0.0021511 0.00152805 0.0021489 0.999996 0.00137429 -0.00153095 -0.00137071 0.999998 -0.01429 -0.02432 -0.050416
FixedParameters: 0 0 0

#Transform 48
Transform: AffineTransform_float_3_3
Parameters: 0.999997 -0.00228172 0.00136848 0.00227928 0.999996 0.00198313 -0.00137352 -0.00197987 0.999997 -0.0121003 -0.0729663 -0.0976718
FixedParameters: 0 0 0

#Transform 49
Transform: AffineTransform_float_3_3
Parameters: 0.999995 -0.0026035 0.00171821 0.00259851 0.999993 0.00261248 -0.00172479 -0.00260852 0.999995 -0.0241613 -0.100057 -0.1333
FixedParameters: 0 0 0

#Transform 50
Transform: AffineTransform_float_3_3
Parameters: 0.999996 -0.00267559 0.00146347 0.00267242 0.999994 0.00244592 -0.00147054 -0.00244208 0.999996 -0.0161604 -0.0631402 -0.0967704
FixedParameters: 0 0 0

#Transform 51
Transform: AffineTransform_float_3_3
Parameters: 0.999994 -0.0028945 0.00146615 0.0028905 0.999991 0.00306226 -0.00147485 -0.00305775 0.999994 -0.0302069 -0.0898892 -0.0742234
FixedParameters: 0 0 0

#Transform 52
Transform: AffineTransform_float_3_3
Parameters: 0.999993 -0.00309726 0.00171553 0.00309173 0.99999 0.00306332 -0.00172447 -0.00305768 0.999994 -0.0272096 -0.0941916 -0.124692
FixedParameters: 0 0 0

#Transform 53
Transform: AffineTransform_float_3_3
Parameters: 0.999995 -0.00289699 0.00171323 0.00289001 0.999987 0.00407097 -0.00172477 -0.00406603 0.99999 -0.0364191 -0.154343 -0.120303
FixedParameters: 0 0 0

#Transform 54
Transform: AffineTransform_float_3_3
Parameters: 0.999998 -0.00183929 0.00137294 0.00183371 0.999991 0.00384453 -0.00138006 -0.00384147 0.999991 -0.0361336 -0.148656 -0.0619088
FixedParameters: 0 0 0

#Transform 55
Transform: AffineTransform_float_3_3
Parameters: 0.999997 -0.00127276 0.00172001 0.00126623 0.999991 0.00392918 -0.00172499 -0.00392681 0.999991 -0.0522295 -0.143986 -0.0829716
FixedParameters: 0 0 0

#Transform 56
Transform: AffineTransform_float_3_3
Parameters: 1 -0.000379659 0.00116317 0.000374343 0.999988 0.00486044 -0.00116483 -0.00486056 0.999987 -0.0470903 -0.180336 -0.140194
FixedParameters: 0 0 0

#Transform 57
Transform: AffineTransform_float_3_3
Parameters: 1 -0.000276699 0.00115088 0.0002723 0.999991 0.00408131 -0.00115212 -0.00408068 0.999991 -0.0583806 -0.166268 -0.118114
FixedParameters: 0 0 0

#Transform 58
Transform: AffineTransform_float_3_3
Parameters: 0.999999 -9.36082e-05 0.00084961 8.939e-05 0.999991 0.00424608 -0.000850387 -0.00424592 0.99999 -0.0330364 -0.147575 -0.0748323
FixedParameters: 0 0 0

#Transform 59
Transform: AffineTransform_float_3_3
Parameters: 0.999999 -0.00037789 0.000915403 0.000374111 0.999991 0.00424634 -0.000916596 -0.00424565 0.99999 -0.0359072 -0.152673 -0.075018
FixedParameters: 0 0 0

#Transform 60
Transform: AffineTransform_float_3_3
Parameters: 0.999999 -0.00037827 0.000915246 0.000374731 0.999989 0.00466134 -0.000916756 -0.00466065 0.999988 -0.0594844 -0.166155 -0.0566919
FixedParameters: 0 0 0

#Transform 61
Transform: AffineTransform_float_3_3
Parameters: 1 -0.000376214 0.000474252 0.000374787 0.999989 0.00466118 -0.000475752 -0.00466082 0.999989 -0.0396233 -0.179197 -0.100855
FixedParameters: 0 0 0

#Transform 62
Transform: AffineTransform_float_3_3
Parameters: 0.999999 -0.000790106 0.000215992 0.000788893 0.999987 0.00507617 -0.000220007 -0.00507583 0.999987 -0.0277246 -0.208457 -0.019148
FixedParameters: 0 0 0

#Transform 63
Transform: AffineTransform_float_3_3
Parameters: 0.999999 -0.000791112 0.000400858 0.000788887 0.999986 0.00524232 -0.000405141 -0.00524168 0.999986 -0.0361353 -0.182614 0.00493874
FixedParameters: 0 0 0

#Transform 64
Transform: AffineTransform_float_3_3
Parameters: 0.999999 -0.000711194 0.000578092 0.000707805 0.999984 0.00550741 -0.000581906 -0.00550658 0.999984 -0.0349775 -0.176948 -0.0325126
FixedParameters: 0 0 0

#Transform 65
Transform: AffineTransform_float_3_3
Parameters: 1 -0.000793713 0.000774198 0.000789289 0.999982 0.00606862 -0.000778804 -0.00606739 0.999982 -0.0412277 -0.182005 -0.0258822
FixedParameters: 0 0 0

#Transform 66
Transform: AffineTransform_float_3_3
Parameters: 0.999999 -0.00118764 0.000718391 0.00118237 0.999978 0.00641985 -0.000725604 -0.00641814 0.999979 -0.0311105 -0.184272 -0.0253509
FixedParameters: 0 0 0

#Transform 67
Transform: AffineTransform_float_3_3
Parameters: 0.999998 -0.00120122 0.00200231 0.00119078 0.999983 0.0055954 -0.00200869 -0.0055926 0.999983 -0.0572137 -0.154558 -0.0441391
FixedParameters: 0 0 0

#Transform 68
Transform: AffineTransform_float_3_3
Parameters: 0.999997 -0.0012734 0.00184285 0.0012626 0.999984 0.00563535 -0.00184914 -0.00563366 0.999983 -0.0572938 -0.166703 -0.0916937
FixedParameters: 0 0 0

#Transform 69
Transform: AffineTransform_float_3_3
Parameters: 0.999996 -0.00120641 0.00236571 0.00119359 0.999985 0.00523884 -0.00237228 -0.00523616 0.999984 -0.0809868 -0.138723 -0.0782558
FixedParameters: 0 0 0

#Transform 70
Transform: AffineTransform_float_3_3
Parameters: 0.999996 -0.00118737 0.00265005 0.00117362 0.999986 0.00504313 -0.00265595 -0.00503986 0.999984 -0.0938626 -0.130112 -0.113304
FixedParameters: 0 0 0

#Transform 71
Transform: AffineTransform_float_3_3
Parameters: 0.999997 -0.00119583 0.00242271 0.00118318 0.999986 0.00528889 -0.00242829 -0.00528512 0.999983 -0.0836845 -0.157945 -0.159056
FixedParameters: 0 0 0

#Transform 72
Transform: AffineTransform_float_3_3
Parameters: 0.999996 -0.0013818 0.00264833 0.00136721 0.999984 0.00558065 -0.00265567 -0.00557636 0.999981 -0.0935617 -0.143107 -0.106276
FixedParameters: 0 0 0

#Transform 73
Transform: AffineTransform_float_3_3
Parameters: 0.999995 -0.00122768 0.00264879 0.00121232 0.999982 0.00591324 -0.00265621 -0.00590976 0.999979 -0.088232 -0.169052 -0.105866
FixedParameters: 0 0 0

#Transform 74
Transform: AffineTransform_float_3_3
Parameters: 0.999995 -0.00165867 0.00264624 0.00164333 0.999981 0.00591438 -0.00265576 -0.00590962 0.999979 -0.0892172 -0.167476 -0.143774
FixedParameters: 0 0 0

#Transform 75
Transform: AffineTransform_float_3_3
Parameters: 0.999995 -0.00177886 0.0026454 0.00176314 0.99998 0.00598569 -0.0026556 -0.0059813 0.999978 -0.093329 -0.155717 -0.143736
FixedParameters: 0 0 0

#Transform 76
Transform: AffineTransform_float_3_3
Parameters: 0.999995 -0.00171946 0.00264537 0.00170254 0.99998 0.00621154 -0.00265562 -0.00620747 0.999977 -0.0933441 -0.172675 -0.162872
FixedParameters: 0 0 0

#Transform 77
Transform: AffineTransform_float_3_3
Parameters: 0.999996 -0.00171762 0.00228107 0.00170338 0.999978 0.00639391 -0.00229193 -0.00639009 0.999977 -0.0839629 -0.150707 -0.123323
FixedParameters: 0 0 0

#Transform 78
Transform: AffineTransform_float_3_3
Parameters: 0.999996 -0.00137626 0.00238225 0.00136075 0.999979 0.00639327 -0.00239075 -0.00638974 0.999976 -0.09765 -0.147506 -0.0979467
FixedParameters: 0 0 0

#Transform 79
Transform: AffineTransform_float_3_3
Parameters: 0.999995 -0.00171994 0.00264506 0.00170306 0.999978 0.00639454 -0.00265594 -0.00639046 0.999976 -0.087271 -0.169374 -0.184456
FixedParameters: 0 0 0

#Transform 80
Transform: AffineTransform_float_3_3
Parameters: 0.999994 -0.00133531 0.00295981 0.00131769 0.99998 0.00617894 -0.0029682 -0.00617407 0.999977 -0.109981 -0.128334 -0.097059
FixedParameters: 0 0 0

#Transform 81
Transform: AffineTransform_float_3_3
Parameters: 0.999997 -0.00135338 0.00233874 0.00133862 0.999981 0.00613916 -0.00234726 -0.00613585 0.999979 -0.0759499 -0.141893 -0.159771
FixedParameters: 0 0 0

#Transform 82
Transform: AffineTransform_float_3_3
Parameters: 0.999998 -0.0012852 0.00195503 0.00127279 0.99998 0.0062315 -0.00196297 -0.00622849 0.999978 -0.0586444 -0.146128 -0.142683
FixedParameters: 0 0 0

#Transform 83
Transform: AffineTransform_float_3_3
Parameters: 0.999998 -0.00119293 0.00195939 0.00118207 0.999984 0.00557033 -0.00196661 -0.00556866 0.999982 -0.0625228 -0.116629 -0.108594
FixedParameters: 0 0 0

#Transform 84
Transform: AffineTransform_float_3_3
Parameters: 0.999997 -0.00126477 0.00204917 0.00125223 0.99998 0.00622259 -0.00205683 -0.00621942 0.999979 -0.0631011 -0.146031 -0.194876
FixedParameters: 0 0 0

#Transform 85
Transform: AffineTransform_float_3_3
Parameters: 0.999996 -0.00126484 0.00222575 0.00125217 0.999982 0.0057598 -0.00223225 -0.00575719 0.999981 -0.0687463 -0.15476 -0.190303
FixedParameters: 0 0 0

#Transform 86
Transform: AffineTransform_float_3_3
Parameters: 0.999996 -0.00135741 0.00241095 0.0013436 0.999982 0.00596627 -0.00241906 -0.00596374 0.99998 -0.0696488 -0.147349 -0.204598
FixedParameters: 0 0 0

#Transform 87
Transform: AffineTransform_float_3_3
Parameters: 0.999997 -0.00126481 0.00241233 0.00125219 0.999985 0.00530504 -0.00241868 -0.00530196 0.999983 -0.0509187 -0.167232 -0.252102
FixedParameters: 0 0 0

#Transform 88
Transform: AffineTransform_float_3_3
Parameters: 0.999997 -0.00126563 0.0024119 0.00125137 0.999984 0.00564504 -0.0024191 -0.00564196 0.999981 -0.0604569 -0.193219 -0.234611
FixedParameters: 0 0 0

#Transform 89
Transform: AffineTransform_float_3_3
Parameters: 0.999997 -0.00115033 0.00183356 0.00113968 0.999983 0.0056231 -0.00183943 -0.00562089 0.999982 -0.0623952 -0.162445 -0.19203
FixedParameters: 0 0 0

#Transform 90
Transform: AffineTransform_float_3_3
Parameters: 0.999999 -0.000243384 0.0013557 0.00023562 0.999985 0.00544433 -0.0013563 -0.00544368 0.999985 -0.0583044 -0.170052 -0.194357
FixedParameters: 0 0 0

#Transform 91
Transform: AffineTransform_float_3_3
Parameters: 0.999999 -0.000243192 0.00127865 0.000235811 0.999984 0.00562231 -0.00127935 -0.0056217 0.999984 -0.0409375 -0.186715 -0.203417
FixedParameters: 0 0 0

#Transform 92
Transform: AffineTransform_float_3_3
Parameters: 0.999998 -0.000796481 0.00173869 0.000787522 0.999985 0.00544738 -0.00174231 -0.00544562 0.999983 -0.0751259 -0.155835 -0.154414
FixedParameters: 0 0 0

#Transform 93
Transform: AffineTransform_float_3_3
Parameters: 0.999999 -0.000606004 0.00125211 0.000599992 0.999989 0.00478976 -0.00125589 -0.00478924 0.999987 -0.0531265 -0.13042 0.0143784
FixedParameters: 0 0 0

#Transform 94
Transform: AffineTransform_float_3_3
Parameters: 0.999999 0.00108917 0.000904634 -0.00109283 0.999991 0.00424702 -0.000900366 -0.00424798 0.99999 -0.0642914 -0.0814518 0.324955
FixedParameters: 0 0 0

#Transform 95
Transform: AffineTransform_float_3_3
Parameters: 1 -0.000337439 0.00105759 0.00033356 0.999991 0.00419435 -0.00105941 -0.00419364 0.99999 -0.0631116 -0.117671 0.165903
FixedParameters: 0 0 0

#Transform 96
Transform: AffineTransform_float_3_3
Parameters: 0.999999 -2.34577e-05 0.0012719 1.65417e-05 0.999987 0.00507703 -0.0012721 -0.00507698 0.999987 -0.0800337 -0.140969 0.127341
FixedParameters: 0 0 0

#Transform 97
Transform: AffineTransform_float_3_3
Parameters: 0.999998 -2.76692e-05 0.00204188 1.63301e-05 0.999987 0.00522505 -0.00204211 -0.00522496 0.999985 -0.0893268 -0.15977 0.0588582
FixedParameters: 0 0 0

#Transform 98
Transform: AffineTransform_float_3_3
Parameters: 0.999998 -0.00043983 0.00201388 0.000429168 0.999988 0.00487988 -0.00201612 -0.00487812 0.999986 -0.0829625 -0.130388 0.0973234
FixedParameters: 0 0 0

#Transform 99
Transform: AffineTransform_float_3_3
Parameters: 0.999999 -0.000435299 0.00116604 0.0004297 0.999989 0.0045415 -0.00116796 -0.00454049 0.999989 -0.0590268 -0.11497 0.121251
FixedParameters: 0 0 0

#Transform 100
Transform: AffineTransform_float_3_3
Parameters: 0.999999 0.000551565 0.00141991 -0.000558435 0.999986 0.00524122 -0.00141709 -0.00524179 0.999986 -0.0571663 -0.174354 0.0478648
FixedParameters: 0 0 0

#Transform 101
Transform: AffineTransform_float_3_3
Parameters: 0.999999 0.000485587 0.00141556 -0.00049341 0.999986 0.00524131 -0.00141243 -0.00524169 0.999986 -0.0759316 -0.179595 0.298764
FixedParameters: 0 0 0

#Transform 102
Transform: AffineTransform_float_3_3
Parameters: 0.999998 -0.000437337 0.00157398 0.000429661 0.999989 0.00465968 -0.00157602 -0.00465832 0.999988 -0.0832688 -0.0594086 0.419356
FixedParameters: 0 0 0

#Transform 103
Transform: AffineTransform_float_3_3
Parameters: 0.999999 -0.00144366 0.000550082 0.00144135 0.999988 0.0047968 -0.00055692 -0.00479621 0.999989 -0.0364483 -0.0876058 0.339479
FixedParameters: 0 0 0

#Transform 104
Transform: AffineTransform_float_3_3
Parameters: 0.999999 -0.000626108 -0.000444106 0.000628892 0.999979 0.00654273 0.000439895 -0.00654228 0.999979 -0.0389803 -0.139329 0.339341
FixedParameters: 0 0 0

#Transform 105
Transform: AffineTransform_float_3_3
Parameters: 1 -0.000887835 0.000704191 0.000884166 0.999985 0.00542863 -0.00070881 -0.00542737 0.999985 -0.0681383 -0.10134 0.293483
FixedParameters: 0 0 0

#Transform 106
Transform: AffineTransform_float_3_3
Parameters: 1 -0.000905935 0.000552213 0.000903066 0.999985 0.0052925 -0.000556788 -0.0052925 0.999986 -0.0501457 -0.120055 0.285062
FixedParameters: 0 0 0

#Transform 107
Transform: AffineTransform_float_3_3
Parameters: 1 -0.000903462 0.00074059 0.000899535 0.999981 0.00600367 -0.000746414 -0.00600333 0.999981 -0.0501884 -0.144471 0.288361
FixedParameters: 0 0 0

#Transform 108
Transform: AffineTransform_float_3_3
Parameters: 1 -0.000822832 0.000842307 0.000818171 0.999984 0.0057207 -0.000846694 -0.00571931 0.999984 -0.0459583 -0.13203 0.309091
FixedParameters: 0 0 0

#Transform 109
Transform: AffineTransform_float_3_3
Parameters: 0.999999 -0.000893678 0.000883292 0.000888318 0.999979 0.00640779 -0.00088971 -0.00640621 0.999979 -0.0419672 -0.15048 0.319308
FixedParameters: 0 0 0

#Transform 110
Transform: AffineTransform_float_3_3
Parameters: 0.999999 -0.000696571 0.00161949 0.000686425 0.999978 0.00651911 -0.00162451 -0.00651787 0.999977 -0.0438121 -0.149045 0.299591
FixedParameters: 0 0 0

#Transform 111
Transform: AffineTransform_float_3_3
Parameters: 0.999997 -0.000841501 0.00227834 0.000825501 0.999976 0.0067959 -0.00228366 -0.0067941 0.999975 -0.0564515 -0.161448 0.313851
FixedParameters: 0 0 0

#Transform 112
Transform: AffineTransform_float_3_3
Parameters: 0.999996 -0.000906823 0.00292223 0.00088818 0.999979 0.00643563 -0.00292778 -0.00643337 0.999975 -0.0628677 -0.136692 0.330223
FixedParameters: 0 0 0

#Transform 113
Transform: AffineTransform_float_3_3
Parameters: 0.999989 -0.000915571 0.00464365 0.000887436 0.999982 0.00593519 -0.00464835 -0.00593181 0.999971 -0.114242 -0.123524 0.405045
FixedParameters: 0 0 0

#Transform 114
Transform: AffineTransform_float_3_3
Parameters: 0.999976 -0.00325535 0.00623522 0.00322265 0.999982 0.00519122 -0.00625178 -0.00517078 0.999967 -0.153086 -0.0792671 0.516086
FixedParameters: 0 0 0

#Transform 115
Transform: AffineTransform_float_3_3
Parameters: 0.999987 -0.00231724 0.00449105 0.00228976 0.999979 0.00606036 -0.00450495 -0.00605064 0.999971 -0.116254 -0.0909905 0.473862
FixedParameters: 0 0 0

#Transform 116
Transform: AffineTransform_float_3_3
Parameters: 0.999989 -0.00237694 0.00400129 0.00235206 0.999978 0.00622548 -0.00401571 -0.00621552 0.999972 -0.0944697 -0.108979 0.404983
FixedParameters: 0 0 0

#Transform 117
Transform: AffineTransform_float_3_3
Parameters: 0.999988 -0.00260724 0.00410445 0.00258076 0.999977 0.00638667 -0.00412055 -0.00637534 0.999971 -0.0987754 -0.104542 0.445923
FixedParameters: 0 0 0

#Transform 118
Transform: AffineTransform_float_3_3
Parameters: 0.999987 -0.00232943 0.00450691 0.00229957 0.999976 0.00652445 -0.00452209 -0.00651455 0.999968 -0.117115 -0.0924202 0.474435
FixedParameters: 0 0 0

#Transform 119
Transform: AffineTransform_float_3_3
Parameters: 0.999987 -0.00232424 0.00457075 0.00229975 0.999984 0.00530258 -0.00458324 -0.00529142 0.999975 -0.119964 -0.0358862 0.48065
FixedParameters: 0 0 0

#Transform 120
Transform: AffineTransform_float_3_3
Parameters: 0.999988 -0.0020822 0.00438974 0.0020548 0.999978 0.0064181 -0.00440327 -0.00640891 0.99997 -0.112034 -0.107969 0.482863
FixedParameters: 0 0 0

#Transform 121
Transform: AffineTransform_float_3_3
Parameters: 0.999987 -0.00175066 0.00464593 0.00172034 0.999978 0.00638007 -0.00465706 -0.00637193 0.999969 -0.123586 -0.101485 0.522406
FixedParameters: 0 0 0

#Transform 122
Transform: AffineTransform_float_3_3
Parameters: 0.999988 -0.00217595 0.00450624 0.00214305 0.999971 0.00730275 -0.00452276 -0.00729325 0.999963 -0.117048 -0.11447 0.500901
FixedParameters: 0 0 0

#Transform 123
Transform: AffineTransform_float_3_3
Parameters: 0.999986 -0.00238686 0.00459405 0.00235213 0.999968 0.0075799 -0.00461195 -0.00756909 0.99996 -0.103122 -0.125947 0.492422
FixedParameters: 0 0 0

#Transform 124
Transform: AffineTransform_float_3_3
Parameters: 0.999988 -0.0019158 0.00450695 0.0018802 0.999967 0.00793457 -0.00452206 -0.00792643 0.999959 -0.0990971 -0.154288 0.520177
FixedParameters: 0 0 0

#Transform 125
Transform: AffineTransform_float_3_3
Parameters: 0.999987 -0.00232305 0.00450562 0.00229095 0.999972 0.00710441 -0.00452238 -0.00709458 0.999964 -0.0993333 -0.134488 0.516898
FixedParameters: 0 0 0

#Transform 126
Transform: AffineTransform_float_3_3
Parameters: 0.999989 -0.00231942 0.00405588 0.00229158 0.999973 0.00699737 -0.00407212 -0.00698763 0.999968 -0.0807957 -0.106021 0.523406
FixedParameters: 0 0 0

#Transform 127
Transform: AffineTransform_float_3_3
Parameters: 0.999987 -0.00232404 0.00450511 0.00229096 0.99997 0.00732541 -0.00452189 -0.00731558 0.999963 -0.116813 -0.111292 0.530782
FixedParameters: 0 0 0

#Transform 128
Transform: AffineTransform_float_3_3
Parameters: 0.999988 -0.00226941 0.00428399 0.00223659 0.999969 0.00755467 -0.00430101 -0.00754533 0.999963 -0.106953 -0.122052 0.502197
FixedParameters: 0 0 0

#Transform 129
Transform: AffineTransform_float_3_3
Parameters: 0.99999 -0.00231897 0.003785 0.00229103 0.99997 0.00737774 -0.00380199 -0.00736825 0.999965 -0.0724932 -0.147965 0.450498
FixedParameters: 0 0 0

#Transform 130
Transform: AffineTransform_float_3_3
Parameters: 0.999988 -0.00203452 0.00450657 0.00200048 0.999968 0.0076511 -0.00452243 -0.00764189 0.99996 -0.101493 -0.154432 0.46746
FixedParameters: 0 0 0

#Transform 131
Transform: AffineTransform_float_3_3
Parameters: 0.999988 -0.00184705 0.0045078 0.00181195 0.999968 0.00776626 -0.0045222 -0.00775874 0.999959 -0.117294 -0.141552 0.511843
FixedParameters: 0 0 0

#Transform 132
Transform: AffineTransform_float_3_3
Parameters: 0.999989 -0.00226856 0.00392751 0.00223844 0.999968 0.00776687 -0.00394549 -0.00775813 0.999962 -0.110449 -0.140476 0.430775
FixedParameters: 0 0 0

#Transform 133
Transform: AffineTransform_float_3_3
Parameters: 0.999989 -0.00227028 0.00392651 0.00223871 0.999964 0.00820687 -0.00394549 -0.00819812 0.999958 -0.100121 -0.181685 0.440519
FixedParameters: 0 0 0

#Transform 134
Transform: AffineTransform_float_3_3
Parameters: 0.999991 -0.00191094 0.00393059 0.00188106 0.99997 0.00760747 -0.00394542 -0.00759954 0.999964 -0.0899892 -0.143194 0.48722
FixedParameters: 0 0 0

#Transform 135
Transform: AffineTransform_float_3_3
Parameters: 0.99999 -0.00217552 0.0039288 0.00214548 0.999969 0.0075025 -0.0039452 -0.00749449 0.999964 -0.0825578 -0.168725 0.431989
FixedParameters: 0 0 0

#Transform 136
Transform: AffineTransform_float_3_3
Parameters: 0.999991 -0.00187613 0.00393123 0.00184687 0.999971 0.00740133 -0.00394477 -0.00739367 0.999965 -0.0882122 -0.162377 0.456809
FixedParameters: 0 0 0

#Transform 137
Transform: AffineTransform_float_3_3
Parameters: 0.999993 -0.00143716 0.0034468 0.00140984 0.999968 0.00786792 -0.0034582 -0.00786309 0.999963 -0.0890808 -0.161443 0.501825
FixedParameters: 0 0 0

#Transform 138
Transform: AffineTransform_float_3_3
Parameters: 0.999994 -0.00143615 0.0033469 0.00140985 0.999968 0.00780277 -0.0033581 -0.00779823 0.999964 -0.0846305 -0.15863 0.486707
FixedParameters: 0 0 0

#Transform 139
Transform: AffineTransform_float_3_3
Parameters: 0.999994 -0.00110367 0.00334965 0.00107733 0.99997 0.00765666 -0.00335735 -0.00765334 0.999965 -0.0851725 -0.178952 0.445062
FixedParameters: 0 0 0

#Transform 140
Transform: AffineTransform_float_3_3
Parameters: 0.999993 -0.00113217 0.00350497 0.00110683 0.999973 0.00717493 -0.00351303 -0.00717107 0.999968 -0.0975715 -0.154157 0.45333
FixedParameters: 0 0 0

#Transform 141
Transform: AffineTransform_float_3_3
Parameters: 0.999993 -0.00157756 0.00334653 0.00155345 0.999972 0.00732825 -0.00335747 -0.00732275 0.999967 -0.0847274 -0.153141 0.414855
FixedParameters: 0 0 0

#Transform 142
Transform: AffineTransform_float_3_3
Parameters: 0.999995 -0.001547 0.00295559 0.00152499 0.999971 0.00743255 -0.00296741 -0.00742745 0.999968 -0.0890989 -0.16426 0.411407
FixedParameters: 0 0 0

#Transform 143
Transform: AffineTransform_float_3_3
Parameters: 0.999995 -0.00117488 0.00274716 0.00115412 0.99997 0.0075902 -0.00275584 -0.0075868 0.999968 -0.0979374 -0.166006 0.412616
FixedParameters: 0 0 0

#Transform 144
Transform: AffineTransform_float_3_3
Parameters: 0.999994 -0.00146131 0.00320704 0.0014377 0.999971 0.00756766 -0.00321797 -0.00756335 0.999966 -0.105972 -0.147149 0.454647
FixedParameters: 0 0 0

#Transform 145
Transform: AffineTransform_float_3_3
Parameters: 0.999994 -0.00107092 0.00335013 0.00104608 0.999972 0.00743155 -0.00335786 -0.00742745 0.999967 -0.103546 -0.156064 0.438338
FixedParameters: 0 0 0

#Transform 146
Transform: AffineTransform_float_3_3
Parameters: 0.999992 -0.00169794 0.00361948 0.00167106 0.999971 0.00743411 -0.00363152 -0.00742789 0.999966 -0.102385 -0.16359 0.417089
FixedParameters: 0 0 0

#Transform 147
Transform: AffineTransform_float_3_3
Parameters: 0.999992 -0.00155489 0.00368293 0.00152611 0.999968 0.00783468 -0.00369506 -0.00782931 0.999962 -0.112097 -0.161621 0.469941
FixedParameters: 0 0 0

#Transform 148
Transform: AffineTransform_float_3_3
Parameters: 0.999993 -0.00148402 0.00327778 0.00145897 0.99997 0.00762383 -0.00328921 -0.00761916 0.999965 -0.104486 -0.149555 0.47135
FixedParameters: 0 0 0

#Transform 149
Transform: AffineTransform_float_3_3
Parameters: 0.999994 -0.00150791 0.00334689 0.00148209 0.999972 0.00743301 -0.00335811 -0.00742799 0.999967 -0.124434 -0.141137 0.453758
FixedParameters: 0 0 0

#Transform 150
Transform: AffineTransform_float_3_3
Parameters: 0.999994 -0.00147887 0.00334669 0.00145313 0.999969 0.00771791 -0.00335831 -0.00771308 0.999964 -0.109103 -0.153777 0.484252
FixedParameters: 0 0 0

#Transform 151
Transform: AffineTransform_float_3_3
Parameters: 0.999993 -0.00152129 0.00334617 0.00149571 0.999968 0.00784506 -0.00335783 -0.00783994 0.999963 -0.113593 -0.136735 0.476406
FixedParameters: 0 0 0

#Transform 152
Transform: AffineTransform_float_3_3
Parameters: 0.999993 -0.00130916 0.00367875 0.00127983 0.999968 0.00791877 -0.00368925 -0.00791423 0.999962 -0.114726 -0.124549 0.474946
FixedParameters: 0 0 0

#Transform 153
Transform: AffineTransform_float_3_3
Parameters: 0.999992 -0.00147892 0.0038613 0.00144808 0.999967 0.00799866 -0.0038727 -0.00799234 0.99996 -0.114509 -0.123051 0.449074
FixedParameters: 0 0 0

#Transform 154
Transform: AffineTransform_float_3_3
Parameters: 0.999992 -0.00145403 0.00375049 0.00142397 0.999967 0.00799841 -0.0037615 -0.0079926 0.999961 -0.0994268 -0.136162 0.456546
FixedParameters: 0 0 0

#Transform 155
Transform: AffineTransform_float_3_3
Parameters: 0.999992 -0.00145957 0.00375101 0.00143043 0.99997 0.00760843 -0.00376199 -0.00760257 0.999964 -0.114333 -0.118115 0.430827
FixedParameters: 0 0 0

#Transform 156
Transform: AffineTransform_float_3_3
Parameters: 0.999993 -0.00107294 0.00357102 0.00104606 0.999971 0.00753679 -0.00357898 -0.00753321 0.999965 -0.106531 -0.128499 0.453908
FixedParameters: 0 0 0

#Transform 157
Transform: AffineTransform_float_3_3
Parameters: 0.99999 -0.00107974 0.00419045 0.00104626 0.999967 0.00804546 -0.00419955 -0.00804154 0.999959 -0.134376 -0.156137 0.459152
FixedParameters: 0 0 0

#Transform 158
Transform: AffineTransform_float_3_3
Parameters: 0.999993 -0.00107604 0.00375352 0.00104596 0.999968 0.00799699 -0.00376148 -0.00799302 0.999961 -0.114777 -0.139959 0.431432
FixedParameters: 0 0 0

#Transform 159
Transform: AffineTransform_float_3_3
Parameters: 0.999993 -0.00107484 0.00357947 0.00104615 0.999967 0.0080508 -0.00358854 -0.0080462 0.999961 -0.107008 -0.1387 0.432042
FixedParameters: 0 0 0

#Transform 160
Transform: AffineTransform_float_3_3
Parameters: 0.999994 -0.00107284 0.00348084 0.00104616 0.99997 0.00770369 -0.00348916 -0.00770031 0.999965 -0.109951 -0.142937 0.455346
FixedParameters: 0 0 0

#Transform 161
Transform: AffineTransform_float_3_3
Parameters: 0.999993 -0.00102104 0.00375396 0.000990954 0.999967 0.00799678 -0.00376204 -0.00799222 0.999961 -0.114692 -0.156279 0.450345
FixedParameters: 0 0 0

#Transform 162
Transform: AffineTransform_float_3_3
Parameters: 0.999992 -0.000757048 0.00375607 0.000726948 0.999968 0.00799579 -0.00376193 -0.00799221 0.999961 -0.13476 -0.15252 0.470788
FixedParameters: 0 0 0

#Transform 163
Transform: AffineTransform_float_3_3
Parameters: 0.999992 -0.000884047 0.00375505 0.000853951 0.999967 0.00799626 -0.00376195 -0.00799273 0.999961 -0.134614 -0.13884 0.493945
FixedParameters: 0 0 0

#Transform 164
Transform: AffineTransform_float_3_3
Parameters: 0.999992 -0.00103551 0.00368784 0.00100648 0.999967 0.00799677 -0.00369616 -0.00799223 0.999961 -0.1083 -0.144462 0.454237
FixedParameters: 0 0 0

#Transform 165
Transform: AffineTransform_float_3_3
Parameters: 0.999994 -0.000767594 0.00334635 0.000737402 0.99996 0.00883552 -0.00335365 -0.00883348 0.999956 -0.0954163 -0.16322 0.47845
FixedParameters: 0 0 0

#Transform 166
Transform: AffineTransform_float_3_3
Parameters: 0.999993 -0.00121808 0.00332879 0.00118691 0.999956 0.00932401 -0.00334021 -0.00931999 0.999951 -0.0969376 -0.147066 0.520398
FixedParameters: 0 0 0

#Transform 167
Transform: AffineTransform_float_3_3
Parameters: 0.999995 -0.000932664 0.00299854 0.000904333 0.999957 0.00921376 -0.00300746 -0.00921124 0.999953 -0.0917355 -0.154946 0.467438
FixedParameters: 0 0 0

#Transform 168
Transform: AffineTransform_float_3_3
Parameters: 0.999994 -0.00120714 0.00329246 0.00117886 0.99996 0.00883794 -0.00330355 -0.00883407 0.999956 -0.0896758 -0.158026 0.415737
FixedParameters: 0 0 0

#Transform 169
Transform: AffineTransform_float_3_3
Parameters: 0.999992 -0.000773504 0.00386507 0.000737496 0.999957 0.00917892 -0.00387193 -0.00917608 0.999951 -0.116545 -0.140903 0.488845
FixedParameters: 0 0 0

#Transform 170
Transform: AffineTransform_float_3_3
Parameters: 0.999991 -0.000775876 0.00412305 0.000738124 0.999957 0.00918012 -0.00412995 -0.00917688 0.99995 -0.128233 -0.158452 0.447048
FixedParameters: 0 0 0

#Transform 171
Transform: AffineTransform_float_3_3
Parameters: 0.999992 -0.000712383 0.00375528 0.000676617 0.999953 0.00968161 -0.00376172 -0.00967839 0.999946 -0.134691 -0.151254 0.523353
FixedParameters: 0 0 0

#Transform 172
Transform: AffineTransform_float_3_3
Parameters: 0.999995 -0.000769798 0.00330175 0.000738199 0.999954 0.0096215 -0.00330926 -0.00961851 0.999949 -0.103261 -0.161448 0.493084
FixedParameters: 0 0 0

#Transform 173
Transform: AffineTransform_float_3_3
Parameters: 0.999995 -0.000769243 0.00314251 0.000737762 0.999951 0.00993137 -0.00314948 -0.00992863 0.999945 -0.0969759 -0.175265 0.512771
FixedParameters: 0 0 0

#Transform 174
Transform: AffineTransform_float_3_3
Parameters: 0.999993 -0.000383337 0.00375838 0.000346665 0.99995 0.00993037 -0.00376163 -0.00992862 0.999943 -0.135057 -0.154352 0.5326
FixedParameters: 0 0 0

#Transform 175
Transform: AffineTransform_float_3_3
Parameters: 0.999995 -0.000392197 0.00316029 0.000360806 0.999952 0.0098662 -0.00316371 -0.00986482 0.999947 -0.108202 -0.15183 0.507486
FixedParameters: 0 0 0

#Transform 176
Transform: AffineTransform_float_3_3
Parameters: 0.999993 -0.000359786 0.00375858 0.000321209 0.99995 0.0100493 -0.00376242 -0.0100477 0.999943 -0.130178 -0.163259 0.507553
FixedParameters: 0 0 0

#Transform 177
Transform: AffineTransform_float_3_3
Parameters: 0.999993 -0.00049697 0.00354627 0.00046203 0.999952 0.00985571 -0.00355072 -0.0098533 0.999945 -0.125423 -0.157498 0.526252
FixedParameters: 0 0 0

#Transform 178
Transform: AffineTransform_float_3_3
Parameters: 0.999996 -0.000822187 0.00293251 0.000794808 0.999957 0.00926037 -0.00294049 -0.00925762 0.999953 -0.0975476 -0.157674 0.515286
FixedParameters: 0 0 0

#Transform 179
Transform: AffineTransform_float_3_3
Parameters: 0.999994 -0.00114179 0.00327643 0.00111121 0.999956 0.0093847 -0.00328657 -0.0093813 0.99995 -0.105988 -0.144743 0.507546
FixedParameters: 0 0 0
