# transform file /out/sourcedata/freesurfer/sub-v2s12x28903_ses-1/mri/transforms/cc_up.lta
# created by oesteban on Wed Mar 11 04:02:32 2026

type      = 0 # LINEAR_VOX_TO_VOX
nxforms   = 1
mean      = 130.0000 127.0000 125.0000
sigma     = 10000.0000
1 4 4
9.973902702331543e-01 -3.153856098651886e-02 6.494639813899994e-02 -6.210681438446045e+00 
3.147190809249878e-02 9.995025992393494e-01 2.049335278570652e-03 1.267828464508057e+01 
-6.497872620820999e-02 0.000000000000000e+00 9.978867173194885e-01 1.277427005767822e+01 
0.000000000000000e+00 0.000000000000000e+00 0.000000000000000e+00 1.000000000000000e+00 
src volume info
valid = 1  # volume info valid
filename = /out/sourcedata/freesurfer/sub-v2s12x28903_ses-1/mri/norm.mgz
volume = 256 256 256
voxelsize = 1.000000000000000e+00 1.000000000000000e+00 1.000000000000000e+00
xras   = -1.000000000000000e+00 0.000000000000000e+00 0.000000000000000e+00
yras   = 0.000000000000000e+00 0.000000000000000e+00 -1.000000000000000e+00
zras   = 0.000000000000000e+00 1.000000000000000e+00 0.000000000000000e+00
cras   = 5.968803405761719e+00 1.456199645996094e+01 2.784399414062500e+01
dst volume info
valid = 1  # volume info valid
filename = /out/sourcedata/freesurfer/sub-v2s12x28903_ses-1/mri/norm.mgz
volume = 256 256 256
voxelsize = 1.000000000000000e+00 1.000000000000000e+00 1.000000000000000e+00
xras   = -1.000000000000000e+00 0.000000000000000e+00 0.000000000000000e+00
yras   = 0.000000000000000e+00 0.000000000000000e+00 -1.000000000000000e+00
zras   = 0.000000000000000e+00 1.000000000000000e+00 0.000000000000000e+00
cras   = 5.968803405761719e+00 1.456199645996094e+01 2.784399414062500e+01
