# transform file /out/sourcedata/freesurfer/sub-v2s12x28900_ses-1/mri/transforms/cc_up.lta
# created by oesteban on Wed Mar 11 04:31:07 2026

type      = 0 # LINEAR_VOX_TO_VOX
nxforms   = 1
mean      = 129.0000 109.0000 130.0000
sigma     = 10000.0000
1 4 4
9.960783123970032e-01 -7.214140892028809e-02 5.122172459959984e-02 2.839103698730469e+00 
7.204621285200119e-02 9.973944425582886e-01 3.704860573634505e-03 2.162139892578125e+01 
-5.135553702712059e-02 0.000000000000000e+00 9.986804723739624e-01 1.670943832397461e+01 
0.000000000000000e+00 0.000000000000000e+00 0.000000000000000e+00 1.000000000000000e+00 
src volume info
valid = 1  # volume info valid
filename = /out/sourcedata/freesurfer/sub-v2s12x28900_ses-1/mri/norm.mgz
volume = 256 256 256
voxelsize = 1.000000000000000e+00 1.000000000000000e+00 1.000000000000000e+00
xras   = -1.000000000000000e+00 0.000000000000000e+00 0.000000000000000e+00
yras   = 0.000000000000000e+00 0.000000000000000e+00 -1.000000000000000e+00
zras   = 0.000000000000000e+00 1.000000000000000e+00 0.000000000000000e+00
cras   = 2.843498229980469e+00 4.016006469726562e+00 2.264799499511719e+01
dst volume info
valid = 1  # volume info valid
filename = /out/sourcedata/freesurfer/sub-v2s12x28900_ses-1/mri/norm.mgz
volume = 256 256 256
voxelsize = 1.000000000000000e+00 1.000000000000000e+00 1.000000000000000e+00
xras   = -1.000000000000000e+00 0.000000000000000e+00 0.000000000000000e+00
yras   = 0.000000000000000e+00 0.000000000000000e+00 -1.000000000000000e+00
zras   = 0.000000000000000e+00 1.000000000000000e+00 0.000000000000000e+00
cras   = 2.843498229980469e+00 4.016006469726562e+00 2.264799499511719e+01
