#Insight Transform File V1.0
#Transform 0
Transform: AffineTransform_float_3_3
Parameters: 1 0.000500272 -0.00046971 -0.000499727 0.999999 0.000580235 0.00047029 -0.000579765 0.999999 0.00206836 -0.0684372 -0.161099
FixedParameters: 0 0 0

#Transform 1
Transform: AffineTransform_float_3_3
Parameters: 1 0 0 0 1 0.000324 0 -0.000324 1 -0.036825 -0.0374504 -0.0596977
FixedParameters: 0 0 0

#Transform 2
Transform: AffineTransform_float_3_3
Parameters: 1 0 0 0 1 0 0 0 1 -0.036825 -0.044738 -0.057061
FixedParameters: 0 0 0

#Transform 3
Transform: AffineTransform_float_3_3
Parameters: 1 3.836e-08 5.6e-05 3.836e-08 1 -0.000685 -5.6e-05 0.000685 1 -0.00806514 -0.0527319 -0.122335
FixedParameters: 0 0 0

#Transform 4
Transform: AffineTransform_float_3_3
Parameters: 1 0 0 0 0.999999 -0.000824999 0 0.000824999 0.999999 -0.010488 -0.0397393 -0.15846
FixedParameters: 0 0 0

#Transform 5
Transform: AffineTransform_float_3_3
Parameters: 1 -2.8545e-08 -5.5e-05 -2.8545e-08 1 -0.000519 5.5e-05 0.000519 1 -0.0138645 -0.047515 -0.0985521
FixedParameters: 0 0 0

#Transform 6
Transform: AffineTransform_float_3_3
Parameters: 1 -1.38e-07 -0.00012 -1.38e-07 1 -0.00115 0.00012 0.00115 1 -0.0346978 -0.0425118 -0.057531
FixedParameters: 0 0 0

#Transform 7
Transform: AffineTransform_float_3_3
Parameters: 1 1.7856e-08 -0.000124 1.7856e-08 1 0.000144 0.000124 -0.000144 1 -0.0345897 -0.0324588 -0.0568884
FixedParameters: 0 0 0

#Transform 8
Transform: AffineTransform_float_3_3
Parameters: 1 0 0 0 1 -0.001034 0 0.001034 1 -0.010699 -0.0298271 -0.150192
FixedParameters: 0 0 0

#Transform 9
Transform: AffineTransform_float_3_3
Parameters: 1 0.000257795 0.000418511 -0.000257206 0.999998 -0.00189911 -0.000418489 0.00189889 0.999998 -0.00100305 -0.07055 -0.20432
FixedParameters: 0 0 0

#Transform 10
Transform: AffineTransform_float_3_3
Parameters: 1 0 0 0 1 0.000196 0 -0.000196 1 0.002994 -0.0309382 -0.164473
FixedParameters: 0 0 0

#Transform 11
Transform: AffineTransform_float_3_3
Parameters: 1 0 0 0 0.999999 0.001281 0 -0.001281 0.999999 0.035052 -0.00166209 -0.155962
FixedParameters: 0 0 0

#Transform 12
Transform: AffineTransform_float_3_3
Parameters: 1 0 0 0 1 -0.00058 0 0.00058 1 0.002195 -0.0357667 -0.16217
FixedParameters: 0 0 0

#Transform 13
Transform: AffineTransform_float_3_3
Parameters: 1 0.00018023 0.000151727 -0.000179771 0.999999 -0.00151703 -0.000151273 0.00151697 0.999999 0.00637593 -0.0502228 -0.148644
FixedParameters: 0 0 0

#Transform 14
Transform: AffineTransform_float_3_3
Parameters: 1 2.35796e-07 -0.000253 2.35796e-07 0.999999 0.000931999 0.000253 -0.000931999 0.999999 -0.00183913 -0.0191772 -0.0963118
FixedParameters: 0 0 0

#Transform 15
Transform: AffineTransform_float_3_3
Parameters: 1 0 0 0 0.999999 0.000904999 0 -0.000904999 0.999999 -0.006451 -0.0226498 -0.133954
FixedParameters: 0 0 0

#Transform 16
Transform: AffineTransform_float_3_3
Parameters: 1 9.89197e-05 -0.000304026 -9.90802e-05 1 -0.00026397 0.000303974 0.00026403 1 0.0176278 -0.00571978 -0.172577
FixedParameters: 0 0 0

#Transform 17
Transform: AffineTransform_float_3_3
Parameters: 1 0.000198986 -0.000174016 -0.000199014 1 -7.99654e-05 0.000173984 7.90346e-05 1 0.0259898 -0.010118 -0.0603975
FixedParameters: 0 0 0

#Transform 18
Transform: AffineTransform_float_3_3
Parameters: 1 -0.000419569 -0.000436454 0.000419431 0.999999 -0.00130318 0.000436547 0.00130282 0.999999 0.0102878 0.00834161 -0.0169698
FixedParameters: 0 0 0

#Transform 19
Transform: AffineTransform_float_3_3
Parameters: 1 -3.10394e-05 -1.7932e-05 3.09605e-05 0.999997 -0.002191 1.80679e-05 0.002191 0.999997 -0.00662265 -0.0392375 -0.0788812
FixedParameters: 0 0 0

#Transform 20
Transform: AffineTransform_float_3_3
Parameters: 1 -4.50917e-05 -0.000117965 4.49083e-05 0.999999 -0.000777005 0.000118035 0.000776994 0.999999 -0.00524658 -0.0132401 0.0112975
FixedParameters: 0 0 0

#Transform 21
Transform: AffineTransform_float_3_3
Parameters: 1 -4.29725e-05 -4.40268e-05 4.20274e-05 1 0.000623998 4.39738e-05 -0.000624002 1 -0.00645567 0.000912319 -0.0214093
FixedParameters: 0 0 0

#Transform 22
Transform: AffineTransform_float_3_3
Parameters: 1 -0.000310832 0.000183285 0.000311168 0.999999 -0.000915942 -0.000183715 0.000916056 0.999999 -0.00663965 -0.0100463 -0.0138048
FixedParameters: 0 0 0

#Transform 23
Transform: AffineTransform_float_3_3
Parameters: 1 0.00023498 1.43273e-05 -0.000235021 0.999999 0.001393 -1.46726e-05 -0.001393 0.999999 -0.00256274 0.00184291 -0.0164266
FixedParameters: 0 0 0

#Transform 24
Transform: AffineTransform_float_3_3
Parameters: 1 -3.98952e-05 -4.80871e-05 4.01045e-05 0.999997 0.00218 4.79127e-05 -0.00218 0.999997 -0.0124702 -0.0245823 0.0562097
FixedParameters: 0 0 0

#Transform 25
Transform: AffineTransform_float_3_3
Parameters: 1 0.000212894 0.000160141 -0.000213107 1 0.000662966 -0.000160859 -0.000663034 1 0.00425286 -0.0311107 -0.0128361
FixedParameters: 0 0 0

#Transform 26
Transform: AffineTransform_float_3_3
Parameters: 1 2.25306e-05 0.000405026 -2.24694e-05 1 0.00115899 -0.000404974 -0.00115901 0.999999 0.00618314 -0.0127195 -0.00234338
FixedParameters: 0 0 0

#Transform 27
Transform: AffineTransform_float_3_3
Parameters: 1 9.49974e-05 3.0797e-06 -9.50024e-05 0.999999 0.000838999 -2.92029e-06 -0.000839 0.999999 0.00905744 0.00836582 0.0327976
FixedParameters: 0 0 0

#Transform 28
Transform: AffineTransform_float_3_3
Parameters: 1 0.000165471 0.000579151 -0.000166528 0.999999 0.000912904 -0.000578848 -0.000913096 1 0.0163073 0.00247267 -0.0233015
FixedParameters: 0 0 0

#Transform 29
Transform: AffineTransform_float_3_3
Parameters: 0.999999 0.00110172 0.000581431 -0.00110328 0.999997 0.00220436 -0.000578569 -0.00220564 0.999998 0.029239 -0.0276788 -0.038518
FixedParameters: 0 0 0

#Transform 30
Transform: AffineTransform_float_3_3
Parameters: 1 -0.000798042 -0.00090934 0.000794957 0.999994 -0.00333973 0.00091266 0.00333927 0.999994 0.0102492 0.0574069 0.0116513
FixedParameters: 0 0 0

#Transform 31
Transform: AffineTransform_float_3_3
Parameters: 0.999997 0.00140345 -0.00170881 -0.00140154 0.999998 0.000852397 0.00171019 -0.000850602 0.999998 -0.0532849 -0.0177224 0.0352349
FixedParameters: 0 0 0

#Transform 32
Transform: AffineTransform_float_3_3
Parameters: 0.999999 0.000484468 -0.000748051 -0.000483532 0.999998 0.00196136 0.000748949 -0.00196064 0.999998 -0.0223395 0.00612623 0.047843
FixedParameters: 0 0 0

#Transform 33
Transform: AffineTransform_float_3_3
Parameters: 1 4.57633e-05 -0.000557019 -4.52371e-05 1 -0.000424975 0.000557981 0.000425025 1 -0.0195219 0.0326111 0.0791708
FixedParameters: 0 0 0

#Transform 34
Transform: AffineTransform_float_3_3
Parameters: 0.999999 4.54774e-05 -0.000754032 -4.55225e-05 1 -0.000692966 0.000753969 0.000693035 1 -0.0159839 0.0312243 0.0534088
FixedParameters: 0 0 0

#Transform 35
Transform: AffineTransform_float_3_3
Parameters: 1 4.58118e-05 -0.000474018 -4.51882e-05 1 -0.000396979 0.000473982 0.000397022 1 -0.0209863 0.0259009 0.0548255
FixedParameters: 0 0 0

#Transform 36
Transform: AffineTransform_float_3_3
Parameters: 1 4.53714e-05 -0.000588049 -4.56286e-05 1 -0.00106897 0.000587952 0.00106903 1 -0.00708252 0.0256839 0.0751463
FixedParameters: 0 0 0

#Transform 37
Transform: AffineTransform_float_3_3
Parameters: 1 0.000183558 -0.00053915 -0.000184442 0.999999 -0.0008199 0.000538849 0.000820098 0.999999 -0.00250796 0.0178447 0.0526997
FixedParameters: 0 0 0

#Transform 38
Transform: AffineTransform_float_3_3
Parameters: 1 4.55064e-05 -0.000412055 -4.54935e-05 1 -0.00119798 0.000411946 0.00119802 0.999999 -0.0124082 0.0324026 0.0961385
FixedParameters: 0 0 0

#Transform 39
Transform: AffineTransform_float_3_3
Parameters: 1 -4.36413e-05 -0.000506945 4.23586e-05 0.999999 -0.00126502 0.000507054 0.00126498 0.999999 -0.0219882 0.0190808 0.111148
FixedParameters: 0 0 0

#Transform 40
Transform: AffineTransform_float_3_3
Parameters: 1 4.51054e-05 -0.000273149 -4.58941e-05 0.999994 -0.00327599 0.000272851 0.00327601 0.999994 -0.0245971 0.0123688 0.0953716
FixedParameters: 0 0 0

#Transform 41
Transform: AffineTransform_float_3_3
Parameters: 1 4.57758e-05 -6.11684e-05 -4.52236e-05 0.999994 -0.00367 6.08345e-05 0.00367 0.999994 -0.0285172 0.0267116 0.118776
FixedParameters: 0 0 0

#Transform 42
Transform: AffineTransform_float_3_3
Parameters: 1 -3.319e-05 -0.000609936 3.18098e-05 0.999998 -0.00195102 0.000610063 0.00195098 0.999998 -0.019979 0.0238701 0.114835
FixedParameters: 0 0 0

#Transform 43
Transform: AffineTransform_float_3_3
Parameters: 1 4.55857e-05 -0.000180105 -4.54141e-05 0.999998 -0.00230099 0.000179896 0.00230101 0.999998 -0.00679573 0.00422099 0.0938724
FixedParameters: 0 0 0

#Transform 44
Transform: AffineTransform_float_3_3
Parameters: 1 4.54151e-05 -0.000426063 -4.55848e-05 0.999999 -0.00137298 0.000425938 0.00137302 0.999999 -0.005758 0.00647857 0.132023
FixedParameters: 0 0 0

#Transform 45
Transform: AffineTransform_float_3_3
Parameters: 1 4.57991e-05 -0.000180051 -4.52009e-05 1 -0.00111599 0.00017995 0.00111601 1 0.0019015 0.0285177 0.132097
FixedParameters: 0 0 0

#Transform 46
Transform: AffineTransform_float_3_3
Parameters: 1 0.0002288 -0.000384716 -0.000229201 0.999995 -0.00312291 0.000384286 0.00312309 0.999995 0.00279733 0.0124557 0.130641
FixedParameters: 0 0 0

#Transform 47
Transform: AffineTransform_float_3_3
Parameters: 1 0.000237228 -0.000579317 -0.000237772 0.999999 -0.00133286 0.000578684 0.00133214 0.999999 0.00306474 0.013441 0.105134
FixedParameters: 0 0 0

#Transform 48
Transform: AffineTransform_float_3_3
Parameters: 1 4.58261e-05 -0.000180044 -4.51738e-05 0.999999 -0.000965991 0.000179956 0.000966007 0.999999 -0.000458742 0.0224613 0.0985783
FixedParameters: 0 0 0

#Transform 49
Transform: AffineTransform_float_3_3
Parameters: 1 0.000101767 -0.000180132 -0.000102233 0.999999 -0.00129598 0.000179868 0.00129602 0.999999 0.00363873 0.0256691 0.104576
FixedParameters: 0 0 0

#Transform 50
Transform: AffineTransform_float_3_3
Parameters: 1 4.57845e-05 -0.000180055 -4.52154e-05 1 -0.00119699 0.000179946 0.00119701 1 0.00476295 0.0222408 0.100239
FixedParameters: 0 0 0

#Transform 51
Transform: AffineTransform_float_3_3
Parameters: 1 4.57667e-05 -0.000180059 -4.52332e-05 0.999999 -0.00129599 0.000179942 0.00129601 0.999999 -0.00182475 0.0111973 0.051288
FixedParameters: 0 0 0

#Transform 52
Transform: AffineTransform_float_3_3
Parameters: 1 4.57724e-05 -0.000281037 -4.52276e-05 0.999999 -0.000809987 0.000280963 0.000810012 0.999999 -0.0101915 0.0255793 0.0918975
FixedParameters: 0 0 0

#Transform 53
Transform: AffineTransform_float_3_3
Parameters: 1 4.58122e-05 -0.000241036 -4.51877e-05 0.999999 -0.000778989 0.000240965 0.000779011 0.999999 0.00217745 0.0171726 0.119068
FixedParameters: 0 0 0

#Transform 54
Transform: AffineTransform_float_3_3
Parameters: 1 -0.000364066 -0.000179867 0.000363934 1 -0.000365065 0.000180133 0.000364934 1 0.0162183 0.0392244 0.100483
FixedParameters: 0 0 0

#Transform 55
Transform: AffineTransform_float_3_3
Parameters: 0.999999 -0.00114077 -0.00136202 0.00113623 0.999993 -0.00349955 0.00136598 0.00349845 0.999993 0.0638739 0.0646364 0.0171637
FixedParameters: 0 0 0

#Transform 56
Transform: AffineTransform_float_3_3
Parameters: 0.999999 -0.00113958 -0.00136301 0.00113642 0.999996 -0.00262455 0.00136599 0.00262345 0.999995 0.00255223 0.12659 0.0970776
FixedParameters: 0 0 0

#Transform 57
Transform: AffineTransform_float_3_3
Parameters: 0.999999 -0.000150247 -0.0008803 0.000151753 0.999998 0.00199187 0.000879699 -0.00199213 0.999997 -0.00328053 -0.0308902 0.0822359
FixedParameters: 0 0 0

#Transform 58
Transform: AffineTransform_float_3_3
Parameters: 1 0.000259872 -0.000598056 -0.000260128 1 -0.000214844 0.000597944 0.000214155 1 0.0330978 0.0433717 0.0895373
FixedParameters: 0 0 0

#Transform 59
Transform: AffineTransform_float_3_3
Parameters: 0.999999 -0.000286824 -0.00154185 0.000286175 1 -0.000535442 0.00154115 0.000534558 0.999998 0.0640601 0.0372888 0.0534806
FixedParameters: 0 0 0

#Transform 60
Transform: AffineTransform_float_3_3
Parameters: 1 -0.000286459 -0.00104788 0.000286541 1 -0.000438301 0.00104813 0.0004377 1 0.0278344 0.0453281 0.0700611
FixedParameters: 0 0 0

#Transform 61
Transform: AffineTransform_float_3_3
Parameters: 0.999999 -0.000286629 -0.000742757 0.00028637 0.999999 -0.000847213 0.000743243 0.000846787 1 0.0222284 0.0429014 0.110399
FixedParameters: 0 0 0

#Transform 62
Transform: AffineTransform_float_3_3
Parameters: 1 -0.00028662 -0.00115985 0.000286379 1 -0.000535333 0.00116015 0.000534668 0.999999 0.0106808 0.037245 0.140427
FixedParameters: 0 0 0

#Transform 63
Transform: AffineTransform_float_3_3
Parameters: 0.999999 -0.000286543 -0.000702779 0.000286457 0.999999 -0.000772202 0.000703222 0.000772799 1 0.0246958 0.0415954 0.123956
FixedParameters: 0 0 0

#Transform 64
Transform: AffineTransform_float_3_3
Parameters: 0.999998 -0.000692299 -0.00143131 0.0006947 0.999998 0.00188701 0.00142969 -0.00188799 0.999997 0.0494528 0.07824 0.120198
FixedParameters: 0 0 0

#Transform 65
Transform: AffineTransform_float_3_3
Parameters: 0.999999 -0.000694869 -0.00127207 0.00069513 1 0.000102116 0.00127193 -0.000102884 0.999999 0.0658707 0.0774954 0.0706671
FixedParameters: 0 0 0

#Transform 66
Transform: AffineTransform_float_3_3
Parameters: 0.999995 -0.00125573 -0.00265318 0.00125427 0.999999 -0.000654331 0.00265382 0.00065167 0.999997 0.169109 -0.0213905 0.0281479
FixedParameters: 0 0 0

#Transform 67
Transform: AffineTransform_float_3_3
Parameters: 0.999987 0.000702283 -0.00518182 -0.000638713 0.999926 0.0122045 0.00519018 -0.0122005 0.999912 0.235265 -0.104184 -0.10411
FixedParameters: 0 0 0

#Transform 68
Transform: AffineTransform_float_3_3
Parameters: 0.999986 -0.000347951 -0.00540737 0.000382047 0.999979 0.00648203 0.00540464 -0.00648398 0.999965 0.181582 -0.0124055 0.113461
FixedParameters: 0 0 0

#Transform 69
Transform: AffineTransform_float_3_3
Parameters: 0.99999 -0.000616043 -0.00428721 0.000637957 0.999986 0.00512231 0.00428378 -0.00512468 0.999977 0.15839 -0.00800409 0.0901329
FixedParameters: 0 0 0

#Transform 70
Transform: AffineTransform_float_3_3
Parameters: 0.99999 -0.000449833 -0.00431725 0.000470165 0.999988 0.00490301 0.00431474 -0.00490498 0.999978 0.16692 0.0116558 0.138416
FixedParameters: 0 0 0

#Transform 71
Transform: AffineTransform_float_3_3
Parameters: 0.999994 -0.000588698 -0.00347428 0.000601301 0.999993 0.00382894 0.00347172 -0.00383107 0.999986 0.166129 0.0119863 0.0504108
FixedParameters: 0 0 0

#Transform 72
Transform: AffineTransform_float_3_3
Parameters: 0.99999 -0.000226837 -0.00431622 0.000249162 0.999987 0.00513497 0.00431477 -0.00513602 0.999977 0.218935 0.0910185 0.23487
FixedParameters: 0 0 0

#Transform 73
Transform: AffineTransform_float_3_3
Parameters: 0.999989 -0.000230143 -0.00469975 0.000245855 0.999995 0.00316088 0.00469825 -0.00316212 0.999984 0.325349 0.110858 0.334732
FixedParameters: 0 0 0

#Transform 74
Transform: AffineTransform_float_3_3
Parameters: 0.999988 -0.000146142 -0.00504233 0.00015686 0.999997 0.00215324 0.00504268 -0.00215376 0.999985 0.292757 0.103487 0.360347
FixedParameters: 0 0 0

#Transform 75
Transform: AffineTransform_float_3_3
Parameters: 0.999988 -8.74418e-05 -0.00504234 0.000104563 0.999994 0.00348252 0.00504267 -0.00348249 0.999981 0.297561 0.0791067 0.341885
FixedParameters: 0 0 0

#Transform 76
Transform: AffineTransform_float_3_3
Parameters: 0.99999 -0.000455944 -0.00442894 0.000465056 0.999998 0.00204396 0.00442806 -0.00204604 0.999988 0.255864 0.0745508 0.358294
FixedParameters: 0 0 0

#Transform 77
Transform: AffineTransform_float_3_3
Parameters: 0.999989 -0.000310743 -0.00457463 0.000319254 0.999998 0.00202256 0.00457336 -0.00202444 0.999987 0.263345 0.0739003 0.354307
FixedParameters: 0 0 0

#Transform 78
Transform: AffineTransform_float_3_3
Parameters: 0.999989 -0.00041006 -0.00468797 0.000420941 0.999997 0.00233305 0.00468703 -0.00233495 0.999987 0.256738 0.0690021 0.3559
FixedParameters: 0 0 0

#Transform 79
Transform: AffineTransform_float_3_3
Parameters: 0.999991 -0.000158285 -0.0042731 0.000160716 1 0.000635319 0.0042729 -0.000635682 0.99999 0.246536 0.0466291 0.0677936
FixedParameters: 0 0 0

#Transform 80
Transform: AffineTransform_float_3_3
Parameters: 0.99999 -0.000298893 -0.00441135 0.000304109 1 0.00115767 0.00441065 -0.00115833 0.999989 0.237946 0.0545454 0.30011
FixedParameters: 0 0 0

#Transform 81
Transform: AffineTransform_float_3_3
Parameters: 0.99999 -0.00027777 -0.00430747 0.000285228 0.999998 0.00167779 0.00430653 -0.00167921 0.99999 0.243155 0.048283 0.410373
FixedParameters: 0 0 0

#Transform 82
Transform: AffineTransform_float_3_3
Parameters: 0.999995 -0.000284804 -0.00317229 0.000287196 1 0.00100709 0.00317171 -0.00100791 0.999995 0.223447 0.0230172 0.245052
FixedParameters: 0 0 0

#Transform 83
Transform: AffineTransform_float_3_3
Parameters: 0.999994 -0.000295641 -0.00345038 0.00029936 0.999999 0.00126298 0.00345063 -0.00126403 0.999993 0.193173 0.0397169 0.282675
FixedParameters: 0 0 0

#Transform 84
Transform: AffineTransform_float_3_3
Parameters: 0.999994 -0.000339744 -0.00345032 0.000343255 0.999999 0.00094282 0.00345068 -0.000944177 0.999993 0.212491 0.0400813 0.377718
FixedParameters: 0 0 0

#Transform 85
Transform: AffineTransform_float_3_3
Parameters: 0.99999 -0.000494317 -0.00432912 0.000503682 0.999998 0.00223584 0.00432788 -0.00223816 0.999988 0.225112 0.0253183 0.383101
FixedParameters: 0 0 0

#Transform 86
Transform: AffineTransform_float_3_3
Parameters: 0.999995 -0.000341388 -0.00317517 0.000343612 1 0.000506911 0.00317583 -0.000508087 0.999995 0.184954 0.0401849 0.395893
FixedParameters: 0 0 0

#Transform 87
Transform: AffineTransform_float_3_3
Parameters: 0.999994 -0.00034081 -0.00345022 0.000343189 0.999999 0.000633819 0.00345078 -0.00063518 0.999994 0.175476 0.0764308 0.46695
FixedParameters: 0 0 0

#Transform 88
Transform: AffineTransform_float_3_3
Parameters: 0.999994 -0.000340352 -0.00345026 0.000342648 0.999999 0.000766822 0.00345074 -0.000768179 0.999994 0.172575 0.0675043 0.469491
FixedParameters: 0 0 0

#Transform 89
Transform: AffineTransform_float_3_3
Parameters: 0.999997 -0.00034294 -0.00219201 0.00034306 1 2.72481e-05 0.00219199 -2.77518e-05 0.999997 0.157943 0.0696689 0.347545
FixedParameters: 0 0 0

#Transform 90
Transform: AffineTransform_float_3_3
Parameters: 0.999994 -0.0014322 -0.00337549 0.0014308 0.999999 -0.000358832 0.00337551 0.000354168 0.999994 0.179604 0.119663 0.412723
FixedParameters: 0 0 0

#Transform 91
Transform: AffineTransform_float_3_3
Parameters: 0.999989 -0.00199276 -0.00421112 0.00199324 0.999998 5.36068e-05 0.00421089 -6.23919e-05 0.999991 0.194456 0.115841 0.444321
FixedParameters: 0 0 0

#Transform 92
Transform: AffineTransform_float_3_3
Parameters: 0.99999 -0.000965887 -0.00421287 0.000973112 0.999997 0.00192392 0.00421113 -0.00192809 0.99999 0.168721 0.0654704 0.436448
FixedParameters: 0 0 0

#Transform 93
Transform: AffineTransform_float_3_3
Parameters: 0.999993 -1.56439e-05 -0.00388518 4.03547e-05 0.999981 0.00626889 0.00388482 -0.00626911 0.999973 0.174362 -0.0248007 0.385772
FixedParameters: 0 0 0

#Transform 94
Transform: AffineTransform_float_3_3
Parameters: 0.999994 -0.000359079 -0.0034583 0.00036192 0.999999 0.000843753 0.00345869 -0.000845246 0.999993 0.175293 0.0601705 0.428204
FixedParameters: 0 0 0

#Transform 95
Transform: AffineTransform_float_3_3
Parameters: 0.999993 -0.000586874 -0.00352369 0.000590126 0.999999 0.00116993 0.00352331 -0.00117208 0.999993 0.18162 0.0658438 0.441242
FixedParameters: 0 0 0

#Transform 96
Transform: AffineTransform_float_3_3
Parameters: 0.999991 -0.00165628 -0.0039443 0.00165772 0.999998 0.000179463 0.0039437 -0.000186534 0.999992 0.183483 0.0906433 0.448355
FixedParameters: 0 0 0

#Transform 97
Transform: AffineTransform_float_3_3
Parameters: 0.999977 -0.00375679 -0.00576521 0.00373421 0.999985 -0.00395862 0.00578079 0.00393737 0.999975 0.193944 0.180345 0.489551
FixedParameters: 0 0 0

#Transform 98
Transform: AffineTransform_float_3_3
Parameters: 0.99998 -0.000847943 -0.00615669 0.000831055 0.999996 -0.00275417 0.00615931 0.00274883 0.999978 0.189866 0.111148 0.416157
FixedParameters: 0 0 0

#Transform 99
Transform: AffineTransform_float_3_3
Parameters: 0.999999 0.000443294 -0.00142637 -0.000437707 0.999993 0.00370963 0.00142763 -0.00370937 0.999992 0.083421 -0.00229998 0.254068
FixedParameters: 0 0 0

#Transform 100
Transform: AffineTransform_float_3_3
Parameters: 0.999999 8.78084e-05 -0.000782475 -8.21945e-05 0.999981 0.00614307 0.000782519 -0.00614293 0.999981 0.0392913 -0.0642424 0.346571
FixedParameters: 0 0 0

#Transform 101
Transform: AffineTransform_float_3_3
Parameters: 0.999998 -0.000194166 -0.00197548 0.000198832 0.999997 0.00244661 0.00197452 -0.00244739 0.999995 0.0846268 0.018454 0.433522
FixedParameters: 0 0 0

#Transform 102
Transform: AffineTransform_float_3_3
Parameters: 0.999997 -0.000626973 -0.00258023 0.000632028 0.999998 0.00194838 0.00257877 -0.00194962 0.999995 0.0764446 0.0708543 0.832441
FixedParameters: 0 0 0

#Transform 103
Transform: AffineTransform_float_3_3
Parameters: 0.999999 -0.000603332 -0.00173858 0.000604668 1 0.000958951 0.00173742 -0.00096005 0.999998 0.0710122 0.0762531 0.542023
FixedParameters: 0 0 0

#Transform 104
Transform: AffineTransform_float_3_3
Parameters: 0.999998 -0.000198075 -0.0018721 0.000198924 1 0.000493628 0.0018719 -0.000494372 0.999998 0.104307 0.0820508 0.515117
FixedParameters: 0 0 0

#Transform 105
Transform: AffineTransform_float_3_3
Parameters: 0.999999 -0.000611116 -0.00171532 0.000611884 0.999999 0.000514951 0.00171569 -0.000516049 0.999999 0.113891 0.0864395 0.517189
FixedParameters: 0 0 0

#Transform 106
Transform: AffineTransform_float_3_3
Parameters: 0.999999 -0.000766131 -0.0016894 0.00076687 0.999999 0.000514705 0.00168861 -0.000515295 0.999999 0.0905996 0.0808493 0.538568
FixedParameters: 0 0 0

#Transform 107
Transform: AffineTransform_float_3_3
Parameters: 0.999998 -0.000612512 -0.00180783 0.000611487 1 -0.000284106 0.00180817 0.000282893 0.999999 0.118352 0.0713468 0.481053
FixedParameters: 0 0 0

#Transform 108
Transform: AffineTransform_float_3_3
Parameters: 0.999997 -0.000611091 -0.00207227 0.00061191 0.999999 0.000438733 0.00207173 -0.000439267 0.999998 0.133757 0.0774376 0.479897
FixedParameters: 0 0 0

#Transform 109
Transform: AffineTransform_float_3_3
Parameters: 0.999996 -0.000611291 -0.00256017 0.000611707 1 0.000275435 0.00255983 -0.000277566 0.999996 0.147152 0.0563978 0.4562
FixedParameters: 0 0 0

#Transform 110
Transform: AffineTransform_float_3_3
Parameters: 0.999997 -0.000611645 -0.0023101 0.000611356 1 0.000153588 0.00230991 -0.000154413 0.999998 0.145769 0.0586037 0.422069
FixedParameters: 0 0 0

#Transform 111
Transform: AffineTransform_float_3_3
Parameters: 0.999998 -0.000611273 -0.00215321 0.000611727 1 0.000336683 0.00215379 -0.000338317 0.999997 0.14554 0.0553147 0.377747
FixedParameters: 0 0 0

#Transform 112
Transform: AffineTransform_float_3_3
Parameters: 0.999997 -0.000610753 -0.00231033 0.000611248 0.999999 0.000539589 0.00230967 -0.000540412 0.999997 0.138568 0.0518451 0.410688
FixedParameters: 0 0 0

#Transform 113
Transform: AffineTransform_float_3_3
Parameters: 0.999997 -0.000610903 -0.00231029 0.000612095 0.999999 0.000473587 0.00230971 -0.000475412 0.999997 0.127321 0.0590282 0.510226
FixedParameters: 0 0 0

#Transform 114
Transform: AffineTransform_float_3_3
Parameters: 0.999997 -0.000611549 -0.00205213 0.00061145 1 0.000218746 0.00205186 -0.000220255 0.999998 0.144411 0.0592183 0.459518
FixedParameters: 0 0 0

#Transform 115
Transform: AffineTransform_float_3_3
Parameters: 0.999995 -0.000758652 -0.00307033 0.000764346 0.999998 0.00174066 0.00306867 -0.00174334 0.999994 0.156464 0.086072 0.924298
FixedParameters: 0 0 0

#Transform 116
Transform: AffineTransform_float_3_3
Parameters: 0.999991 -0.000589103 -0.00424624 0.000611893 0.999986 0.00539246 0.00424276 -0.00539555 0.999977 0.197958 0.122574 1.65151
FixedParameters: 0 0 0

#Transform 117
Transform: AffineTransform_float_3_3
Parameters: 0.999996 -0.00060996 -0.00273546 0.000612038 0.999999 0.000744328 0.00273554 -0.000746671 0.999996 0.218416 0.0887475 0.710323
FixedParameters: 0 0 0

#Transform 118
Transform: AffineTransform_float_3_3
Parameters: 0.999997 -0.000612808 -0.00212077 0.000612193 0.999999 -0.000381299 0.00212023 0.000380701 0.999997 0.208921 0.0882526 0.327517
FixedParameters: 0 0 0

#Transform 119
Transform: AffineTransform_float_3_3
Parameters: 0.999997 -0.000612875 -0.0026188 0.000612123 1 -0.000335604 0.00261921 0.000333396 0.999997 0.206332 0.0797533 0.419566
FixedParameters: 0 0 0

#Transform 120
Transform: AffineTransform_float_3_3
Parameters: 0.999996 -0.000511796 -0.00254264 0.000510202 0.999999 -0.000707299 0.00254336 0.0007057 0.999996 0.192972 0.08188 0.401463
FixedParameters: 0 0 0

#Transform 121
Transform: AffineTransform_float_3_3
Parameters: 0.999997 -0.000569608 -0.0022796 0.000568392 0.999999 -0.000706297 0.0022794 0.000704703 0.999997 0.183741 0.0799197 0.399005
FixedParameters: 0 0 0

#Transform 122
Transform: AffineTransform_float_3_3
Parameters: 0.999996 -0.000532239 -0.00252274 0.000531762 0.999999 -0.000491343 0.00252326 0.000490658 0.999996 0.188412 0.0953392 0.513158
FixedParameters: 0 0 0

#Transform 123
Transform: AffineTransform_float_3_3
Parameters: 0.999993 -0.000633341 -0.00372483 0.000643657 0.999995 0.00286062 0.00372317 -0.00286338 0.999989 0.196236 0.141166 1.43063
FixedParameters: 0 0 0

#Transform 124
Transform: AffineTransform_float_3_3
Parameters: 0.999992 -0.000827179 -0.00372033 0.000841823 0.999991 0.0039839 0.00371767 -0.0039871 0.999985 0.204871 0.166316 2.08245
FixedParameters: 0 0 0

#Transform 125
Transform: AffineTransform_float_3_3
Parameters: 0.999991 -0.000939366 -0.003977 0.000952635 0.999995 0.00317624 0.00397399 -0.00317976 0.999987 0.220746 0.161348 2.13644
FixedParameters: 0 0 0

#Transform 126
Transform: AffineTransform_float_3_3
Parameters: 0.999992 -0.000594568 -0.00397634 0.00061043 0.999993 0.0038806 0.00397366 -0.00388339 0.999984 0.247355 0.163001 2.38705
FixedParameters: 0 0 0

#Transform 127
Transform: AffineTransform_float_3_3
Parameters: 0.99999 -0.000811366 -0.00425801 0.000827631 0.999993 0.00367051 0.00425499 -0.00367449 0.999984 0.255842 0.144304 2.38937
FixedParameters: 0 0 0

#Transform 128
Transform: AffineTransform_float_3_3
Parameters: 0.99999 -0.00122565 -0.00434368 0.00125535 0.999975 0.00699162 0.00433533 -0.00699638 0.999966 0.0686162 -0.0120365 1.18137
FixedParameters: 0 0 0

#Transform 129
Transform: AffineTransform_float_3_3
Parameters: 1 -8.3766e-05 0.000143556 8.32369e-05 0.999986 0.00532801 -0.000143445 -0.00532799 0.999986 0.103842 -0.0400879 -0.122811
FixedParameters: 0 0 0

#Transform 130
Transform: AffineTransform_float_3_3
Parameters: 1 -0.000194997 1.4485e-06 0.000195004 0.999998 -0.0023 -1.5515e-06 0.0023 0.999998 0.0371736 -0.0423961 -0.296303
FixedParameters: 0 0 0

#Transform 131
Transform: AffineTransform_float_3_3
Parameters: 0.999999 -0.00085021 -0.000102266 0.000849789 0.999997 -0.00204009 0.000103734 0.00203991 0.999998 0.087303 0.0915656 -0.126054
FixedParameters: 0 0 0

#Transform 132
Transform: AffineTransform_float_3_3
Parameters: 1 -0.00069284 8.5311e-05 0.000693161 0.999998 -0.00189194 -8.46894e-05 0.00189106 0.999998 0.0910165 0.0965987 -0.12802
FixedParameters: 0 0 0

#Transform 133
Transform: AffineTransform_float_3_3
Parameters: 1 -0.000440063 -0.000175842 0.000439937 1 -0.000358077 0.000176157 0.000357922 1 0.0741204 0.0609179 -0.104539
FixedParameters: 0 0 0

#Transform 134
Transform: AffineTransform_float_3_3
Parameters: 1 -0.000358165 -0.000175663 0.000357834 0.999999 -0.000941062 0.000176337 0.000940936 0.999999 0.075635 0.0374469 -0.159895
FixedParameters: 0 0 0

#Transform 135
Transform: AffineTransform_float_3_3
Parameters: 1 -0.000694046 -0.000753037 0.000692954 0.999999 -0.00138852 0.000753963 0.00138748 0.999999 0.128145 0.111918 -0.0528903
FixedParameters: 0 0 0

#Transform 136
Transform: AffineTransform_float_3_3
Parameters: 1 -0.000694593 -0.000752534 0.000692406 0.999997 -0.00211452 0.000754467 0.00211448 0.999998 0.14496 0.10348 -0.0810849
FixedParameters: 0 0 0

#Transform 137
Transform: AffineTransform_float_3_3
Parameters: 0.999999 -0.000693353 -0.00016452 0.000692646 0.999998 -0.00213511 0.000166479 0.00213489 0.999997 0.109707 0.120038 -0.0729572
FixedParameters: 0 0 0

#Transform 138
Transform: AffineTransform_float_3_3
Parameters: 0.999999 -0.000749967 -0.00029354 0.000749031 0.999995 -0.00328222 0.00029646 0.00328178 0.999995 0.114489 0.118565 -0.0261569
FixedParameters: 0 0 0

#Transform 139
Transform: AffineTransform_float_3_3
Parameters: 0.999999 -0.000674687 -0.000494708 0.000673312 0.999994 -0.00340133 0.000497293 0.00340167 0.999994 0.112588 0.10495 -0.0594336
FixedParameters: 0 0 0

#Transform 140
Transform: AffineTransform_float_3_3
Parameters: 0.999999 -0.000840035 -9.25396e-06 0.000839963 0.999995 -0.00326901 1.27459e-05 0.00326899 0.999994 0.0785605 0.0754059 -0.152534
FixedParameters: 0 0 0

#Transform 141
Transform: AffineTransform_float_3_3
Parameters: 0.999999 -0.000749753 0.000106749 0.000749247 0.999997 -0.00233192 -0.000105253 0.00233208 0.999998 0.074744 0.0990094 -0.120159
FixedParameters: 0 0 0

#Transform 142
Transform: AffineTransform_float_3_3
Parameters: 0.999999 -0.000861443 0.00019547 0.000861555 0.999995 -0.00286583 -0.000192531 0.00286617 0.999996 0.0711584 0.0942213 -0.10883
FixedParameters: 0 0 0

#Transform 143
Transform: AffineTransform_float_3_3
Parameters: 1 -0.000456563 0.000498319 0.000458435 0.999995 -0.00288577 -0.000496679 0.00288623 0.999995 0.0730182 0.101416 -0.112761
FixedParameters: 0 0 0

#Transform 144
Transform: AffineTransform_float_3_3
Parameters: 0.999999 -0.00129634 0.000501317 0.00129766 0.999993 -0.00332735 -0.000496685 0.00332765 0.999995 0.0577703 0.123234 -0.120946
FixedParameters: 0 0 0

#Transform 145
Transform: AffineTransform_float_3_3
Parameters: 0.999993 7.2774e-06 -0.00359599 2.27746e-06 0.999996 0.00285801 0.00359601 -0.00285799 0.99999 0.361158 0.023822 -0.227321
FixedParameters: 0 0 0

#Transform 146
Transform: AffineTransform_float_3_3
Parameters: 0.99999 -0.00117073 -0.00436993 0.00118827 0.99999 0.00417985 0.00436507 -0.00418515 0.999981 0.296764 -0.104327 -0.455372
FixedParameters: 0 0 0

#Transform 147
Transform: AffineTransform_float_3_3
Parameters: 0.99999 0.00015654 -0.00449824 -0.000133458 0.999987 0.00523266 0.00449976 -0.00523235 0.999976 0.0799989 -0.0796124 -0.459668
FixedParameters: 0 0 0

#Transform 148
Transform: AffineTransform_float_3_3
Parameters: 0.999999 -6.86045e-05 0.00127413 5.03973e-05 0.999893 0.0145961 -0.00127487 -0.0145959 0.999892 0.0620761 0.0957298 -0.313831
FixedParameters: 0 0 0

#Transform 149
Transform: AffineTransform_float_3_3
Parameters: 1 0.000303734 0.000628589 -0.000307263 0.999987 0.00520181 -0.00062641 -0.0052022 0.999987 0.0901974 0.0623579 -0.34965
FixedParameters: 0 0 0

#Transform 150
Transform: AffineTransform_float_3_3
Parameters: 0.999999 0.000311967 -0.00142823 -0.000313033 0.999999 -0.000722553 0.00142877 0.000723446 0.999998 0.152018 0.140087 -0.275616
FixedParameters: 0 0 0

#Transform 151
Transform: AffineTransform_float_3_3
Parameters: 0.999999 0.00036476 -0.00142806 -0.000364241 1 -0.00016848 0.00142794 0.000168521 0.999999 0.142481 0.137667 -0.213846
FixedParameters: 0 0 0

#Transform 152
Transform: AffineTransform_float_3_3
Parameters: 0.999999 0.000208935 -0.00132401 -0.000209065 1 -4.87232e-05 0.00132399 4.92767e-05 0.999999 0.137878 0.110723 -0.271855
FixedParameters: 0 0 0

#Transform 153
Transform: AffineTransform_float_3_3
Parameters: 0.999999 -8.32957e-05 -0.000816969 8.27042e-05 1 -0.000362068 0.000817029 0.000361932 0.999999 0.0875954 0.0958502 -0.348008
FixedParameters: 0 0 0

#Transform 154
Transform: AffineTransform_float_3_3
Parameters: 1 -8.2962e-05 2.21429e-05 8.30377e-05 0.999998 -0.001722 -2.1857e-05 0.001722 0.999998 0.0726508 0.0932555 -0.381718
FixedParameters: 0 0 0

#Transform 155
Transform: AffineTransform_float_3_3
Parameters: 1 0.000330075 -0.000177861 -0.000329925 1 0.000420059 0.000178139 -0.000420941 1 -3.55588e-05 0.0681194 -0.368399
FixedParameters: 0 0 0

#Transform 156
Transform: AffineTransform_float_3_3
Parameters: 0.999999 -8.40579e-05 -0.000975909 8.29419e-05 1 -0.00108408 0.00097609 0.00108392 0.999999 0.00969551 0.115015 -0.245009
FixedParameters: 0 0 0

#Transform 157
Transform: AffineTransform_float_3_3
Parameters: 0.999999 0.000125021 -0.001379 -0.000124981 1 1.41724e-05 0.001379 -1.48276e-05 0.999999 0.183983 -0.00901126 -0.7009
FixedParameters: 0 0 0

#Transform 158
Transform: AffineTransform_float_3_3
Parameters: 0.999999 -8.11341e-05 -0.00137911 8.28656e-05 0.999999 0.00135289 0.00137889 -0.00135311 0.999998 0.16526 -0.00153088 -0.731941
FixedParameters: 0 0 0

#Transform 159
Transform: AffineTransform_float_3_3
Parameters: 0.999998 6.2814e-05 -0.00167193 -6.11858e-05 1 0.0010851 0.00167207 -0.0010849 0.999998 0.15894 0.0149025 -0.648313
FixedParameters: 0 0 0

#Transform 160
Transform: AffineTransform_float_3_3
Parameters: 0.999999 0.000598364 -0.00137841 -0.000596636 1 0.000989823 0.00137859 -0.000989176 0.999998 0.174328 0.0222889 -0.692468
FixedParameters: 0 0 0

#Transform 161
Transform: AffineTransform_float_3_3
Parameters: 0.999999 0.000333075 -0.0013785 -0.000330924 0.999999 0.00150546 0.0013795 -0.00150454 0.999998 0.158509 0.0288872 -0.638121
FixedParameters: 0 0 0

#Transform 162
Transform: AffineTransform_float_3_3
Parameters: 1 -8.23953e-05 -0.00105905 8.26047e-05 1 0.000570913 0.00105895 -0.000571088 1 0.12923 0.0198978 -0.646048
FixedParameters: 0 0 0

#Transform 163
Transform: AffineTransform_float_3_3
Parameters: 0.999999 -8.2249e-05 -0.000734084 8.27508e-05 0.999999 0.00102294 0.000733916 -0.00102306 0.999999 0.0831101 0.0440354 -0.603433
FixedParameters: 0 0 0

#Transform 164
Transform: AffineTransform_float_3_3
Parameters: 0.999999 0.000533734 -0.00081652 -0.000533266 1 0.000899436 0.000816479 -0.000898565 1 0.142954 0.04995 -0.576553
FixedParameters: 0 0 0

#Transform 165
Transform: AffineTransform_float_3_3
Parameters: 0.999999 0.000365821 -0.000638102 -0.000365179 1 -0.000279767 0.000638897 0.000280234 1 0.123422 -0.00762887 -0.699989
FixedParameters: 0 0 0

#Transform 166
Transform: AffineTransform_float_3_3
Parameters: 0.999998 0.00138646 -0.00147288 -0.00138054 0.999992 0.00370304 0.00147812 -0.00370096 0.999992 -0.0255901 -0.110653 -0.712524
FixedParameters: 0 0 0

#Transform 167
Transform: AffineTransform_float_3_3
Parameters: 0.999997 0.0021902 -0.000860954 -0.0021888 0.999996 0.00139189 0.000864045 -0.00139011 0.999998 -0.13952 -0.119469 -0.618872
FixedParameters: 0 0 0

#Transform 168
Transform: AffineTransform_float_3_3
Parameters: 0.999984 0.00263942 -0.00498981 -0.00265658 0.999991 -0.0033198 0.00498119 0.0033332 0.999982 -0.383055 -0.112481 -0.847909
FixedParameters: 0 0 0

#Transform 169
Transform: AffineTransform_float_3_3
Parameters: 0.999971 0.00289777 -0.00714365 -0.00291924 0.999992 -0.00296424 0.00713435 0.00298476 0.99997 -0.346681 -0.146187 -0.917998
FixedParameters: 0 0 0

#Transform 170
Transform: AffineTransform_float_3_3
Parameters: 0.999961 0.000204137 -0.00875839 -0.00025686 0.999982 -0.00603498 0.00875661 0.00603702 0.999944 -0.187815 -0.0454715 -1.01278
FixedParameters: 0 0 0

#Transform 171
Transform: AffineTransform_float_3_3
Parameters: 0.99999 0.00108319 -0.00429495 -0.00108281 1 4.66511e-05 0.00429505 -4.23481e-05 0.999991 -0.0450351 -0.0358019 -0.754422
FixedParameters: 0 0 0

#Transform 172
Transform: AffineTransform_float_3_3
Parameters: 0.999996 0.000718485 -0.00291562 -0.000721517 1 -0.000861901 0.00291538 0.000864099 0.999996 -0.00234675 0.0436708 -0.648338
FixedParameters: 0 0 0

#Transform 173
Transform: AffineTransform_float_3_3
Parameters: 0.999998 0.000505335 -0.00192556 -0.000514667 0.999988 -0.00502202 0.00192344 0.00502299 0.999986 -0.00895196 0.0622533 -0.599966
FixedParameters: 0 0 0

#Transform 174
Transform: AffineTransform_float_3_3
Parameters: 0.999999 0.000100066 -0.000794375 -0.000102932 0.999993 -0.00369392 0.000793625 0.00369408 0.999993 -0.0519177 0.0641593 -0.611155
FixedParameters: 0 0 0

#Transform 175
Transform: AffineTransform_float_3_3
Parameters: 0.999976 0.00252507 -0.00641826 -0.00256593 0.999977 -0.00637669 0.00640175 0.00639332 0.999959 0.210154 0.123584 -0.696197
FixedParameters: 0 0 0

#Transform 176
Transform: AffineTransform_float_3_3
Parameters: 0.999913 0.00475507 -0.012316 -0.00493994 0.999875 -0.0150295 0.012243 0.0150885 0.999811 0.390773 0.219993 -1.14869
FixedParameters: 0 0 0

#Transform 177
Transform: AffineTransform_float_3_3
Parameters: 0.999878 0.00715927 -0.013917 -0.00745074 0.999751 -0.0210249 0.013763 0.0211261 0.999682 0.268067 0.620819 -1.69428
FixedParameters: 0 0 0

#Transform 178
Transform: AffineTransform_float_3_3
Parameters: 0.999787 0.00313753 -0.0204336 -0.00367345 0.999648 -0.0262696 0.0203434 0.0263395 0.999446 0.0940891 0.597659 -2.4015
FixedParameters: 0 0 0

#Transform 179
Transform: AffineTransform_float_3_3
Parameters: 0.999434 -0.000907657 -0.0336207 0.000444314 0.999905 -0.0137667 0.0336303 0.0137433 0.99934 -0.520614 0.100908 -1.98769
FixedParameters: 0 0 0
