# transform file /out/sourcedata/freesurfer/sub-v2s12x28885_ses-1/mri/transforms/cc_up.lta
# created by oesteban on Wed Mar 11 03:29:57 2026

type      = 0 # LINEAR_VOX_TO_VOX
nxforms   = 1
mean      = 129.0000 92.0000 140.0000
sigma     = 10000.0000
1 4 4
9.995753169059753e-01 1.331937033683062e-02 -2.591895498335361e-02 1.952657222747803e+00 
-1.331489533185959e-02 9.999113082885742e-01 3.452547825872898e-04 5.068533325195312e+01 
2.592125535011292e-02 2.910383045673370e-11 9.996640086174011e-01 -3.310356616973877e+00 
0.000000000000000e+00 0.000000000000000e+00 0.000000000000000e+00 1.000000000000000e+00 
src volume info
valid = 1  # volume info valid
filename = /out/sourcedata/freesurfer/sub-v2s12x28885_ses-1/mri/norm.mgz
volume = 256 256 256
voxelsize = 1.000000000000000e+00 1.000000000000000e+00 1.000000000000000e+00
xras   = -1.000000000000000e+00 0.000000000000000e+00 0.000000000000000e+00
yras   = 0.000000000000000e+00 0.000000000000000e+00 -1.000000000000000e+00
zras   = 0.000000000000000e+00 1.000000000000000e+00 0.000000000000000e+00
cras   = 1.671600341796875e+00 4.016006469726562e+00 8.117004394531250e+00
dst volume info
valid = 1  # volume info valid
filename = /out/sourcedata/freesurfer/sub-v2s12x28885_ses-1/mri/norm.mgz
volume = 256 256 256
voxelsize = 1.000000000000000e+00 1.000000000000000e+00 1.000000000000000e+00
xras   = -1.000000000000000e+00 0.000000000000000e+00 0.000000000000000e+00
yras   = 0.000000000000000e+00 0.000000000000000e+00 -1.000000000000000e+00
zras   = 0.000000000000000e+00 1.000000000000000e+00 0.000000000000000e+00
cras   = 1.671600341796875e+00 4.016006469726562e+00 8.117004394531250e+00
