# transform file /out/sourcedata/freesurfer/sub-v2s12x28905_ses-1/mri/transforms/cc_up.lta
# created by oesteban on Wed Mar 11 04:27:24 2026

type      = 0 # LINEAR_VOX_TO_VOX
nxforms   = 1
mean      = 129.0000 115.0000 131.0000
sigma     = 10000.0000
1 4 4
9.963698387145996e-01 -6.331019103527069e-02 5.691353604197502e-02 -4.792178869247437e-01 
6.320715695619583e-02 9.979939460754395e-01 3.610449377447367e-03 1.858314132690430e+01 
-5.702793598175049e-02 0.000000000000000e+00 9.983726739883423e-01 6.566538333892822e+00 
0.000000000000000e+00 0.000000000000000e+00 0.000000000000000e+00 1.000000000000000e+00 
src volume info
valid = 1  # volume info valid
filename = /out/sourcedata/freesurfer/sub-v2s12x28905_ses-1/mri/norm.mgz
volume = 256 256 256
voxelsize = 1.000000000000000e+00 1.000000000000000e+00 1.000000000000000e+00
xras   = -1.000000000000000e+00 0.000000000000000e+00 0.000000000000000e+00
yras   = 0.000000000000000e+00 0.000000000000000e+00 -1.000000000000000e+00
zras   = 0.000000000000000e+00 1.000000000000000e+00 0.000000000000000e+00
cras   = 3.312202453613281e+00 6.750000000000000e+00 2.065600585937500e+01
dst volume info
valid = 1  # volume info valid
filename = /out/sourcedata/freesurfer/sub-v2s12x28905_ses-1/mri/norm.mgz
volume = 256 256 256
voxelsize = 1.000000000000000e+00 1.000000000000000e+00 1.000000000000000e+00
xras   = -1.000000000000000e+00 0.000000000000000e+00 0.000000000000000e+00
yras   = 0.000000000000000e+00 0.000000000000000e+00 -1.000000000000000e+00
zras   = 0.000000000000000e+00 1.000000000000000e+00 0.000000000000000e+00
cras   = 3.312202453613281e+00 6.750000000000000e+00 2.065600585937500e+01
