#Insight Transform File V1.0
#Transform 0
Transform: AffineTransform_float_3_3
Parameters: 1 0 0 0 1 0.000443 0 -0.000443 1 -0.025985 -0.0570722 -0.0194591
FixedParameters: 0 0 0

#Transform 1
Transform: AffineTransform_float_3_3
Parameters: 1 0 0 0 1 0.000409 0 -0.000409 1 -0.023174 -0.0340672 -0.014025
FixedParameters: 0 0 0

#Transform 2
Transform: AffineTransform_float_3_3
Parameters: 1 4.539e-08 -0.000102 4.539e-08 1 0.000445 0.000102 -0.000445 1 -0.0199946 -0.0310172 -0.0192453
FixedParameters: 0 0 0

#Transform 3
Transform: AffineTransform_float_3_3
Parameters: 1 4.35e-08 -0.00015 4.35e-08 1 0.00029 0.00015 -0.00029 1 -0.00720767 -0.0151781 -0.0214413
FixedParameters: 0 0 0

#Transform 4
Transform: AffineTransform_float_3_3
Parameters: 1 8.6286e-08 -0.000394 8.6286e-08 1 0.000219 0.000394 -0.000219 1 -0.00918298 -0.0133485 -0.0116282
FixedParameters: 0 0 0

#Transform 5
Transform: AffineTransform_float_3_3
Parameters: 1 8.288e-08 -0.000448 8.288e-08 1 0.000185 0.000448 -0.000185 1 -0.0193156 -0.030878 -0.0225331
FixedParameters: 0 0 0

#Transform 6
Transform: AffineTransform_float_3_3
Parameters: 1 0.000166122 -0.00040395 -0.000165878 1 0.000302067 0.00040405 -0.000301933 1 -0.0192178 -0.0442252 -0.0210134
FixedParameters: 0 0 0

#Transform 7
Transform: AffineTransform_float_3_3
Parameters: 1 3.1916e-08 -0.000404 3.1916e-08 1 7.9e-05 0.000404 -7.9e-05 1 0.0104945 -0.0316911 -0.01168
FixedParameters: 0 0 0

#Transform 8
Transform: AffineTransform_float_3_3
Parameters: 1 1.414e-08 -0.000404 1.414e-08 1 3.5e-05 0.000404 -3.5e-05 1 -0.00432103 -0.0251472 -0.015329
FixedParameters: 0 0 0

#Transform 9
Transform: AffineTransform_float_3_3
Parameters: 0.999999 0.000870602 -0.000402698 -0.000870396 0.999998 0.00149535 0.000404301 -0.00149465 0.999999 -0.0324401 0.0586056 -0.0218525
FixedParameters: 0 0 0

#Transform 10
Transform: AffineTransform_float_3_3
Parameters: 1 0.000335065 -0.000403946 -0.000334934 1 0.000162135 0.000404054 -0.000161865 1 -0.0282548 -0.0109548 -0.022981
FixedParameters: 0 0 0

#Transform 11
Transform: AffineTransform_float_3_3
Parameters: 1 -3.89771e-05 -0.000654001 3.90229e-05 1 3.49745e-05 0.000653998 -3.50255e-05 1 0.00488253 -0.0357083 -0.0120257
FixedParameters: 0 0 0

#Transform 12
Transform: AffineTransform_float_3_3
Parameters: 1 -0.000298996 -0.00011401 0.000299004 1 3.49659e-05 0.00011399 -3.50341e-05 1 -0.00527582 -0.0326256 -0.00391905
FixedParameters: 0 0 0

#Transform 13
Transform: AffineTransform_float_3_3
Parameters: 1 -3.90129e-05 1.99749e-05 3.89871e-05 1 0.000644001 -2.00251e-05 -0.000643999 1 0.000626704 0.0559078 -0.0201361
FixedParameters: 0 0 0

#Transform 14
Transform: AffineTransform_float_3_3
Parameters: 1 -0.000269988 0.000156021 0.000270012 1 -7.79579e-05 -0.000155979 7.80421e-05 1 -0.005802 -0.0154363 0.00777109
FixedParameters: 0 0 0

#Transform 15
Transform: AffineTransform_float_3_3
Parameters: 1 -3.90482e-05 0.000155988 3.89518e-05 1 0.000309006 -0.000156012 -0.000308994 1 -0.0161403 -0.00786144 0.00502818
FixedParameters: 0 0 0

#Transform 16
Transform: AffineTransform_float_3_3
Parameters: 1 -9.69718e-05 -0.000297009 9.70282e-05 1 9.49712e-05 0.000296991 -9.50288e-05 1 0.0127196 -0.0202277 0.0109456
FixedParameters: 0 0 0

#Transform 17
Transform: AffineTransform_float_3_3
Parameters: 1 -3.90889e-05 -0.000230985 3.89111e-05 1 -0.000385009 0.000231015 0.000384991 1 -0.00606878 -0.0189064 0.00372961
FixedParameters: 0 0 0

#Transform 18
Transform: AffineTransform_float_3_3
Parameters: 1 -3.8954e-05 -0.000297006 3.9046e-05 1 0.000154988 0.000296994 -0.000155012 1 -0.00436766 -0.0217773 -0.0131182
FixedParameters: 0 0 0

#Transform 19
Transform: AffineTransform_float_3_3
Parameters: 1 -3.90885e-05 -0.000296988 3.89115e-05 1 -0.000298012 0.000297012 0.000297988 1 0.0108674 -0.027396 -0.0160186
FixedParameters: 0 0 0

#Transform 20
Transform: AffineTransform_float_3_3
Parameters: 1 -3.91743e-05 -0.00022697 3.88256e-05 0.999999 -0.000768008 0.00022703 0.000767991 0.999999 -0.00244409 -0.0202386 0.000409225
FixedParameters: 0 0 0

#Transform 21
Transform: AffineTransform_float_3_3
Parameters: 1 -3.91173e-05 -0.000296985 3.88827e-05 1 -0.000395011 0.000297015 0.000394988 1 -0.0043546 -0.00753186 -0.0118192
FixedParameters: 0 0 0

#Transform 22
Transform: AffineTransform_float_3_3
Parameters: 0.999999 0.00127968 0.000147815 -0.00128032 0.999997 0.00219981 -0.000145183 -0.00220019 0.999997 -0.0356662 0.126136 0.0141873
FixedParameters: 0 0 0

#Transform 23
Transform: AffineTransform_float_3_3
Parameters: 0.999999 0.000943965 1.97058e-05 -0.000944034 0.999998 0.00180698 -1.82941e-05 -0.00180702 0.999999 -0.0226016 0.110108 0.0322655
FixedParameters: 0 0 0

#Transform 24
Transform: AffineTransform_float_3_3
Parameters: 0.999999 0.000834809 0.000106509 -0.000835192 0.999998 0.00180691 -0.000105491 -0.00180709 0.999999 -0.0280233 0.0783474 0.0207707
FixedParameters: 0 0 0

#Transform 25
Transform: AffineTransform_float_3_3
Parameters: 0.999999 0.000835018 -1.39086e-05 -0.000834981 0.999999 0.00130701 1.50913e-05 -0.00130699 0.999999 -0.0249316 0.0913063 0.00136074
FixedParameters: 0 0 0

#Transform 26
Transform: AffineTransform_float_3_3
Parameters: 0.999999 0.000835108 -8.89845e-05 -0.000834891 0.999999 0.00121607 9.00153e-05 -0.00121593 1 -0.0229913 0.0937001 0.00868576
FixedParameters: 0 0 0

#Transform 27
Transform: AffineTransform_float_3_3
Parameters: 1 0.00060092 4.89879e-05 -0.00060108 0.999999 0.00164397 -4.80119e-05 -0.00164403 0.999998 -0.00705953 0.108586 0.0183619
FixedParameters: 0 0 0

#Transform 28
Transform: AffineTransform_float_3_3
Parameters: 0.999999 0.000835175 -8.83573e-05 -0.000834825 0.999997 0.00196707 8.96422e-05 -0.00196693 0.999998 -0.0229871 0.0968655 -0.00852997
FixedParameters: 0 0 0

#Transform 29
Transform: AffineTransform_float_3_3
Parameters: 1 0.000359031 -8.9875e-05 -0.000358969 1 0.000348032 8.91249e-05 -0.000347968 1 0.0073041 0.0638747 -0.000809436
FixedParameters: 0 0 0

#Transform 30
Transform: AffineTransform_float_3_3
Parameters: 1 0.00117222 -8.70544e-05 -0.00117178 0.999996 0.0025131 8.99449e-05 -0.0025129 0.999997 -0.000225928 0.110979 0.013893
FixedParameters: 0 0 0

#Transform 31
Transform: AffineTransform_float_3_3
Parameters: 0.999999 0.000895216 -8.78203e-05 -0.000894785 0.999996 0.00243508 8.9179e-05 -0.00243492 0.999997 -0.00600271 0.108826 0.0162384
FixedParameters: 0 0 0

#Transform 32
Transform: AffineTransform_float_3_3
Parameters: 0.999999 0.000846149 -8.85912e-05 -0.000846852 0.999999 0.00166508 8.941e-05 -0.00166492 0.999998 -0.00268077 0.0671515 0.0190072
FixedParameters: 0 0 0

#Transform 33
Transform: AffineTransform_float_3_3
Parameters: 0.999999 0.000573451 -0.000499483 -0.00057255 1 0.000902287 0.000499517 -0.000902715 1 -0.00118552 0.0349081 -0.0191745
FixedParameters: 0 0 0

#Transform 34
Transform: AffineTransform_float_3_3
Parameters: 1 0.00041345 -0.000499628 -0.000413549 0.999999 0.000901207 0.000500373 -0.000900793 1 0.0144515 0.0411634 -0.01914
FixedParameters: 0 0 0

#Transform 35
Transform: AffineTransform_float_3_3
Parameters: 1 0.000412938 5.84411e-05 -0.000413063 1 0.00106798 -5.85589e-05 -0.00106803 1 -0.00980557 0.0475447 -0.00121127
FixedParameters: 0 0 0

#Transform 36
Transform: AffineTransform_float_3_3
Parameters: 1 0.000412957 5.83056e-05 -0.000413043 0.999999 0.000739976 -5.86943e-05 -0.000740024 0.999999 -0.0149625 0.055348 -0.00344486
FixedParameters: 0 0 0

#Transform 37
Transform: AffineTransform_float_3_3
Parameters: 1 0.000412924 5.85368e-05 -0.000413076 0.999999 0.00129998 -5.8463e-05 -0.00130002 0.999999 -0.0190374 0.0684396 -0.0264667
FixedParameters: 0 0 0

#Transform 38
Transform: AffineTransform_float_3_3
Parameters: 1 7.29386e-05 5.80772e-05 -7.30624e-05 1 0.001058 -5.89228e-05 -0.00105801 1 -0.0158771 0.0564646 -0.0123067
FixedParameters: 0 0 0

#Transform 39
Transform: AffineTransform_float_3_3
Parameters: 1 0.000413056 -0.000103775 -0.000412943 1 0.000545043 0.000104225 -0.000544957 1 -0.0266659 0.0601498 -0.00876283
FixedParameters: 0 0 0

#Transform 40
Transform: AffineTransform_float_3_3
Parameters: 1 0.000413268 -0.000291621 -0.000412733 1 0.000918121 0.000291379 -0.00091788 0.999999 -0.0151369 0.0542286 -0.00301571
FixedParameters: 0 0 0

#Transform 41
Transform: AffineTransform_float_3_3
Parameters: 1 0.000208164 -0.00014777 -0.000208836 1 0.00110603 0.000148231 -0.00110597 1 -0.0116147 0.0611534 -0.000358651
FixedParameters: 0 0 0

#Transform 42
Transform: AffineTransform_float_3_3
Parameters: 1 0.000413116 -0.000233795 -0.000412884 1 0.000497096 0.000234205 -0.000496903 1 -0.023315 0.0682302 0.0129014
FixedParameters: 0 0 0

#Transform 43
Transform: AffineTransform_float_3_3
Parameters: 1 0.000311254 -0.000282721 -0.000310747 1 0.000897088 0.000282279 -0.000896912 0.999999 -0.0205579 0.0665022 -0.00597219
FixedParameters: 0 0 0

#Transform 44
Transform: AffineTransform_float_3_3
Parameters: 1 0.000413202 -0.000405795 -0.000412798 1 0.000497167 0.000406205 -0.000496832 1 -0.0188578 0.0768092 -0.0116834
FixedParameters: 0 0 0

#Transform 45
Transform: AffineTransform_float_3_3
Parameters: 1 0.000413029 -5.77947e-05 -0.000412971 1 0.000497024 5.82052e-05 -0.000496976 1 -0.0278328 0.0767936 -0.0121979
FixedParameters: 0 0 0

#Transform 46
Transform: AffineTransform_float_3_3
Parameters: 1 0.000413154 -0.000161608 -0.000412847 1 0.000948067 0.000161391 -0.000947933 0.999999 -0.0251775 0.0650209 0.00467566
FixedParameters: 0 0 0

#Transform 47
Transform: AffineTransform_float_3_3
Parameters: 1 0.000412914 9.13914e-05 -0.000413087 1 0.000947962 -9.16084e-05 -0.000948038 0.999999 -0.0218135 0.0649933 0.00444731
FixedParameters: 0 0 0

#Transform 48
Transform: AffineTransform_float_3_3
Parameters: 1 0.000412937 9.12861e-05 -0.000413063 0.999999 0.000692962 -9.17137e-05 -0.000693038 1 -0.0206563 0.0716739 0.0200194
FixedParameters: 0 0 0

#Transform 49
Transform: AffineTransform_float_3_3
Parameters: 1 0.000355224 -0.000330759 -0.000354776 0.999999 0.000677117 0.00033124 -0.000676882 0.999999 -0.0199574 0.0721502 -0.00301127
FixedParameters: 0 0 0

#Transform 50
Transform: AffineTransform_float_3_3
Parameters: 1 0.000242897 9.12741e-05 -0.000243104 1 0.00112798 -9.17259e-05 -0.00112802 1 -0.0157038 0.0829448 0.0221539
FixedParameters: 0 0 0

#Transform 51
Transform: AffineTransform_float_3_3
Parameters: 1 0.000412917 9.13762e-05 -0.000413083 0.999999 0.000910961 -9.16237e-05 -0.000911037 0.999999 -0.0317474 0.0959924 0.018843
FixedParameters: 0 0 0

#Transform 52
Transform: AffineTransform_float_3_3
Parameters: 1 0.000589923 9.14985e-05 -0.000590078 1 0.000844946 -9.15014e-05 -0.000845054 0.999999 -0.0344173 0.0840728 0.0179031
FixedParameters: 0 0 0

#Transform 53
Transform: AffineTransform_float_3_3
Parameters: 1 0.000413201 -0.000220624 -0.000412799 0.999999 0.00091109 0.000220376 -0.000910908 0.999999 -0.023664 0.0850358 -9.88157e-05
FixedParameters: 0 0 0

#Transform 54
Transform: AffineTransform_float_3_3
Parameters: 1 0.000249168 -0.000198789 -0.000249832 0.999999 0.000845049 0.000199211 -0.00084495 0.999999 -0.0217494 0.0764587 -0.0217497
FixedParameters: 0 0 0

#Transform 55
Transform: AffineTransform_float_3_3
Parameters: 0.999999 0.000589475 -0.000520463 -0.000588526 1 0.000911306 0.000520536 -0.000911693 0.999999 -0.0186096 0.0656824 0.0247092
FixedParameters: 0 0 0

#Transform 56
Transform: AffineTransform_float_3_3
Parameters: 0.999999 0.00072131 -0.00052057 -0.000721689 0.999999 0.000596375 0.00052043 -0.000595624 0.999999 -0.0204877 0.0737053 0.0101743
FixedParameters: 0 0 0

#Transform 57
Transform: AffineTransform_float_3_3
Parameters: 1 0.000413245 -0.000520805 -0.000412754 1 0.000471215 0.000521194 -0.000470785 1 -0.0158887 0.0525008 -0.0124315
FixedParameters: 0 0 0

#Transform 58
Transform: AffineTransform_float_3_3
Parameters: 1 0.000413013 -0.000356985 -0.000412987 1 3.61474e-05 0.000357015 -3.58525e-05 1 -0.0104462 0.047019 -0.0192074
FixedParameters: 0 0 0

#Transform 59
Transform: AffineTransform_float_3_3
Parameters: 1 0.000413027 -0.000391971 -0.000412972 1 7.01619e-05 0.000392029 -6.98381e-05 1 -0.0192372 0.0515547 0.00701784
FixedParameters: 0 0 0

#Transform 60
Transform: AffineTransform_float_3_3
Parameters: 1 0.000413144 -0.000391848 -0.000412856 1 0.000367162 0.000392151 -0.000366838 1 -0.0144489 0.0384668 -0.00757026
FixedParameters: 0 0 0

#Transform 61
Transform: AffineTransform_float_3_3
Parameters: 1 0.000413058 -0.000391939 -0.000412942 1 0.000148162 0.000392061 -0.000147838 1 -0.0192333 0.0441179 -0.0108441
FixedParameters: 0 0 0

#Transform 62
Transform: AffineTransform_float_3_3
Parameters: 1 0.000413185 -0.000391804 -0.000412814 1 0.000473162 0.000392195 -0.000472838 1 -0.0192374 0.0388951 -0.0060276
FixedParameters: 0 0 0

#Transform 63
Transform: AffineTransform_float_3_3
Parameters: 0.999999 0.000759083 -0.000207694 -0.000758916 0.999999 0.000403158 0.000207306 -0.000402843 1 -0.0292357 0.0370717 -0.00729156
FixedParameters: 0 0 0

#Transform 64
Transform: AffineTransform_float_3_3
Parameters: 0.999999 0.000774279 -0.000333352 -0.000773721 1 0.000836258 0.000333647 -0.000835742 0.999999 -0.0240788 0.0688599 -0.000674065
FixedParameters: 0 0 0

#Transform 65
Transform: AffineTransform_float_3_3
Parameters: 0.999999 0.00074825 -0.000391521 -0.000748749 0.999999 0.000640293 0.000391479 -0.000639707 0.999999 -0.024244 0.0679053 -0.0107644
FixedParameters: 0 0 0

#Transform 66
Transform: AffineTransform_float_3_3
Parameters: 0.999999 0.000747415 -0.000391207 -0.000746585 0.999999 0.00106129 0.000391792 -0.00106071 1 -0.0303492 0.0630624 -0.0290624
FixedParameters: 0 0 0

#Transform 67
Transform: AffineTransform_float_3_3
Parameters: 1 0.000853185 -0.00068152 -0.000851817 0.999998 0.00173658 0.000682481 -0.00173642 0.999999 -0.0324479 0.0881926 -0.048329
FixedParameters: 0 0 0

#Transform 68
Transform: AffineTransform_float_3_3
Parameters: 1 0.00114727 -0.000391199 -0.00114773 0.999999 0.000698449 0.000391801 -0.000697551 0.999999 -0.0301124 0.0698717 -0.0354277
FixedParameters: 0 0 0

#Transform 69
Transform: AffineTransform_float_3_3
Parameters: 0.999999 0.000479343 -0.000545699 -0.000478657 0.999999 0.000628261 0.000546301 -0.000628738 0.999999 -0.00727728 0.0774094 -0.0361584
FixedParameters: 0 0 0

#Transform 70
Transform: AffineTransform_float_3_3
Parameters: 0.999999 0.00085522 -0.000213117 -0.000855779 0.999999 0.00103218 0.000213883 -0.00103182 1 -0.0304595 0.038709 -0.0306058
FixedParameters: 0 0 0

#Transform 71
Transform: AffineTransform_float_3_3
Parameters: 0.999998 0.00226004 -0.000385975 -0.00225896 0.999994 0.00266688 0.000392025 -0.00266612 0.999997 -0.0468109 0.139184 -0.0852272
FixedParameters: 0 0 0

#Transform 72
Transform: AffineTransform_float_3_3
Parameters: 0.999996 0.00274118 -0.0012116 -0.00273683 0.999991 0.00343433 0.0012214 -0.00343067 0.999994 -0.05187 0.0811767 -0.0464397
FixedParameters: 0 0 0

#Transform 73
Transform: AffineTransform_float_3_3
Parameters: 0.999998 0.00171081 -0.00120142 -0.00170919 0.999998 0.00150706 0.00120358 -0.00150495 0.999998 -0.0179727 0.0292437 0.000558329
FixedParameters: 0 0 0

#Transform 74
Transform: AffineTransform_float_3_3
Parameters: 0.999997 0.00248739 -0.000976416 -0.00248362 0.999991 0.00345444 0.000984584 -0.00345256 0.999993 -0.0350955 0.0957691 -0.0406494
FixedParameters: 0 0 0

#Transform 75
Transform: AffineTransform_float_3_3
Parameters: 0.999997 0.00242212 -0.00119772 -0.00241888 0.999993 0.00259791 0.00120429 -0.00259509 0.999996 -0.0373929 0.0927005 -0.00664434
FixedParameters: 0 0 0

#Transform 76
Transform: AffineTransform_float_3_3
Parameters: 0.999997 0.00248531 -0.000970663 -0.00248369 0.999996 0.00134442 0.000974339 -0.00134258 0.999998 -0.0583291 0.0898468 0.000896715
FixedParameters: 0 0 0

#Transform 77
Transform: AffineTransform_float_3_3
Parameters: 0.999997 0.00182989 -0.00110925 -0.00182611 0.999995 0.00259903 0.00111375 -0.00259697 0.999996 -0.0219544 0.107148 0.00887955
FixedParameters: 0 0 0

#Transform 78
Transform: AffineTransform_float_3_3
Parameters: 0.999999 0.000674701 -0.00113463 -0.000669298 0.999987 0.00501676 0.00113837 -0.00501624 0.999987 0.0174488 -0.0233706 0.131831
FixedParameters: 0 0 0

#Transform 79
Transform: AffineTransform_float_3_3
Parameters: 0.999999 -2.74601e-05 -0.00146309 3.15395e-05 0.999995 0.00310296 0.00146291 -0.00310304 0.999994 0.0363757 -0.00242416 0.0927048
FixedParameters: 0 0 0

#Transform 80
Transform: AffineTransform_float_3_3
Parameters: 1 0.000266657 -0.00109136 -0.000264344 0.999997 0.00243429 0.00109165 -0.00243371 0.999997 0.037158 0.0245437 0.0863435
FixedParameters: 0 0 0

#Transform 81
Transform: AffineTransform_float_3_3
Parameters: 0.999999 0.000723678 -0.00139258 -0.000719324 0.999994 0.00335701 0.00139442 -0.003356 0.999994 0.0233028 7.40112e-06 0.129703
FixedParameters: 0 0 0

#Transform 82
Transform: AffineTransform_float_3_3
Parameters: 0.999998 0.000985318 -0.00160514 -0.000978683 0.999992 0.00393158 0.00160886 -0.00393042 0.999991 0.0249281 -0.0150331 0.167086
FixedParameters: 0 0 0

#Transform 83
Transform: AffineTransform_float_3_3
Parameters: 0.999998 0.00102031 -0.00134975 -0.00101669 0.999995 0.00318938 0.00135325 -0.00318763 0.999994 0.0177547 0.00398284 0.145668
FixedParameters: 0 0 0

#Transform 84
Transform: AffineTransform_float_3_3
Parameters: 0.999999 0.000939511 -0.00110904 -0.00093549 0.999995 0.00316204 0.00111196 -0.00316096 0.999995 -0.00703551 0.0210343 0.125606
FixedParameters: 0 0 0

#Transform 85
Transform: AffineTransform_float_3_3
Parameters: 1 0.000179 -0.000484265 -0.000177001 0.999992 0.00412709 0.000484735 -0.00412692 0.999992 0.0077654 0.0136247 0.173745
FixedParameters: 0 0 0

#Transform 86
Transform: AffineTransform_float_3_3
Parameters: 1 0.000140935 -0.000207368 -0.000139062 0.99999 0.00450203 0.000208628 -0.00450197 0.99999 0.00121608 -0.00992899 0.179096
FixedParameters: 0 0 0

#Transform 87
Transform: AffineTransform_float_3_3
Parameters: 0.999999 0.000357551 -0.000754797 -0.000355448 0.999994 0.00337727 0.000756204 -0.00337673 0.999994 0.0188638 0.0140954 0.162886
FixedParameters: 0 0 0

#Transform 88
Transform: AffineTransform_float_3_3
Parameters: 0.999999 0.000922641 -0.00160434 -0.00091836 0.999996 0.00289148 0.00160666 -0.00288952 0.999994 0.0099688 0.0117781 0.123063
FixedParameters: 0 0 0

#Transform 89
Transform: AffineTransform_float_3_3
Parameters: 0.999999 0.00118911 -0.00128412 -0.00118589 0.999997 0.00242253 0.00128688 -0.00242147 0.999996 -0.0101642 0.0235014 0.144097
FixedParameters: 0 0 0

#Transform 90
Transform: AffineTransform_float_3_3
Parameters: 1 2.51877e-06 -0.000339992 -1.48119e-06 0.99999 0.004467 0.00034001 -0.004467 0.99999 0.026367 0.0209507 0.189305
FixedParameters: 0 0 0

#Transform 91
Transform: AffineTransform_float_3_3
Parameters: 1 1.3624e-06 -0.000106996 -1.63758e-06 0.999995 0.003387 0.000107006 -0.003387 0.999995 0.0203531 0.0126352 0.165779
FixedParameters: 0 0 0

#Transform 92
Transform: AffineTransform_float_3_3
Parameters: 0.999999 0.000748425 0.000328612 -0.000749577 0.999988 0.00482076 -0.000325391 -0.00482025 0.999989 -0.00225428 0.0606608 0.168439
FixedParameters: 0 0 0

#Transform 93
Transform: AffineTransform_float_3_3
Parameters: 1 -0.000244152 4.21272e-05 0.000243848 0.999993 0.00357601 -4.28723e-05 -0.00357599 0.999993 0.0200419 0.00968545 0.153244
FixedParameters: 0 0 0

#Transform 94
Transform: AffineTransform_float_3_3
Parameters: 1 -0.000413728 -8.13947e-05 0.000413271 0.999994 0.00336997 7.96077e-05 -0.00337004 0.999995 0.0258506 0.0108852 0.126329
FixedParameters: 0 0 0

#Transform 95
Transform: AffineTransform_float_3_3
Parameters: 1 -0.000413756 -8.12541e-05 0.000413244 0.999996 0.00302997 7.97483e-05 -0.00303004 0.999996 0.0258444 0.0130518 0.105104
FixedParameters: 0 0 0

#Transform 96
Transform: AffineTransform_float_3_3
Parameters: 1 -0.00041355 -0.000139341 0.000413452 0.999994 0.00324194 0.00013866 -0.00324206 0.999994 0.0273615 0.00114403 0.109601
FixedParameters: 0 0 0

#Transform 97
Transform: AffineTransform_float_3_3
Parameters: 1 -0.000413781 -8.1125e-05 0.000413219 0.999996 0.00271797 7.98772e-05 -0.00271803 0.999997 0.0258489 0.0147065 0.126634
FixedParameters: 0 0 0

#Transform 98
Transform: AffineTransform_float_3_3
Parameters: 1 -0.000202675 -0.000509529 0.000203324 0.999996 0.0026019 0.000508473 -0.0026011 0.999997 0.00974095 0.0118379 0.125471
FixedParameters: 0 0 0

#Transform 99
Transform: AffineTransform_float_3_3
Parameters: 1 -9.8756e-05 -0.000527234 9.92458e-05 0.999997 0.00235995 0.000527767 -0.00236005 0.999997 0.0230523 0.0235809 0.14972
FixedParameters: 0 0 0

#Transform 100
Transform: AffineTransform_float_3_3
Parameters: 1 0.000119225 -0.000505713 -0.000117774 0.999997 0.00242206 0.000506287 -0.00242194 0.999997 0.00435164 0.0361849 0.139723
FixedParameters: 0 0 0

#Transform 101
Transform: AffineTransform_float_3_3
Parameters: 1 0.000257254 -0.000489342 -0.000255746 0.999996 0.00256212 0.000489657 -0.00256187 0.999996 0.0124567 0.0392692 0.149154
FixedParameters: 0 0 0

#Transform 102
Transform: AffineTransform_float_3_3
Parameters: 1 0.000172305 -0.00058962 -0.000170694 0.999997 0.0022131 0.000590379 -0.0022129 0.999998 -0.0017915 0.0271827 0.144366
FixedParameters: 0 0 0

#Transform 103
Transform: AffineTransform_float_3_3
Parameters: 1 4.41181e-05 -0.000489901 -4.28817e-05 0.999998 0.00228202 0.000490099 -0.00228198 0.999998 0.00183554 0.0254512 0.120755
FixedParameters: 0 0 0

#Transform 104
Transform: AffineTransform_float_3_3
Parameters: 1 9.90566e-05 -0.000489787 -9.79428e-05 0.999997 0.00215705 0.000490212 -0.00215695 0.999997 -0.00106453 0.0259694 0.118818
FixedParameters: 0 0 0

#Transform 105
Transform: AffineTransform_float_3_3
Parameters: 1 1.54709e-05 -0.00023997 -1.55291e-05 0.999998 0.001962 0.000240031 -0.001962 0.999998 -0.00417227 0.0337664 0.115581
FixedParameters: 0 0 0

#Transform 106
Transform: AffineTransform_float_3_3
Parameters: 1 -0.00041304 -0.000490809 0.00041396 0.999998 0.0019568 0.000490191 -0.0019572 0.999998 0.0254428 0.0230498 0.115852
FixedParameters: 0 0 0

#Transform 107
Transform: AffineTransform_float_3_3
Parameters: 1 0.000590931 -0.000191144 -0.000590069 0.999988 0.00483712 0.000193856 -0.00483689 0.999989 0.00741389 0.119852 0.131429
FixedParameters: 0 0 0

#Transform 108
Transform: AffineTransform_float_3_3
Parameters: 0.999999 0.000593209 -0.000487323 -0.000590792 0.999989 0.00452129 0.000489676 -0.00452071 0.999989 0.00610263 0.105651 0.139394
FixedParameters: 0 0 0

#Transform 109
Transform: AffineTransform_float_3_3
Parameters: 1 0.000319487 -0.000345631 -0.000317511 0.99999 0.00429411 0.000347366 -0.00429389 0.99999 0.0113785 0.0871919 0.135932
FixedParameters: 0 0 0

#Transform 110
Transform: AffineTransform_float_3_3
Parameters: 1 0.000297822 -0.000488894 -0.000296177 0.999993 0.00372315 0.000490106 -0.00372285 0.999993 0.0160753 0.0922915 0.127586
FixedParameters: 0 0 0

#Transform 111
Transform: AffineTransform_float_3_3
Parameters: 1 0.000384849 -0.000488548 -0.000383149 0.999993 0.00378019 0.000490452 -0.00377981 0.999992 0.0108473 0.081928 0.130699
FixedParameters: 0 0 0

#Transform 112
Transform: AffineTransform_float_3_3
Parameters: 1 0.00017585 -0.000489339 -0.000174151 0.999993 0.00377908 0.000489661 -0.00377891 0.999992 0.0205172 0.082222 0.128406
FixedParameters: 0 0 0

#Transform 113
Transform: AffineTransform_float_3_3
Parameters: 1 0.000205691 -0.000489293 -0.000204311 0.999994 0.0034521 0.000489708 -0.0034529 0.999994 0.0200607 0.090543 0.114497
FixedParameters: 0 0 0

#Transform 114
Transform: AffineTransform_float_3_3
Parameters: 1 0.000356034 -0.000298773 -0.000354966 0.999994 0.00345211 0.000300227 -0.00345289 0.999994 0.0196674 0.0904306 0.140356
FixedParameters: 0 0 0

#Transform 115
Transform: AffineTransform_float_3_3
Parameters: 1 -3.7607e-06 -0.000359015 5.23924e-06 0.999994 0.003452 0.000358984 -0.003452 0.999994 0.0197253 0.0908954 0.145977
FixedParameters: 0 0 0

#Transform 116
Transform: AffineTransform_float_3_3
Parameters: 1 -1.83084e-05 -0.000490066 1.96914e-05 0.999994 0.00345199 0.000489935 -0.00345201 0.999994 0.043456 0.0908919 0.123517
FixedParameters: 0 0 0

#Transform 117
Transform: AffineTransform_float_3_3
Parameters: 1 -2.0722e-05 -0.000490056 2.22778e-05 0.999996 0.00260799 0.000489944 -0.00260801 0.999997 0.0409059 0.108431 0.148277
FixedParameters: 0 0 0

#Transform 118
Transform: AffineTransform_float_3_3
Parameters: 1 -0.000412755 -0.000436181 0.000413244 0.999996 0.00285682 0.000434821 -0.00285718 0.999996 0.0446058 0.0947053 0.160324
FixedParameters: 0 0 0

#Transform 119
Transform: AffineTransform_float_3_3
Parameters: 1 -3.95646e-05 -0.000490118 4.0435e-05 0.999995 0.00292898 0.000489883 -0.00292902 0.999995 0.040473 0.0939826 0.166098
FixedParameters: 0 0 0

#Transform 120
Transform: AffineTransform_float_3_3
Parameters: 1 -0.000412555 -0.000491217 0.000413444 0.999995 0.00294479 0.000489784 -0.0029452 0.999995 0.0580132 0.0988246 0.161239
FixedParameters: 0 0 0

#Transform 121
Transform: AffineTransform_float_3_3
Parameters: 1 -0.000412871 -0.000415126 0.000413128 0.999996 0.00272283 0.000413877 -0.00272317 0.999996 0.0441421 0.10382 0.14361
FixedParameters: 0 0 0

#Transform 122
Transform: AffineTransform_float_3_3
Parameters: 1 2.34211e-06 -0.000489995 -6.57882e-07 0.999996 0.002739 0.000490004 -0.002739 0.999996 0.0488325 0.0993381 0.153153
FixedParameters: 0 0 0

#Transform 123
Transform: AffineTransform_float_3_3
Parameters: 1 -0.000412628 -0.000491156 0.000413372 0.999996 0.0027978 0.000489846 -0.0027972 0.999996 0.0582929 0.0827376 0.144836
FixedParameters: 0 0 0

#Transform 124
Transform: AffineTransform_float_3_3
Parameters: 1 -0.000412874 -0.000431082 0.000413126 0.999997 0.00261582 0.000429921 -0.00261618 0.999997 0.0617316 0.0873406 0.158862
FixedParameters: 0 0 0

#Transform 125
Transform: AffineTransform_float_3_3
Parameters: 1 -9.07654e-06 -0.000256035 9.92333e-06 0.999993 0.003607 0.000255966 -0.003607 0.999994 0.0481521 0.108241 0.181099
FixedParameters: 0 0 0

#Transform 126
Transform: AffineTransform_float_3_3
Parameters: 1 0.000547457 -0.000353755 -0.000545542 0.999992 0.00410519 0.000356242 -0.00410481 0.999991 0.0452206 0.110806 0.164193
FixedParameters: 0 0 0

#Transform 127
Transform: AffineTransform_float_3_3
Parameters: 1 0.000395884 -0.000225454 -0.000395118 0.999993 0.00390909 0.000226546 -0.00390891 0.999993 0.044165 0.120168 0.161074
FixedParameters: 0 0 0

#Transform 128
Transform: AffineTransform_float_3_3
Parameters: 1 0.00054881 -0.000225035 -0.00054819 0.999994 0.00358413 0.000226966 -0.00358388 0.999994 0.0188598 0.124309 0.156238
FixedParameters: 0 0 0

#Transform 129
Transform: AffineTransform_float_3_3
Parameters: 0.999999 0.000764771 -0.000224389 -0.00076323 0.999994 0.00341617 0.000226608 -0.00341583 0.999994 0.0184654 0.128308 0.127764
FixedParameters: 0 0 0

#Transform 130
Transform: AffineTransform_float_3_3
Parameters: 1 -2.33478e-05 -0.00106511 2.86561e-05 0.999991 0.00436797 0.00106589 -0.00436803 0.99999 0.0436898 0.104803 0.17537
FixedParameters: 0 0 0

#Transform 131
Transform: AffineTransform_float_3_3
Parameters: 1 6.10498e-05 -0.00111279 -5.69494e-05 0.999994 0.00363907 0.00111321 -0.00363893 0.999993 0.0436246 0.0970604 0.179026
FixedParameters: 0 0 0

#Transform 132
Transform: AffineTransform_float_3_3
Parameters: 1 0.00024195 -0.00111815 -0.000238051 0.999993 0.00353127 0.00111885 -0.00353073 0.999993 0.037857 0.0997578 0.16921
FixedParameters: 0 0 0

#Transform 133
Transform: AffineTransform_float_3_3
Parameters: 0.999999 9.4694e-05 -0.000806688 -9.13049e-05 0.999995 0.00333908 0.000807309 -0.00333893 0.999994 0.035114 0.104732 0.12984
FixedParameters: 0 0 0

#Transform 134
Transform: AffineTransform_float_3_3
Parameters: 1 0.000125591 -0.00119463 -0.000121407 0.999995 0.00300614 0.00119537 -0.00300585 0.999995 0.0382061 0.0971389 0.117583
FixedParameters: 0 0 0

#Transform 135
Transform: AffineTransform_float_3_3
Parameters: 1 0.000183657 -0.00119644 -0.000179341 0.999996 0.00305622 0.00119755 -0.00305578 0.999994 0.0345777 0.0978479 0.129885
FixedParameters: 0 0 0

#Transform 136
Transform: AffineTransform_float_3_3
Parameters: 1 0.000317135 -0.00110711 -0.000313865 0.999996 0.00283135 0.00110789 -0.00283065 0.999996 0.0310924 0.105948 0.136443
FixedParameters: 0 0 0

#Transform 137
Transform: AffineTransform_float_3_3
Parameters: 1 0.000184023 -0.00115752 -0.000180979 0.999996 0.00261021 0.00115748 -0.00261079 0.999996 0.0429643 0.11784 0.145456
FixedParameters: 0 0 0

#Transform 138
Transform: AffineTransform_float_3_3
Parameters: 0.999999 0.000289353 -0.00131327 -0.000286648 0.999996 0.00255238 0.00131374 -0.00255262 0.999996 0.0359007 0.125107 0.144816
FixedParameters: 0 0 0

#Transform 139
Transform: AffineTransform_float_3_3
Parameters: 0.999998 0.000409796 -0.00157101 -0.000406203 0.999997 0.00241664 0.00157199 -0.00241536 0.999996 0.034863 0.129747 0.115074
FixedParameters: 0 0 0

#Transform 140
Transform: AffineTransform_float_3_3
Parameters: 0.999998 0.00061291 -0.00156809 -0.000608087 0.999995 0.00312996 0.00157091 -0.00312904 0.999994 0.0472063 0.155191 0.102191
FixedParameters: 0 0 0

#Transform 141
Transform: AffineTransform_float_3_3
Parameters: 0.999999 0.0006423 -0.00138902 -0.0006377 0.999995 0.00309389 0.00139098 -0.00309311 0.999994 0.0260575 0.14215 0.121881
FixedParameters: 0 0 0

#Transform 142
Transform: AffineTransform_float_3_3
Parameters: 0.999999 0.000656381 -0.00117812 -0.000652619 0.999995 0.00286777 0.00117988 -0.00286723 0.999995 0.0214238 0.13033 0.120936
FixedParameters: 0 0 0

#Transform 143
Transform: AffineTransform_float_3_3
Parameters: 1 0.000465051 -0.00104665 -0.000461948 0.999995 0.00291348 0.00104835 -0.00291251 0.999995 0.0222222 0.115753 0.0982253
FixedParameters: 0 0 0

#Transform 144
Transform: AffineTransform_float_3_3
Parameters: 1 0.000238244 -0.00113833 -0.000234757 0.999996 0.00284927 0.00113867 -0.00284873 0.999996 0.0498102 0.140375 0.117541
FixedParameters: 0 0 0

#Transform 145
Transform: AffineTransform_float_3_3
Parameters: 0.999999 -0.000411336 -0.000809359 0.000413662 0.999994 0.00329367 0.000807642 -0.00329333 0.999994 0.0427824 0.0546957 0.176929
FixedParameters: 0 0 0

#Transform 146
Transform: AffineTransform_float_3_3
Parameters: 0.999999 0.00095566 -0.00123518 -0.000951341 0.999995 0.00296018 0.00123782 -0.00295882 0.999995 0.0334865 0.0615265 0.20225
FixedParameters: 0 0 0

#Transform 147
Transform: AffineTransform_float_3_3
Parameters: 0.999998 0.00148364 -0.00177697 -0.00147936 0.999997 0.00204663 0.00178003 -0.00204436 0.999997 0.0398275 0.068172 0.159792
FixedParameters: 0 0 0

#Transform 148
Transform: AffineTransform_float_3_3
Parameters: 0.999998 0.00140445 -0.00155789 -0.00140054 0.999996 0.00221619 0.00156111 -0.00221381 0.999997 0.0335867 -5.15007e-05 -0.0591516
FixedParameters: 0 0 0

#Transform 149
Transform: AffineTransform_float_3_3
Parameters: 0.999996 0.00163244 -0.0022096 -0.00162056 0.999986 0.0051666 0.0022184 -0.0051634 0.999984 0.0409771 -0.0901796 -0.0248797
FixedParameters: 0 0 0

#Transform 150
Transform: AffineTransform_float_3_3
Parameters: 0.999999 0.000954043 -0.00146167 -0.000951957 0.999998 0.00139839 0.00146233 -0.00139661 0.999998 0.0397778 0.0183958 0.0192079
FixedParameters: 0 0 0

#Transform 151
Transform: AffineTransform_float_3_3
Parameters: 0.999996 0.00202658 -0.00166687 -0.00202342 0.999997 0.00154538 0.00167013 -0.00154262 0.999998 0.0291092 0.0328794 0.0997698
FixedParameters: 0 0 0

#Transform 152
Transform: AffineTransform_float_3_3
Parameters: 0.999995 0.00227799 -0.00196253 -0.00227501 0.999996 0.00152447 0.00196547 -0.00152053 0.999997 0.0224898 0.0459781 0.0795247
FixedParameters: 0 0 0

#Transform 153
Transform: AffineTransform_float_3_3
Parameters: 0.999996 0.00202512 -0.0015707 -0.00202088 0.999994 0.00261918 0.0015763 -0.00261682 0.999996 0.0266798 0.0383163 0.139912
FixedParameters: 0 0 0

#Transform 154
Transform: AffineTransform_float_3_3
Parameters: 0.999998 0.00131954 -0.00143885 -0.00131546 0.999994 0.0031489 0.00144315 -0.0031471 0.999994 0.0475316 0.0294277 0.130784
FixedParameters: 0 0 0

#Transform 155
Transform: AffineTransform_float_3_3
Parameters: 0.999998 0.0010306 -0.00157235 -0.0010244 0.999993 0.00355662 0.00157665 -0.00355438 0.999993 0.0511403 -0.00522502 0.125946
FixedParameters: 0 0 0

#Transform 156
Transform: AffineTransform_float_3_3
Parameters: 0.999999 -4.10099e-05 -0.0015762 4.79891e-05 0.99999 0.00443493 0.0015758 -0.00443507 0.999989 0.0577002 -0.00209886 0.129436
FixedParameters: 0 0 0

#Transform 157
Transform: AffineTransform_float_3_3
Parameters: 0.999999 0.00128226 -0.000402774 -0.00127974 0.999968 0.00798553 0.000413233 -0.00798548 0.999968 0.0407596 0.0825085 0.149146
FixedParameters: 0 0 0

#Transform 158
Transform: AffineTransform_float_3_3
Parameters: 1 0.000422039 -0.000937305 -0.000415957 0.999979 0.00643339 0.000940696 -0.00643261 0.999979 0.0674163 0.0691694 0.095107
FixedParameters: 0 0 0

#Transform 159
Transform: AffineTransform_float_3_3
Parameters: 0.999996 0.0010322 -0.00258686 -0.0010088 0.99996 0.00895264 0.00259613 -0.00894935 0.999956 0.068248 0.0529066 0.269108
FixedParameters: 0 0 0

#Transform 160
Transform: AffineTransform_float_3_3
Parameters: 0.999999 0.00107648 -0.00132597 -0.00106452 0.999956 0.00937743 0.00133604 -0.00937658 0.999955 0.0471815 0.0415834 0.243098
FixedParameters: 0 0 0

#Transform 161
Transform: AffineTransform_float_3_3
Parameters: 0.999998 0.000958799 -0.00168824 -0.000945205 0.999967 0.00815462 0.00169576 -0.00815339 0.999966 0.0537849 0.0551306 0.225202
FixedParameters: 0 0 0

#Transform 162
Transform: AffineTransform_float_3_3
Parameters: 0.999999 0.000946501 -0.00160871 -0.000933497 0.999969 0.00775351 0.00161629 -0.00775248 0.999968 0.0442279 0.0489302 0.1955
FixedParameters: 0 0 0

#Transform 163
Transform: AffineTransform_float_3_3
Parameters: 0.999998 0.00101835 -0.00125648 -0.00100864 0.999972 0.00742227 0.00126452 -0.00742072 0.999971 0.0340313 0.0571452 0.165777
FixedParameters: 0 0 0

#Transform 164
Transform: AffineTransform_float_3_3
Parameters: 1 0.000562595 -0.00106502 -0.000554405 0.999975 0.0071186 0.00106897 -0.00711741 0.999974 0.0616681 0.0655378 0.160876
FixedParameters: 0 0 0

#Transform 165
Transform: AffineTransform_float_3_3
Parameters: 1 0.000562465 -0.00106509 -0.000554537 0.999976 0.0069956 0.00106891 -0.00699541 0.999975 0.0705031 0.0687904 0.178514
FixedParameters: 0 0 0

#Transform 166
Transform: AffineTransform_float_3_3
Parameters: 0.999999 0.000842677 -0.00104888 -0.00083533 0.999973 0.00729788 0.00105412 -0.00729712 0.999973 0.0753892 0.105632 0.18153
FixedParameters: 0 0 0

#Transform 167
Transform: AffineTransform_float_3_3
Parameters: 0.999999 0.00145559 -0.000953522 -0.00144742 0.999967 0.00790739 0.000964476 -0.00790661 0.999969 0.0614629 0.108611 0.183679
FixedParameters: 0 0 0

#Transform 168
Transform: AffineTransform_float_3_3
Parameters: 0.999999 0.00106979 -0.00100477 -0.00106121 0.999969 0.00772307 0.00101322 -0.00772192 0.999969 0.0600794 0.0875063 0.195249
FixedParameters: 0 0 0

#Transform 169
Transform: AffineTransform_float_3_3
Parameters: 0.999999 0.000890152 -0.000951359 -0.000882843 0.999971 0.00749185 0.000958641 -0.00749115 0.999972 0.0645651 0.0708703 0.184396
FixedParameters: 0 0 0

#Transform 170
Transform: AffineTransform_float_3_3
Parameters: 0.999999 0.000889624 -0.000914603 -0.000882373 0.999973 0.00721781 0.000921392 -0.00721718 0.999973 0.0678155 0.077947 0.178887
FixedParameters: 0 0 0

#Transform 171
Transform: AffineTransform_float_3_3
Parameters: 0.999999 0.00113462 -0.00144674 -0.00112439 0.999972 0.00731764 0.00145427 -0.00731636 0.999972 0.0560288 0.0750589 0.189876
FixedParameters: 0 0 0

#Transform 172
Transform: AffineTransform_float_3_3
Parameters: 0.999992 0.00283477 -0.00283858 -0.00280522 0.999941 0.010437 0.00286842 -0.0104289 0.999941 0.0513041 0.0669761 0.463242
FixedParameters: 0 0 0

#Transform 173
Transform: AffineTransform_float_3_3
Parameters: 0.999995 0.00225102 -0.00224205 -0.00223298 0.999966 0.00800805 0.00225995 -0.00800296 0.999966 0.0681207 0.0751917 0.163123
FixedParameters: 0 0 0

#Transform 174
Transform: AffineTransform_float_3_3
Parameters: 0.999993 0.00282509 -0.00236319 -0.00280492 0.999961 0.00846069 0.00238681 -0.00845432 0.999962 0.0503271 0.0782578 0.218863
FixedParameters: 0 0 0

#Transform 175
Transform: AffineTransform_float_3_3
Parameters: 0.999995 0.00242474 -0.00234882 -0.00240726 0.999969 0.00752769 0.00236618 -0.0075213 0.999969 0.0481035 0.0691228 0.165324
FixedParameters: 0 0 0

#Transform 176
Transform: AffineTransform_float_3_3
Parameters: 0.999996 0.00219009 -0.00170633 -0.00217691 0.999968 0.00763774 0.00172267 -0.00763426 0.99997 0.0417626 0.06652 0.163434
FixedParameters: 0 0 0

#Transform 177
Transform: AffineTransform_float_3_3
Parameters: 0.999996 0.00208082 -0.00182952 -0.00206818 0.999974 0.00698281 0.00184348 -0.00697919 0.999974 0.0447979 0.0740467 0.165888
FixedParameters: 0 0 0

#Transform 178
Transform: AffineTransform_float_3_3
Parameters: 0.999996 0.00230574 -0.00147892 -0.00229525 0.999976 0.00655742 0.00149408 -0.00655358 0.999978 0.0277504 0.0753007 0.16536
FixedParameters: 0 0 0

#Transform 179
Transform: AffineTransform_float_3_3
Parameters: 0.999996 0.00227842 -0.0017462 -0.00226658 0.999976 0.00651499 0.0017608 -0.00651102 0.999978 0.0274884 0.0925882 0.196373
FixedParameters: 0 0 0
