#Insight Transform File V1.0
#Transform 0
Transform: AffineTransform_float_3_3
Parameters: 1 1.55241e-06 -0.000648998 -4.47586e-07 0.999997 0.002392 0.000649003 -0.002392 0.999997 -0.0816223 0.0125996 0.0764925
FixedParameters: 0 0 0

#Transform 1
Transform: AffineTransform_float_3_3
Parameters: 1 5.01424e-07 -0.000518 -4.98575e-07 0.999999 0.000968 0.000518001 -0.000968 1 -0.082192 -0.0234706 0.0851486
FixedParameters: 0 0 0

#Transform 2
Transform: AffineTransform_float_3_3
Parameters: 1 3.52244e-07 -0.000428 3.52244e-07 0.999999 0.000822999 0.000428 -0.000822999 0.999999 -0.0674098 0.00762599 0.112253
FixedParameters: 0 0 0

#Transform 3
Transform: AffineTransform_float_3_3
Parameters: 1 2.2313e-08 -5.3e-05 2.2313e-08 1 0.000421 5.3e-05 -0.000421 1 -0.0435393 -0.0121634 0.149373
FixedParameters: 0 0 0

#Transform 4
Transform: AffineTransform_float_3_3
Parameters: 1 -5.6787e-08 6.9e-05 -5.6787e-08 0.999999 0.000822999 -6.9e-05 -0.000822999 0.999999 -0.0322483 0.00678365 0.126416
FixedParameters: 0 0 0

#Transform 5
Transform: AffineTransform_float_3_3
Parameters: 1 -8.95959e-08 5.19999e-05 -8.95959e-08 0.999998 0.001723 -5.19999e-05 -0.001723 0.999998 -0.0439871 0.0166644 0.120874
FixedParameters: 0 0 0

#Transform 6
Transform: AffineTransform_float_3_3
Parameters: 1 0.00013228 -0.000211825 -0.000131719 0.999999 0.00132303 0.000212174 -0.00132297 0.999999 -0.0419272 0.000418641 0.11641
FixedParameters: 0 0 0

#Transform 7
Transform: AffineTransform_float_3_3
Parameters: 1 0.000236028 -1.86535e-05 -0.000235972 0.999999 0.001468 1.93464e-05 -0.001468 0.999999 -0.0422768 0.0155124 0.0954903
FixedParameters: 0 0 0

#Transform 8
Transform: AffineTransform_float_3_3
Parameters: 1 0.000482966 2.08182e-05 -0.000483035 0.999999 0.00169399 -2.01818e-05 -0.00169401 0.999998 -0.0410063 0.00198026 0.0400538
FixedParameters: 0 0 0

#Transform 9
Transform: AffineTransform_float_3_3
Parameters: 0.999999 0.000824006 -2.54481e-06 -0.000823993 0.999998 0.001766 4.45518e-06 -0.001766 0.999999 -0.0387203 -0.00772095 0.0273557
FixedParameters: 0 0 0

#Transform 10
Transform: AffineTransform_float_3_3
Parameters: 1 0.000541609 -0.000239627 -0.000540389 0.999996 0.00253613 0.000241371 -0.00253587 0.999997 -0.0219826 0.00450428 0.0346737
FixedParameters: 0 0 0

#Transform 11
Transform: AffineTransform_float_3_3
Parameters: 1 0.000541572 -0.000221607 -0.000540429 0.999996 0.00257412 0.000222392 -0.00257388 0.999996 -0.00876784 -0.0209431 -0.00494821
FixedParameters: 0 0 0

#Transform 12
Transform: AffineTransform_float_3_3
Parameters: 1 0.000540438 0.000227339 -0.000540563 0.999997 0.00247688 -0.000226662 -0.00247712 0.999997 0.00787061 -0.0205326 -0.00711037
FixedParameters: 0 0 0

#Transform 13
Transform: AffineTransform_float_3_3
Parameters: 1 0.000474496 0.000172392 -0.000475502 0.999995 0.00293292 -0.000170606 -0.00293308 0.999995 0.0144427 -0.0226887 -0.0417515
FixedParameters: 0 0 0

#Transform 14
Transform: AffineTransform_float_3_3
Parameters: 1 0.000541008 -2.74541e-06 -0.000540992 0.999997 0.002319 4.25457e-06 -0.002319 0.999998 0.0152727 -0.0488221 -0.0612782
FixedParameters: 0 0 0

#Transform 15
Transform: AffineTransform_float_3_3
Parameters: 1 0.000591755 0.000106373 -0.000592244 0.999997 0.00231894 -0.000104627 -0.00231906 0.999998 0.019529 -0.025841 -0.0614366
FixedParameters: 0 0 0

#Transform 16
Transform: AffineTransform_float_3_3
Parameters: 1 0.000541009 -2.49546e-06 -0.000540989 0.999996 0.002781 4.50451e-06 -0.002781 0.999996 0.0223653 -0.0218926 -0.0641492
FixedParameters: 0 0 0

#Transform 17
Transform: AffineTransform_float_3_3
Parameters: 1 0.000901355 0.000449296 -0.000901644 0.999998 0.00143659 -0.000447705 -0.0014374 0.999999 0.0537918 -0.072762 -0.106649
FixedParameters: 0 0 0

#Transform 18
Transform: AffineTransform_float_3_3
Parameters: 1 0.000296737 0.000967082 -0.000296263 1 0.000271714 -0.00096692 -0.000272287 1 0.0419376 -0.0446841 -0.01517
FixedParameters: 0 0 0

#Transform 19
Transform: AffineTransform_float_3_3
Parameters: 1 0.00054094 0.000333097 -0.000541059 1 0.00017882 -0.000332904 -0.00017818 1 0.0206635 -0.01153 0.0508866
FixedParameters: 0 0 0

#Transform 20
Transform: AffineTransform_float_3_3
Parameters: 1 0.000136993 -2.50375e-05 -0.000137007 1 -0.000273997 2.49625e-05 0.000274003 1 0.00711374 0.00744629 -0.00103039
FixedParameters: 0 0 0

#Transform 21
Transform: AffineTransform_float_3_3
Parameters: 1 0.000313026 0.000332976 -0.000312974 1 -7.71042e-05 -0.000333024 7.68958e-05 1 -0.00306739 -0.0216139 -0.0384534
FixedParameters: 0 0 0

#Transform 22
Transform: AffineTransform_float_3_3
Parameters: 1 0.000127936 0.000333024 -0.000128064 1 0.000190957 -0.000332975 -0.000191043 1 -0.00137101 -0.00304043 -0.0199401
FixedParameters: 0 0 0

#Transform 23
Transform: AffineTransform_float_3_3
Parameters: 1 0.000190737 0.00033315 -0.000191262 0.999999 0.000787936 -0.000332849 -0.000788063 0.999999 0.00572989 -0.00999483 -0.0166299
FixedParameters: 0 0 0

#Transform 24
Transform: AffineTransform_float_3_3
Parameters: 0.999999 0.000539998 0.00125243 -0.000541003 0.999999 0.000800323 -0.00125257 -0.000800677 0.999999 0.014093 -0.00750428 0.0268005
FixedParameters: 0 0 0

#Transform 25
Transform: AffineTransform_float_3_3
Parameters: 1 0.000262039 0.00060042 -0.000262961 0.999998 0.00159984 -0.00060058 -0.00160016 0.999998 -0.000275852 0.00296496 0.0228839
FixedParameters: 0 0 0

#Transform 26
Transform: AffineTransform_float_3_3
Parameters: 1 0.000541114 -4.97794e-05 -0.000540888 0.999998 0.00225603 5.02204e-05 -0.00225597 0.999998 -0.0503865 -0.000608944 0.0199451
FixedParameters: 0 0 0

#Transform 27
Transform: AffineTransform_float_3_3
Parameters: 1 0.000540932 8.54311e-05 -0.000541068 0.999999 0.000796953 -8.55693e-05 -0.000796046 0.999999 -0.00493127 -0.0204058 -0.00600839
FixedParameters: 0 0 0

#Transform 28
Transform: AffineTransform_float_3_3
Parameters: 1 -4.48899e-07 0.000223 -4.48899e-07 0.999998 0.002013 -0.000223 -0.002013 0.999998 -0.00880471 -0.0022978 -0.0273197
FixedParameters: 0 0 0

#Transform 29
Transform: AffineTransform_float_3_3
Parameters: 1 0.000201686 0.000164386 -0.000201315 0.999998 0.00190997 -0.000164616 -0.00191003 0.999998 -0.0170534 -0.00209191 -0.0129636
FixedParameters: 0 0 0

#Transform 30
Transform: AffineTransform_float_3_3
Parameters: 1 0.000106565 0.000230202 -0.000107435 0.999998 0.00188998 -0.000229797 -0.00189003 0.999998 -0.00819661 -0.00187824 0.0139838
FixedParameters: 0 0 0

#Transform 31
Transform: AffineTransform_float_3_3
Parameters: 1 0.000106454 0.000220265 -0.000106545 0.999997 0.00248098 -0.000219736 -0.00248102 0.999997 -0.00813228 0.0193504 -0.00221436
FixedParameters: 0 0 0

#Transform 32
Transform: AffineTransform_float_3_3
Parameters: 1 0.000106581 0.000164272 -0.00010742 0.999996 0.00254998 -0.000164727 -0.00255002 0.999996 0.0190116 0.0188828 -0.0429472
FixedParameters: 0 0 0

#Transform 33
Transform: AffineTransform_float_3_3
Parameters: 1 0.00010583 0.000443281 -0.000107169 0.999996 0.00263995 -0.000442719 -0.00264005 0.999997 0.0177231 0.0185286 -0.0437966
FixedParameters: 0 0 0

#Transform 34
Transform: AffineTransform_float_3_3
Parameters: 1 0.000219397 0.000164806 -0.000220604 0.999993 0.00366797 -0.000164192 -0.00366804 0.999994 -0.00240521 0.0790012 -0.020042
FixedParameters: 0 0 0

#Transform 35
Transform: AffineTransform_float_3_3
Parameters: 0.999999 0.000764967 0.000196106 -0.000767031 0.999943 0.0105818 -0.000187894 -0.0105821 0.999944 0.00746679 0.0807986 0.158556
FixedParameters: 0 0 0

#Transform 36
Transform: AffineTransform_float_3_3
Parameters: 0.999999 0.000658269 0.000389936 -0.000659731 0.99999 0.00445474 -0.000387065 -0.00445526 0.99999 -0.00525014 0.0660781 0.0804699
FixedParameters: 0 0 0

#Transform 37
Transform: AffineTransform_float_3_3
Parameters: 1 0.000191974 0.00022488 -0.000193027 0.999989 0.00457195 -0.00022412 -0.00457204 0.999989 -0.013237 0.0687363 0.0800185
FixedParameters: 0 0 0

#Transform 38
Transform: AffineTransform_float_3_3
Parameters: 0.999999 0.000608989 0.000390157 -0.000611011 0.999987 0.00517576 -0.000386842 -0.00517624 0.999986 -0.0118538 0.0421619 -0.0235803
FixedParameters: 0 0 0

#Transform 39
Transform: AffineTransform_float_3_3
Parameters: 1 0.000506551 0.000100293 -0.000507447 0.999989 0.00452395 -9.77053e-05 -0.00452405 0.99999 0.00447177 0.0383249 -0.00713042
FixedParameters: 0 0 0

#Transform 40
Transform: AffineTransform_float_3_3
Parameters: 1 0.000610912 1.99057e-05 -0.000611088 0.999989 0.00475599 -1.70938e-05 -0.00475601 0.999988 0.011294 0.0372146 0.0327096
FixedParameters: 0 0 0

#Transform 41
Transform: AffineTransform_float_3_3
Parameters: 1 0.000610898 2.29057e-05 -0.000611103 0.999989 0.00475599 -2.00938e-05 -0.00475601 0.999988 0.00909708 0.0457344 0.010279
FixedParameters: 0 0 0

#Transform 42
Transform: AffineTransform_float_3_3
Parameters: 1 0.000611115 -2.08469e-05 -0.000610883 0.999986 0.00516001 2.41525e-05 -0.00515998 0.999986 0.0230334 0.0509892 -0.00590979
FixedParameters: 0 0 0

#Transform 43
Transform: AffineTransform_float_3_3
Parameters: 1 0.000611569 -0.00010576 -0.000611429 0.999986 0.00530006 0.000109242 -0.00529993 0.999986 -0.00224089 0.0470056 -0.0259167
FixedParameters: 0 0 0

#Transform 44
Transform: AffineTransform_float_3_3
Parameters: 1 0.000609938 0.000213065 -0.000611062 0.999987 0.00501987 -0.000209935 -0.00502013 0.999988 0.0135849 0.0484814 0.0136781
FixedParameters: 0 0 0

#Transform 45
Transform: AffineTransform_float_3_3
Parameters: 1 0.000198518 -9.99769e-05 -0.000197481 0.999986 0.00516002 0.00010102 -0.00515998 0.999986 0.0388856 0.0443756 0.00799293
FixedParameters: 0 0 0

#Transform 46
Transform: AffineTransform_float_3_3
Parameters: 0.999999 0.000840992 0.000391344 -0.000843006 0.999987 0.00515967 -0.000386655 -0.00516033 0.999986 -0.0044665 0.0491671 -0.0486495
FixedParameters: 0 0 0

#Transform 47
Transform: AffineTransform_float_3_3
Parameters: 1 0.000611112 -2.43407e-05 -0.00061089 0.999991 0.00435202 2.66588e-05 -0.00435198 0.99999 0.00421599 0.0412292 0.00427259
FixedParameters: 0 0 0

#Transform 48
Transform: AffineTransform_float_3_3
Parameters: 1 0.000611289 -5.90854e-05 -0.000610712 0.999989 0.00476904 6.19131e-05 -0.00476896 0.999988 0.0108861 0.0561802 0.0132598
FixedParameters: 0 0 0

#Transform 49
Transform: AffineTransform_float_3_3
Parameters: 1 0.000609966 0.000229763 -0.00061103 0.999989 0.00452586 -0.000226237 -0.00452614 0.999989 -0.00372856 0.0449297 -0.0385215
FixedParameters: 0 0 0

#Transform 50
Transform: AffineTransform_float_3_3
Parameters: 1 0.000610568 9.48224e-05 -0.000611432 0.999989 0.00462095 -9.21755e-05 -0.00462106 0.99999 0.0112955 0.0442377 -0.0280304
FixedParameters: 0 0 0

#Transform 51
Transform: AffineTransform_float_3_3
Parameters: 1 0.000182209 -4.21075e-05 -0.000181792 0.999988 0.00490101 4.28915e-05 -0.00490099 0.999988 0.0205092 0.0527661 0.0432909
FixedParameters: 0 0 0

#Transform 52
Transform: AffineTransform_float_3_3
Parameters: 1 0.000496987 0.000389581 -0.00049901 0.999987 0.00518381 -0.000386418 -0.00518419 0.999986 0.0112089 0.0507757 0.0231084
FixedParameters: 0 0 0

#Transform 53
Transform: AffineTransform_float_3_3
Parameters: 0.999999 0.000609199 0.000389829 -0.000610802 0.999989 0.00463676 -0.000387172 -0.00463724 0.999989 0.0211443 0.0522533 0.00735908
FixedParameters: 0 0 0

#Transform 54
Transform: AffineTransform_float_3_3
Parameters: 1 0.00019796 0.000388047 -0.000200039 0.999986 0.00526292 -0.000386953 -0.00526308 0.999986 -0.00570176 0.0679226 0.0219066
FixedParameters: 0 0 0

#Transform 55
Transform: AffineTransform_float_3_3
Parameters: 1 0.000557627 -0.000156788 -0.000556372 0.999992 0.00396909 0.000159209 -0.00396891 0.999992 -0.0165155 0.0389968 0.012831
FixedParameters: 0 0 0

#Transform 56
Transform: AffineTransform_float_3_3
Parameters: 1 0.000437225 -5.31816e-05 -0.000436776 0.999992 0.00416003 5.48175e-05 -0.00415998 0.999992 0.00500677 0.0554532 0.00172636
FixedParameters: 0 0 0

#Transform 57
Transform: AffineTransform_float_3_3
Parameters: 0.999999 0.000609107 0.000412807 -0.000610894 0.999989 0.00460075 -0.000410194 -0.00460025 0.99999 0.000363908 0.0531642 -0.00425754
FixedParameters: 0 0 0

#Transform 58
Transform: AffineTransform_float_3_3
Parameters: 1 0.000609791 0.000260843 -0.000611209 0.999989 0.00465784 -0.000258156 -0.00465816 0.999989 0.0173265 0.0587504 -0.0216273
FixedParameters: 0 0 0

#Transform 59
Transform: AffineTransform_float_3_3
Parameters: 0.999999 0.000608939 0.000413055 -0.000611061 0.999988 0.00500875 -0.000409944 -0.00500925 0.999988 0.0143443 0.0719992 -0.0239762
FixedParameters: 0 0 0

#Transform 60
Transform: AffineTransform_float_3_3
Parameters: 0.999999 0.000608912 0.000413095 -0.000611087 0.999987 0.00507375 -0.000409904 -0.00507425 0.999987 0.0128831 0.0740182 -0.0421824
FixedParameters: 0 0 0

#Transform 61
Transform: AffineTransform_float_3_3
Parameters: 0.999999 0.000609107 0.000412807 -0.000610894 0.999989 0.00460075 -0.000410194 -0.00460025 0.99999 0.0179632 0.052856 -0.0688971
FixedParameters: 0 0 0

#Transform 62
Transform: AffineTransform_float_3_3
Parameters: 0.999999 0.000608927 0.000413072 -0.000611072 0.999987 0.00503675 -0.000409927 -0.00503725 0.999987 0.0244285 0.0622142 -0.0139044
FixedParameters: 0 0 0

#Transform 63
Transform: AffineTransform_float_3_3
Parameters: 0.999999 0.00081265 0.000280936 -0.00081435 0.999988 0.00483877 -0.000277062 -0.00483923 0.999989 0.026262 0.0634137 -0.0765484
FixedParameters: 0 0 0

#Transform 64
Transform: AffineTransform_float_3_3
Parameters: 1 0.000609627 0.000289906 -0.000611374 0.999989 0.00476182 -0.000287092 -0.00476218 0.999988 0.025024 0.0566226 -0.0582291
FixedParameters: 0 0 0

#Transform 65
Transform: AffineTransform_float_3_3
Parameters: 0.999999 0.000609168 0.000412717 -0.000610833 0.99999 0.00445375 -0.000410283 -0.00445425 0.99999 0.0244257 0.056389 0.0124569
FixedParameters: 0 0 0

#Transform 66
Transform: AffineTransform_float_3_3
Parameters: 0.999999 0.000609345 0.000412456 -0.000610657 0.999991 0.00402475 -0.000410546 -0.00402425 0.999992 0.0328864 0.0583129 -0.00832265
FixedParameters: 0 0 0

#Transform 67
Transform: AffineTransform_float_3_3
Parameters: 0.999999 0.000609062 0.000412873 -0.000610938 0.999988 0.00470975 -0.000410127 -0.00470925 0.999989 0.0427779 0.0637123 -0.00778687
FixedParameters: 0 0 0

#Transform 68
Transform: AffineTransform_float_3_3
Parameters: 0.999999 0.000609361 0.000412432 -0.000610641 0.999992 0.00398575 -0.000410569 -0.00398625 0.999992 0.0384414 0.0450982 -0.061851
FixedParameters: 0 0 0

#Transform 69
Transform: AffineTransform_float_3_3
Parameters: 0.999999 0.000770425 0.000355432 -0.000772576 0.99999 0.00444973 -0.000352565 -0.00445027 0.99999 0.0432756 0.0629803 -0.02749
FixedParameters: 0 0 0

#Transform 70
Transform: AffineTransform_float_3_3
Parameters: 0.999999 0.000609323 0.000412488 -0.000610679 0.999991 0.00407775 -0.000410513 -0.00407725 0.999991 0.0545681 0.0459175 -0.0465708
FixedParameters: 0 0 0

#Transform 71
Transform: AffineTransform_float_3_3
Parameters: 1 0.000904355 0.000650693 -0.000907644 0.999992 0.00407741 -0.000646305 -0.00407759 0.999991 0.0331497 0.0507393 -0.0873618
FixedParameters: 0 0 0

#Transform 72
Transform: AffineTransform_float_3_3
Parameters: 1 -0.000171874 0.000578153 0.000169126 0.999987 0.0049681 -0.000578848 -0.0049679 0.999988 0.0508452 0.0823321 0.088321
FixedParameters: 0 0 0

#Transform 73
Transform: AffineTransform_float_3_3
Parameters: 1 6.85781e-05 0.000131221 -6.94212e-05 0.999995 0.00321799 -0.000130777 -0.00321801 0.999995 0.0293762 0.0442743 0.0217384
FixedParameters: 0 0 0

#Transform 74
Transform: AffineTransform_float_3_3
Parameters: 1 -0.000203243 -0.000235655 0.000203758 0.999995 0.00321795 0.000235345 -0.00321805 0.999995 -0.0100029 0.0761024 0.078528
FixedParameters: 0 0 0

#Transform 75
Transform: AffineTransform_float_3_3
Parameters: 1 -0.000217048 -0.000247837 0.000217953 0.999992 0.00384794 0.000247163 -0.00384805 0.999992 0.011777 0.0731189 0.0232095
FixedParameters: 0 0 0

#Transform 76
Transform: AffineTransform_float_3_3
Parameters: 1 0.000394441 0.00017427 -0.000395558 0.999994 0.00321793 -0.000172728 -0.00321807 0.999995 0.0137167 0.0566783 -0.0352186
FixedParameters: 0 0 0

#Transform 77
Transform: AffineTransform_float_3_3
Parameters: 1 0.000368203 0.000208414 -0.000369795 0.999992 0.00383592 -0.000206583 -0.00383607 0.999992 0.0273936 0.060036 -0.0553209
FixedParameters: 0 0 0

#Transform 78
Transform: AffineTransform_float_3_3
Parameters: 1 0.000368368 0.000159468 -0.00036963 0.999992 0.00398094 -0.00015753 -0.00398106 0.999992 0.0233418 0.052893 -0.115514
FixedParameters: 0 0 0

#Transform 79
Transform: AffineTransform_float_3_3
Parameters: 1 0.000367745 0.000331398 -0.000369257 0.999992 0.00379588 -0.000330601 -0.00379512 0.999992 0.0287529 0.0538216 -0.11479
FixedParameters: 0 0 0

#Transform 80
Transform: AffineTransform_float_3_3
Parameters: 1 -0.000300918 0.000329163 0.000300083 0.999996 0.0027841 -0.000329837 -0.0027839 0.999996 0.0928656 -0.0101655 -0.0472311
FixedParameters: 0 0 0

#Transform 81
Transform: AffineTransform_float_3_3
Parameters: 0.999999 0.000489585 0.000701691 -0.000492416 0.999994 0.00344565 -0.000700307 -0.00344534 0.999994 0.134985 -0.0484192 -0.07738
FixedParameters: 0 0 0

#Transform 82
Transform: AffineTransform_float_3_3
Parameters: 0.999999 0.000212758 0.000840315 -0.000214241 0.999999 0.00147782 -0.000839684 -0.00147818 0.999998 0.0509089 0.00628455 -0.00852801
FixedParameters: 0 0 0

#Transform 83
Transform: AffineTransform_float_3_3
Parameters: 1 0.000269781 0.00097062 -0.00027222 0.999998 0.00228674 -0.00097038 -0.00228726 0.999997 0.0489467 0.0369542 -0.0321367
FixedParameters: 0 0 0

#Transform 84
Transform: AffineTransform_float_3_3
Parameters: 0.999999 0.000270494 0.000775526 -0.000272506 0.999998 0.00194179 -0.000775472 -0.00194221 0.999998 0.0508405 0.0196041 -0.0836611
FixedParameters: 0 0 0

#Transform 85
Transform: AffineTransform_float_3_3
Parameters: 1 7.14953e-05 0.00102118 -7.35043e-05 0.999997 0.00245293 -0.00102082 -0.00245308 0.999997 0.0657958 0.0351667 -0.0870798
FixedParameters: 0 0 0

#Transform 86
Transform: AffineTransform_float_3_3
Parameters: 1 0.000341683 0.000882901 -0.000344318 0.999997 0.0026257 -0.000882099 -0.0026263 0.999996 0.0681499 0.0428287 -0.115728
FixedParameters: 0 0 0

#Transform 87
Transform: AffineTransform_float_3_3
Parameters: 1 -0.000107836 0.000644695 0.000106164 0.999996 0.00284607 -0.000645305 -0.00284693 0.999995 0.0610722 0.0450827 -0.0807721
FixedParameters: 0 0 0

#Transform 88
Transform: AffineTransform_float_3_3
Parameters: 1 -0.000180543 0.000648572 0.000179458 0.999997 0.00237912 -0.000648429 -0.00237888 0.999997 0.0501095 0.0332105 -0.0527478
FixedParameters: 0 0 0

#Transform 89
Transform: AffineTransform_float_3_3
Parameters: 0.999999 0.000207753 0.000882532 -0.000210246 0.999996 0.00254682 -0.000881467 -0.00254718 0.999997 0.0507604 0.0351658 -0.082027
FixedParameters: 0 0 0

#Transform 90
Transform: AffineTransform_float_3_3
Parameters: 0.999999 7.15151e-05 0.000882204 -7.34843e-05 0.999996 0.00281694 -0.000881796 -0.00281706 0.999995 0.0663576 0.0575845 -0.0718782
FixedParameters: 0 0 0

#Transform 91
Transform: AffineTransform_float_3_3
Parameters: 1 2.39327e-05 0.000648079 -2.6067e-05 0.999995 0.00318998 -0.00064792 -0.00319001 0.999994 0.0672142 0.0403927 -0.0878531
FixedParameters: 0 0 0

#Transform 92
Transform: AffineTransform_float_3_3
Parameters: 0.999999 0.000318374 0.000882951 -0.000320626 0.999995 0.00297572 -0.00088205 -0.00297528 0.999995 0.0738196 0.0302479 -0.107853
FixedParameters: 0 0 0

#Transform 93
Transform: AffineTransform_float_3_3
Parameters: 1 0.000238788 0.000661802 -0.000241213 0.999995 0.00334484 -0.000661197 -0.00334416 0.999994 0.0684763 0.0435479 -0.0767379
FixedParameters: 0 0 0

#Transform 94
Transform: AffineTransform_float_3_3
Parameters: 1 0.000239664 0.00039182 -0.000241336 0.999994 0.00341191 -0.000391179 -0.00341209 0.999994 0.0697537 0.0522436 -0.09453
FixedParameters: 0 0 0

#Transform 95
Transform: AffineTransform_float_3_3
Parameters: 0.999999 0.000120225 0.000882382 -0.000122774 0.999995 0.00314589 -0.000881617 -0.00314611 0.999994 0.0834672 0.0294197 -0.0655372
FixedParameters: 0 0 0

#Transform 96
Transform: AffineTransform_float_3_3
Parameters: 0.999999 -2.06794e-05 0.000881941 1.83204e-05 0.999996 0.00303802 -0.000882059 -0.00303798 0.999995 0.0658347 0.0382897 -0.0423652
FixedParameters: 0 0 0

#Transform 97
Transform: AffineTransform_float_3_3
Parameters: 0.999999 -0.000232077 0.000881455 0.000229924 0.999997 0.0023562 -0.000881544 -0.0023558 0.999997 0.0293286 0.0337611 -0.0192095
FixedParameters: 0 0 0

#Transform 98
Transform: AffineTransform_float_3_3
Parameters: 0.999999 -0.000178915 0.000881413 0.000175086 0.999994 0.00330615 -0.000881583 -0.00330584 0.999994 0.0286804 0.0587917 -0.0250725
FixedParameters: 0 0 0

#Transform 99
Transform: AffineTransform_float_3_3
Parameters: 0.999999 -0.000385999 0.000880691 0.000383003 0.999994 0.00340334 -0.000881308 -0.00340266 0.999994 0.0356892 0.0587949 0.0207156
FixedParameters: 0 0 0

#Transform 100
Transform: AffineTransform_float_3_3
Parameters: 1 -0.000184851 0.000988472 0.000182147 0.999996 0.00288418 -0.00098953 -0.00288382 0.999996 0.064434 0.0354319 -0.0590225
FixedParameters: 0 0 0

#Transform 101
Transform: AffineTransform_float_3_3
Parameters: 1 -0.000127401 0.00108261 0.000124598 0.999995 0.00314114 -0.0010834 -0.00314087 0.999995 0.0562984 0.0347606 -0.00506246
FixedParameters: 0 0 0

#Transform 102
Transform: AffineTransform_float_3_3
Parameters: 0.999999 -0.000254018 0.00130742 0.000250983 0.999998 0.00230833 -0.00130758 -0.00230767 0.999997 0.0355647 0.0346011 0.010111
FixedParameters: 0 0 0

#Transform 103
Transform: AffineTransform_float_3_3
Parameters: 1 -0.000254413 0.00109121 0.000251587 0.999995 0.00312728 -0.00109179 -0.00312672 0.999994 0.0441817 0.0517609 -0.0716527
FixedParameters: 0 0 0

#Transform 104
Transform: AffineTransform_float_3_3
Parameters: 0.999999 -0.000253824 0.000936239 0.000251178 0.999996 0.00301424 -0.000936761 -0.00301476 0.999995 0.049 0.036815 -0.0798336
FixedParameters: 0 0 0

#Transform 105
Transform: AffineTransform_float_3_3
Parameters: 0.999999 0.000249131 0.000750622 -0.000250867 0.999997 0.00249081 -0.000749377 -0.00249119 0.999996 0.0655324 0.0386436 -0.0521601
FixedParameters: 0 0 0

#Transform 106
Transform: AffineTransform_float_3_3
Parameters: 0.999999 0.000218115 0.000999634 -0.000220886 0.999996 0.00288678 -0.000999366 -0.00288722 0.999996 0.0569559 0.0467509 -0.0155908
FixedParameters: 0 0 0

#Transform 107
Transform: AffineTransform_float_3_3
Parameters: 0.999999 0.00021711 0.00127567 -0.000220888 0.999996 0.00304972 -0.00127433 -0.00305028 0.999994 0.0624527 0.0569941 -0.0552715
FixedParameters: 0 0 0

#Transform 108
Transform: AffineTransform_float_3_3
Parameters: 1 0.000140694 0.00105745 -0.000143308 0.999995 0.00312685 -0.00105756 -0.00312715 0.999994 0.0660582 0.0634147 -0.0555719
FixedParameters: 0 0 0

#Transform 109
Transform: AffineTransform_float_3_3
Parameters: 0.999999 -0.000186559 0.00098852 0.00018444 0.999996 0.00258818 -0.00098948 -0.00258782 0.999996 0.0469773 0.0542633 -0.00755603
FixedParameters: 0 0 0

#Transform 110
Transform: AffineTransform_float_3_3
Parameters: 0.999999 0.000230653 0.000742732 -0.000233347 0.999995 0.00316083 -0.000742266 -0.00316117 0.999994 0.054833 0.0463996 -0.0504034
FixedParameters: 0 0 0

#Transform 111
Transform: AffineTransform_float_3_3
Parameters: 0.999999 0.000205896 0.000781824 -0.000208104 0.999992 0.00397184 -0.000781179 -0.00397216 0.999992 0.0534817 0.0534967 -0.0634646
FixedParameters: 0 0 0

#Transform 112
Transform: AffineTransform_float_3_3
Parameters: 1 0.000585722 0.000926082 -0.000588278 0.999993 0.00354346 -0.000923922 -0.00354354 0.999994 0.0585076 0.0459417 -0.0530541
FixedParameters: 0 0 0

#Transform 113
Transform: AffineTransform_float_3_3
Parameters: 1 0.000589814 -0.000171219 -0.000588182 0.999988 0.0047181 0.000174777 -0.0047179 0.999989 0.0287274 0.0610616 -0.024341
FixedParameters: 0 0 0

#Transform 114
Transform: AffineTransform_float_3_3
Parameters: 1 0.000593495 -0.000873965 -0.000588505 0.999986 0.00513452 0.000877034 -0.00513448 0.999987 0.0694575 0.0742536 0.228513
FixedParameters: 0 0 0

#Transform 115
Transform: AffineTransform_float_3_3
Parameters: 1 0.000588224 0.000243878 -0.000588775 0.999994 0.00319086 -0.000242122 -0.00319114 0.999995 0.058426 0.0562623 0.00634256
FixedParameters: 0 0 0

#Transform 116
Transform: AffineTransform_float_3_3
Parameters: 1 0.000392206 0.000252239 -0.000392794 0.999995 0.0031569 -0.000250761 -0.0031571 0.999995 0.058113 0.0673485 0.00424266
FixedParameters: 0 0 0

#Transform 117
Transform: AffineTransform_float_3_3
Parameters: 1 0.000588534 0.000138004 -0.000588466 0.999994 0.00340292 -0.000135998 -0.00340308 0.999994 0.0587917 0.061197 -0.0433409
FixedParameters: 0 0 0

#Transform 118
Transform: AffineTransform_float_3_3
Parameters: 1 0.000589147 -4.09253e-05 -0.000588852 0.999993 0.00352202 4.30742e-05 -0.00352197 0.999994 0.0658028 0.0579916 -0.0613812
FixedParameters: 0 0 0

#Transform 119
Transform: AffineTransform_float_3_3
Parameters: 1 6.72468e-05 -8.17978e-05 -6.67527e-05 0.999996 0.00301301 8.22015e-05 -0.003013 0.999996 0.0520012 0.0547676 -0.0581716
FixedParameters: 0 0 0

#Transform 120
Transform: AffineTransform_float_3_3
Parameters: 1 6.59864e-05 0.000323209 -6.70129e-05 0.999995 0.00313698 -0.000322791 -0.00313702 0.999995 0.060987 0.0605146 -0.070813
FixedParameters: 0 0 0

#Transform 121
Transform: AffineTransform_float_3_3
Parameters: 1 -0.000287045 1.41174e-05 0.000286953 0.999995 0.00307501 -1.58825e-05 -0.003075 0.999996 0.057367 0.06426 -0.0171896
FixedParameters: 0 0 0

#Transform 122
Transform: AffineTransform_float_3_3
Parameters: 1 -6.94375e-05 -0.000199197 6.95619e-05 0.999996 0.00282499 0.000198804 -0.00282501 0.999996 0.0626206 0.0447361 -0.0574496
FixedParameters: 0 0 0

#Transform 123
Transform: AffineTransform_float_3_3
Parameters: 1 6.76116e-05 -0.000198793 -6.73878e-05 0.999996 0.00307502 0.000199208 -0.00307499 0.999996 0.0674823 0.0588175 -0.0918835
FixedParameters: 0 0 0

#Transform 124
Transform: AffineTransform_float_3_3
Parameters: 1 6.75164e-05 -0.000142757 -6.64864e-05 0.999994 0.00361401 0.000142241 -0.00361399 0.999994 0.0631117 0.0743469 -0.0849069
FixedParameters: 0 0 0

#Transform 125
Transform: AffineTransform_float_3_3
Parameters: 1 6.52367e-05 0.00044926 -6.67623e-05 0.999993 0.00392597 -0.000448741 -0.00392603 0.999992 0.0826017 0.0615256 -0.0677952
FixedParameters: 0 0 0

#Transform 126
Transform: AffineTransform_float_3_3
Parameters: 1 6.66474e-05 0.000120196 -6.7352e-05 0.999995 0.00293599 -0.000119803 -0.00293601 0.999995 0.0526466 0.0440033 -0.0611358
FixedParameters: 0 0 0

#Transform 127
Transform: AffineTransform_float_3_3
Parameters: 1 6.57219e-05 0.000449189 -6.72776e-05 0.999996 0.00284597 -0.00044881 -0.00284603 0.999996 0.0377717 0.0637845 -0.119427
FixedParameters: 0 0 0

#Transform 128
Transform: AffineTransform_float_3_3
Parameters: 1 -0.000419572 0.000447531 0.00041743 0.999994 0.00350719 -0.000448466 -0.00350681 0.999994 0.0456261 0.0706255 -0.0725458
FixedParameters: 0 0 0

#Transform 129
Transform: AffineTransform_float_3_3
Parameters: 1 4.48198e-05 0.000449119 -4.61798e-05 0.999996 0.00262798 -0.00044888 -0.00262802 0.999997 0.0602761 0.0514446 -0.122853
FixedParameters: 0 0 0

#Transform 130
Transform: AffineTransform_float_3_3
Parameters: 1 0.000107745 0.000449303 -0.000109255 0.999996 0.00279595 -0.000448696 -0.00279505 0.999996 0.0487985 0.0698162 -0.045307
FixedParameters: 0 0 0

#Transform 131
Transform: AffineTransform_float_3_3
Parameters: 1 -0.000269031 9.12892e-06 0.000268966 0.999994 0.003238 -1.0871e-05 -0.003238 0.999995 0.0495989 0.0683796 -0.0329568
FixedParameters: 0 0 0

#Transform 132
Transform: AffineTransform_float_3_3
Parameters: 1 -4.19213e-05 -0.000279164 4.3078e-05 0.999992 0.00386499 0.000278836 -0.00386501 0.999993 0.0630381 0.065008 -0.0794835
FixedParameters: 0 0 0

#Transform 133
Transform: AffineTransform_float_3_3
Parameters: 1 -0.000378888 -0.000288467 0.00038011 0.999993 0.00386489 0.000286533 -0.00386511 0.999993 0.0666542 0.0654784 -0.073474
FixedParameters: 0 0 0

#Transform 134
Transform: AffineTransform_float_3_3
Parameters: 1 -9.31738e-06 -0.000181036 9.68249e-06 0.999993 0.003771 0.000180965 -0.003771 0.999993 0.0670994 0.0768056 -0.121908
FixedParameters: 0 0 0

#Transform 135
Transform: AffineTransform_float_3_3
Parameters: 1 -8.99274e-05 -1.83594e-05 9.00752e-05 0.999992 0.003995 1.86403e-05 -0.003995 0.999992 0.0794474 0.0635996 -0.0943055
FixedParameters: 0 0 0

#Transform 136
Transform: AffineTransform_float_3_3
Parameters: 1 -0.000150159 3.94004e-05 0.000149843 0.999992 0.00399501 -3.95989e-05 -0.00399499 0.999992 0.0733256 0.0513518 -0.108966
FixedParameters: 0 0 0

#Transform 137
Transform: AffineTransform_float_3_3
Parameters: 1 -0.000182926 0.000466249 0.000181071 0.999992 0.00412709 -0.000467751 -0.00412692 0.999992 0.087307 0.0625514 -0.0926807
FixedParameters: 0 0 0

#Transform 138
Transform: AffineTransform_float_3_3
Parameters: 0.999999 -0.00038328 0.000783403 0.000379721 0.999991 0.0041833 -0.000784595 -0.0041827 0.999991 0.0752559 0.0627948 -0.0612011
FixedParameters: 0 0 0

#Transform 139
Transform: AffineTransform_float_3_3
Parameters: 0.999999 0.000235406 0.000786085 -0.000238593 0.999989 0.00457481 -0.000784917 -0.00457519 0.999989 0.079042 0.0691932 -0.0972868
FixedParameters: 0 0 0

#Transform 140
Transform: AffineTransform_float_3_3
Parameters: 1 7.53988e-06 0.000492044 -1.04599e-05 0.999988 0.005 -0.000491954 -0.00500001 0.999988 0.0900496 0.0624653 -0.0793602
FixedParameters: 0 0 0

#Transform 141
Transform: AffineTransform_float_3_3
Parameters: 1 0.000330399 0.000561539 -0.000332604 0.999989 0.00463982 -0.000560463 -0.00463919 0.999989 0.0923731 0.0409417 -0.107008
FixedParameters: 0 0 0

#Transform 142
Transform: AffineTransform_float_3_3
Parameters: 0.999999 -7.78806e-05 -0.000706821 8.51111e-05 0.999949 0.0100779 0.000705178 -0.0100781 0.999949 0.0377523 0.134055 0.0733659
FixedParameters: 0 0 0

#Transform 143
Transform: AffineTransform_float_3_3
Parameters: 1 -0.000381187 -0.00105911 0.000386812 0.999985 0.00549359 0.00105689 -0.00549441 0.999985 0.0132671 0.0730457 0.0328421
FixedParameters: 0 0 0

#Transform 144
Transform: AffineTransform_float_3_3
Parameters: 1 0.000412549 -9.25869e-05 -0.000411448 0.999983 0.00585304 9.54098e-05 -0.00585296 0.999983 0.0380409 0.0708109 -0.0620081
FixedParameters: 0 0 0

#Transform 145
Transform: AffineTransform_float_3_3
Parameters: 0.999999 0.00151042 0.000360981 -0.00151358 0.999973 0.00726346 -0.000350014 -0.00726454 0.999973 0.0658962 0.0694561 -0.0304549
FixedParameters: 0 0 0

#Transform 146
Transform: AffineTransform_float_3_3
Parameters: 0.999999 0.0014013 0.000478971 -0.0014037 0.999983 0.00568233 -0.00047103 -0.00568366 0.999983 0.0801739 0.0846593 -0.0742704
FixedParameters: 0 0 0

#Transform 147
Transform: AffineTransform_float_3_3
Parameters: 1 0.000897046 0.000694141 -0.000900954 0.999983 0.00571738 -0.00068886 -0.00571863 0.999984 0.0761264 0.0745518 -0.101936
FixedParameters: 0 0 0

#Transform 148
Transform: AffineTransform_float_3_3
Parameters: 0.999999 0.000993902 0.0010876 -0.00100009 0.999983 0.00561991 -0.0010814 -0.00562108 0.999983 0.0680381 0.0747802 -0.144136
FixedParameters: 0 0 0

#Transform 149
Transform: AffineTransform_float_3_3
Parameters: 1 0.000996362 0.000685319 -0.00100064 0.999986 0.00532832 -0.000679677 -0.00532968 0.999985 0.0727651 0.0891296 -0.0975145
FixedParameters: 0 0 0

#Transform 150
Transform: AffineTransform_float_3_3
Parameters: 0.999999 0.000994344 0.0010872 -0.00100065 0.999986 0.00521392 -0.0010818 -0.00521508 0.999986 0.0749256 0.0766963 -0.115869
FixedParameters: 0 0 0

#Transform 151
Transform: AffineTransform_float_3_3
Parameters: 0.999999 0.000994866 0.000970293 -0.00100013 0.999986 0.00530604 -0.000964707 -0.00530697 0.999986 0.0754401 0.0761659 -0.136419
FixedParameters: 0 0 0

#Transform 152
Transform: AffineTransform_float_3_3
Parameters: 0.999999 0.000518338 0.000663875 -0.000521662 0.999984 0.00552765 -0.000661126 -0.00552834 0.999984 0.0672735 0.110871 -0.0420274
FixedParameters: 0 0 0

#Transform 153
Transform: AffineTransform_float_3_3
Parameters: 0.999999 0.000584319 0.00108454 -0.00058968 0.999991 0.00432137 -0.00108146 -0.00432164 0.99999 0.0725048 0.0831579 -0.0749714
FixedParameters: 0 0 0

#Transform 154
Transform: AffineTransform_float_3_3
Parameters: 0.999999 0.000586452 0.000541771 -0.000589549 0.999988 0.00471468 -0.000539226 -0.00471532 0.999988 0.0749582 0.101052 -0.0957051
FixedParameters: 0 0 0

#Transform 155
Transform: AffineTransform_float_3_3
Parameters: 1 0.00018376 0.000681881 -0.00018724 0.999988 0.00475387 -0.000681118 -0.00475413 0.999989 0.0719137 0.103786 -0.0706857
FixedParameters: 0 0 0

#Transform 156
Transform: AffineTransform_float_3_3
Parameters: 0.999999 0.000499069 0.00068315 -0.00050293 0.99999 0.00429665 -0.000680845 -0.00429734 0.99999 0.0686236 0.0889774 -0.098466
FixedParameters: 0 0 0

#Transform 157
Transform: AffineTransform_float_3_3
Parameters: 1 0.000203119 0.000488786 -0.000205882 0.999992 0.0038519 -0.000488211 -0.0038521 0.999993 0.0666941 0.0900974 -0.161097
FixedParameters: 0 0 0

#Transform 158
Transform: AffineTransform_float_3_3
Parameters: 1 0.000290295 0.000399245 -0.000291704 0.999991 0.00427688 -0.000397756 -0.00427711 0.999991 0.0582835 0.0812947 -0.088748
FixedParameters: 0 0 0

#Transform 159
Transform: AffineTransform_float_3_3
Parameters: 0.999999 0.000288225 0.000682179 -0.000290774 0.999991 0.0040718 -0.000680821 -0.00407119 0.999991 0.0632977 0.101829 -0.058311
FixedParameters: 0 0 0

#Transform 160
Transform: AffineTransform_float_3_3
Parameters: 1 -8.28068e-05 0.000436661 8.11919e-05 0.999992 0.00413604 -0.00043734 -0.00413597 0.999992 0.0394687 0.102038 -0.0582155
FixedParameters: 0 0 0

#Transform 161
Transform: AffineTransform_float_3_3
Parameters: 1 0.000205113 0.000256711 -0.000205884 0.999994 0.00345895 -0.000255289 -0.00345905 0.999994 0.025278 0.104842 -0.0279232
FixedParameters: 0 0 0

#Transform 162
Transform: AffineTransform_float_3_3
Parameters: 1 3.22426e-05 0.000209118 -3.2757e-05 0.999994 0.003623 -0.000208883 -0.00362301 0.999994 0.0443218 0.104243 -0.0590029
FixedParameters: 0 0 0

#Transform 163
Transform: AffineTransform_float_3_3
Parameters: 1 -3.10745e-05 0.000278882 2.9925e-05 0.999992 0.00385201 -0.000279117 -0.00385199 0.999992 0.0442054 0.0922078 -0.0750057
FixedParameters: 0 0 0

#Transform 164
Transform: AffineTransform_float_3_3
Parameters: 0.999999 0.000568902 0.000682753 -0.000571096 0.999995 0.00307661 -0.000680246 -0.00307639 0.999995 0.0537866 0.0810276 -0.130907
FixedParameters: 0 0 0

#Transform 165
Transform: AffineTransform_float_3_3
Parameters: 1 -3.12416e-05 0.000336887 3.07579e-05 0.999993 0.00368501 -0.000337116 -0.00368499 0.999993 0.0430951 0.103141 -0.0678668
FixedParameters: 0 0 0

#Transform 166
Transform: AffineTransform_float_3_3
Parameters: 0.999999 0.000530432 0.000467784 -0.000532569 0.999994 0.00335875 -0.000466214 -0.00335925 0.999994 0.0385481 0.0854828 -0.123606
FixedParameters: 0 0 0

#Transform 167
Transform: AffineTransform_float_3_3
Parameters: 1 6.10281e-05 0.000279214 -6.19711e-05 0.999994 0.00348198 -0.000278786 -0.00348202 0.999994 0.0439315 0.0978179 -0.0917554
FixedParameters: 0 0 0

#Transform 168
Transform: AffineTransform_float_3_3
Parameters: 1 -0.000351514 -0.000145182 0.000351489 0.999995 0.00335895 0.00014482 -0.00335905 0.999995 0.0434529 0.107817 -0.109981
FixedParameters: 0 0 0

#Transform 169
Transform: AffineTransform_float_3_3
Parameters: 0.999999 0.000379127 -0.00122151 -0.000370877 0.999978 0.00664646 0.00122349 -0.00664654 0.999977 0.0251018 0.110808 -0.0525781
FixedParameters: 0 0 0

#Transform 170
Transform: AffineTransform_float_3_3
Parameters: 1 -0.000731233 -0.000828564 0.000733769 0.999998 0.0021354 0.000827436 -0.00213561 0.999998 0.059515 0.0345444 0.0285342
FixedParameters: 0 0 0

#Transform 171
Transform: AffineTransform_float_3_3
Parameters: 0.999999 -0.000656376 -0.000595794 0.000658624 0.999996 0.00272961 0.000594204 -0.00273039 0.999996 0.0593838 0.0726135 0.0149447
FixedParameters: 0 0 0

#Transform 172
Transform: AffineTransform_float_3_3
Parameters: 1 -0.000185253 -0.000552589 0.000186745 0.999995 0.0031629 0.000551412 -0.0031631 0.999995 0.0808955 0.0601863 -0.0376602
FixedParameters: 0 0 0

#Transform 173
Transform: AffineTransform_float_3_3
Parameters: 1 -0.000163482 -0.00105855 0.000167519 0.999995 0.00332383 0.00105845 -0.00332418 0.999994 0.0833942 0.0737537 -0.0379092
FixedParameters: 0 0 0

#Transform 174
Transform: AffineTransform_float_3_3
Parameters: 0.999999 -0.000163051 -0.00101564 0.000166946 0.999993 0.00388883 0.00101436 -0.00388917 0.999992 0.08306 0.0968199 -0.0230484
FixedParameters: 0 0 0

#Transform 175
Transform: AffineTransform_float_3_3
Parameters: 1 -0.000164827 -0.000612588 0.000167174 0.999993 0.0035489 0.00061241 -0.0035491 0.999993 0.0604246 0.0984121 -0.0401599
FixedParameters: 0 0 0

#Transform 176
Transform: AffineTransform_float_3_3
Parameters: 1 -0.000275831 -0.00061298 0.000277169 0.999993 0.00354083 0.000612022 -0.00354117 0.999993 0.0530286 0.100856 -0.0619069
FixedParameters: 0 0 0

#Transform 177
Transform: AffineTransform_float_3_3
Parameters: 1 -0.000163721 -0.00107051 0.000167281 0.999996 0.00306382 0.00107049 -0.00306418 0.999994 0.0358758 0.100325 -0.0354266
FixedParameters: 0 0 0

#Transform 178
Transform: AffineTransform_float_3_3
Parameters: 0.999999 -0.00016318 -0.00102062 0.000166821 0.999993 0.00374383 0.00102038 -0.00374417 0.999993 0.0313608 0.101227 -0.0396882
FixedParameters: 0 0 0

#Transform 179
Transform: AffineTransform_float_3_3
Parameters: 1 4.94044e-06 -0.00111799 -5.9508e-08 0.99999 0.004419 0.00111801 -0.004419 0.999989 0.0258909 0.105351 -0.0745263
FixedParameters: 0 0 0
