# transform file /out/sourcedata/freesurfer/sub-v2s12x28897_ses-1/mri/transforms/cc_up.lta
# created by oesteban on Wed Mar 11 04:16:49 2026

type      = 0 # LINEAR_VOX_TO_VOX
nxforms   = 1
mean      = 130.0000 107.0000 126.0000
sigma     = 10000.0000
1 4 4
9.993442893028259e-01 3.611548244953156e-02 -2.579697407782078e-03 -5.976178646087646e+00 
-3.611535951495171e-02 9.993476271629333e-01 9.322782716481015e-05 3.978105926513672e+01 
2.581381471827626e-03 7.275957614183426e-12 9.999966621398926e-01 1.266222190856934e+01 
0.000000000000000e+00 0.000000000000000e+00 0.000000000000000e+00 1.000000000000000e+00 
src volume info
valid = 1  # volume info valid
filename = /out/sourcedata/freesurfer/sub-v2s12x28897_ses-1/mri/norm.mgz
volume = 256 256 256
voxelsize = 1.000000000000000e+00 1.000000000000000e+00 1.000000000000000e+00
xras   = -1.000000000000000e+00 0.000000000000000e+00 0.000000000000000e+00
yras   = 0.000000000000000e+00 0.000000000000000e+00 -1.000000000000000e+00
zras   = 0.000000000000000e+00 1.000000000000000e+00 0.000000000000000e+00
cras   = 1.905998229980469e+00 5.000000000000000e-01 9.690017700195312e-01
dst volume info
valid = 1  # volume info valid
filename = /out/sourcedata/freesurfer/sub-v2s12x28897_ses-1/mri/norm.mgz
volume = 256 256 256
voxelsize = 1.000000000000000e+00 1.000000000000000e+00 1.000000000000000e+00
xras   = -1.000000000000000e+00 0.000000000000000e+00 0.000000000000000e+00
yras   = 0.000000000000000e+00 0.000000000000000e+00 -1.000000000000000e+00
zras   = 0.000000000000000e+00 1.000000000000000e+00 0.000000000000000e+00
cras   = 1.905998229980469e+00 5.000000000000000e-01 9.690017700195312e-01
