#Insight Transform File V1.0
#Transform 0
Transform: AffineTransform_float_3_3
Parameters: 1 0 0 0 0.999999 -0.000972999 0 0.000972999 0.999999 0 0.0369105 -0.0751276
FixedParameters: 0 0 0

#Transform 1
Transform: AffineTransform_float_3_3
Parameters: 1 3e-09 0.0001 3e-09 1 -3e-05 -0.0001 3e-05 1 0.0101774 -0.0198028 -0.0428518
FixedParameters: 0 0 0

#Transform 2
Transform: AffineTransform_float_3_3
Parameters: 1 -2.28971e-07 0.000401 -2.28971e-07 1 0.000571 -0.000401 -0.000571 1 0.0122101 -0.0463615 -0.0463798
FixedParameters: 0 0 0

#Transform 3
Transform: AffineTransform_float_3_3
Parameters: 0.999999 2.184e-08 0.000728 2.184e-08 1 -3e-05 -0.000728 3e-05 0.999999 0.0219424 -0.0176518 -0.0764764
FixedParameters: 0 0 0

#Transform 4
Transform: AffineTransform_float_3_3
Parameters: 0.999999 2.421e-08 0.000806999 2.421e-08 1 -3e-05 -0.000806999 3e-05 0.999999 0.0201427 -0.0322908 -0.0425691
FixedParameters: 0 0 0

#Transform 5
Transform: AffineTransform_float_3_3
Parameters: 1 1.524e-08 0.000508 1.524e-08 1 -3e-05 -0.000508 3e-05 1 0.0159247 -0.0496923 -0.0260097
FixedParameters: 0 0 0

#Transform 6
Transform: AffineTransform_float_3_3
Parameters: 1 -0.000350119 0.000173761 0.000349882 0.999999 0.00068306 -0.000173239 -0.000683939 1 0.0220419 -0.0428777 -0.026271
FixedParameters: 0 0 0

#Transform 7
Transform: AffineTransform_float_3_3
Parameters: 1 -6.2836e-08 9.2e-05 -6.2836e-08 1 0.000683 -9.2e-05 -0.000683 1 0.0269076 -0.0234586 -0.0387683
FixedParameters: 0 0 0

#Transform 8
Transform: AffineTransform_float_3_3
Parameters: 1 -6.83e-08 0.0001 -6.83e-08 1 0.000683 -0.0001 -0.000683 1 0.0235293 -0.0209568 -0.0040205
FixedParameters: 0 0 0

#Transform 9
Transform: AffineTransform_float_3_3
Parameters: 1 0.00018484 0.000387076 -0.00018516 1 0.000413928 -0.000386923 -0.000413071 1 0.0081553 -0.0117135 -0.0237536
FixedParameters: 0 0 0

#Transform 10
Transform: AffineTransform_float_3_3
Parameters: 1 -8.89e-08 0.000508 -8.89e-08 1 0.000175 -0.000508 -0.000175 1 0.0100666 -0.0314483 -0.0242815
FixedParameters: 0 0 0

#Transform 11
Transform: AffineTransform_float_3_3
Parameters: 1 -4.8375e-08 0.000375 -4.8375e-08 1 0.000129 -0.000375 -0.000129 1 0.0126655 -0.0328682 -0.0236561
FixedParameters: 0 0 0

#Transform 12
Transform: AffineTransform_float_3_3
Parameters: 1 0.000292907 0.000443061 -0.000293092 1 0.00020887 -0.000442939 -0.00020913 1 0.0039666 -0.0211206 -0.0143106
FixedParameters: 0 0 0

#Transform 13
Transform: AffineTransform_float_3_3
Parameters: 1 0.000344606 0.000508267 -0.000345394 0.999999 0.000774824 -0.000508732 -0.000775175 0.999999 0.00566197 -0.0209249 0.000245491
FixedParameters: 0 0 0

#Transform 14
Transform: AffineTransform_float_3_3
Parameters: 1 0.000179644 0.000508126 -0.000180357 0.999999 0.000700908 -0.000508873 -0.000701091 0.999999 0.00019579 -0.0139103 0.00527144
FixedParameters: 0 0 0

#Transform 15
Transform: AffineTransform_float_3_3
Parameters: 1 0.000180246 0.000649932 -0.000180755 1 -0.000377117 -0.000650068 0.000377883 0.999999 0.00572843 0.0185844 -0.0224151
FixedParameters: 0 0 0

#Transform 16
Transform: AffineTransform_float_3_3
Parameters: 1 0.000179787 0.000508075 -0.000180213 1 0.000418908 -0.000507924 -0.000419091 1 -0.00452111 -0.0210283 -0.0215422
FixedParameters: 0 0 0

#Transform 17
Transform: AffineTransform_float_3_3
Parameters: 1 -0.000117868 0.000508031 0.000117132 1 -0.00025994 -0.000507969 0.00026006 1 -0.0130287 0.0379546 -0.0262479
FixedParameters: 0 0 0

#Transform 18
Transform: AffineTransform_float_3_3
Parameters: 1 -0.000187402 0.000508221 0.000187599 1 -0.00117691 -0.00050878 0.0011771 0.999999 -0.0063422 0.0731548 -0.0450207
FixedParameters: 0 0 0

#Transform 19
Transform: AffineTransform_float_3_3
Parameters: 1 0.000180131 0.000387939 -0.000180869 1 -0.00033807 -0.000387061 0.00033793 1 -0.0163519 0.0392824 -0.00559706
FixedParameters: 0 0 0

#Transform 20
Transform: AffineTransform_float_3_3
Parameters: 1 0.000180007 -6.098e-05 -0.000179993 1 0.000111011 6.102e-05 -0.000110989 1 -0.00505963 0.00303448 0.0113135
FixedParameters: 0 0 0

#Transform 21
Transform: AffineTransform_float_3_3
Parameters: 1 -0.000301995 0.000143011 0.000302005 1 -3.59568e-05 -0.000142989 3.60432e-05 1 -0.012929 0.00902003 -0.0197044
FixedParameters: 0 0 0

#Transform 22
Transform: AffineTransform_float_3_3
Parameters: 1 -0.000247298 -0.000531861 0.000246702 1 -0.000560131 0.000532138 0.000559868 0.999999 0.0126961 0.0494115 -0.0218495
FixedParameters: 0 0 0

#Transform 23
Transform: AffineTransform_float_3_3
Parameters: 1 0.000377884 -0.000135324 -0.000378116 0.999999 -0.000857948 0.000135676 0.000858051 0.999999 -0.00232633 0.0110679 0.0447536
FixedParameters: 0 0 0

#Transform 24
Transform: AffineTransform_float_3_3
Parameters: 1 -0.000179236 -0.000134686 0.000178763 0.999999 -0.00175103 0.000135313 0.00175098 0.999999 -0.0048783 0.070333 0.0447408
FixedParameters: 0 0 0

#Transform 25
Transform: AffineTransform_float_3_3
Parameters: 1 5.31821e-05 -0.000633069 -5.48178e-05 0.999999 -0.00129197 0.00063293 0.00129203 0.999999 0.0325917 0.0763846 0.0337805
FixedParameters: 0 0 0

#Transform 26
Transform: AffineTransform_float_3_3
Parameters: 0.999999 0.000384069 -0.000633565 -0.00038593 0.999999 -0.00146976 0.000632433 0.00147024 0.999998 0.0165836 0.0519614 0.0185387
FixedParameters: 0 0 0

#Transform 27
Transform: AffineTransform_float_3_3
Parameters: 0.999999 0.000406242 -0.000633487 -0.000406757 0.999999 -0.00119674 0.000632513 0.00119726 0.999999 0.020737 0.0609261 0.0406915
FixedParameters: 0 0 0

#Transform 28
Transform: AffineTransform_float_3_3
Parameters: 1 0.00020287 -0.000178147 -0.000203129 0.999999 -0.000726963 0.000177852 0.000727036 0.999999 0.0356378 0.0182241 0.0442162
FixedParameters: 0 0 0

#Transform 29
Transform: AffineTransform_float_3_3
Parameters: 1 0.000407935 0.000936594 -0.000407065 1 -0.000998382 -0.000937407 0.000997619 0.999999 0.0247389 0.0294574 0.14831
FixedParameters: 0 0 0

#Transform 30
Transform: AffineTransform_float_3_3
Parameters: 1 -3.0881e-05 -0.000431008 3.11189e-05 1 0.000275987 0.000430991 -0.000276013 1 0.0484305 -0.0168691 0.128394
FixedParameters: 0 0 0

#Transform 31
Transform: AffineTransform_float_3_3
Parameters: 1 0.000487445 -0.000430497 -0.000486556 1 0.00103221 0.000430502 -0.00103179 1 0.0339133 -0.0613822 0.0940037
FixedParameters: 0 0 0

#Transform 32
Transform: AffineTransform_float_3_3
Parameters: 1 0.000242384 -0.00062185 -0.000241616 1 0.00061815 0.000621149 -0.000617849 0.999999 0.0322166 -0.0403352 0.0906356
FixedParameters: 0 0 0

#Transform 33
Transform: AffineTransform_float_3_3
Parameters: 1 8.6259e-05 -0.000430948 -8.57409e-05 1 0.000601037 0.000431051 -0.000600963 0.999999 0.0275569 -0.0216052 0.0693232
FixedParameters: 0 0 0

#Transform 34
Transform: AffineTransform_float_3_3
Parameters: 1 0.000165259 -0.000430901 -0.000164741 1 0.000601071 0.000431099 -0.000601929 0.999999 0.0451471 -0.0359985 -0.054208
FixedParameters: 0 0 0

#Transform 35
Transform: AffineTransform_float_3_3
Parameters: 0.999999 0.000516068 -0.000761953 -0.000515932 1 8.93931e-05 0.000762046 -8.96067e-05 0.999999 0.0496633 -0.0279493 -0.132785
FixedParameters: 0 0 0

#Transform 36
Transform: AffineTransform_float_3_3
Parameters: 0.999998 0.00111323 -0.00129467 -0.00111377 0.999999 -0.000597559 0.00129333 0.000598441 0.999999 0.0356863 -0.00014029 0.324315
FixedParameters: 0 0 0

#Transform 37
Transform: AffineTransform_float_3_3
Parameters: 0.999997 0.00104756 -0.00185925 -0.00104844 1 -0.000237051 0.00185975 0.000238949 0.999998 0.0370071 -0.00323081 0.280097
FixedParameters: 0 0 0

#Transform 38
Transform: AffineTransform_float_3_3
Parameters: 0.999998 0.000828582 -0.00205957 -0.000829418 1 -0.000687293 0.00205943 0.000689708 0.999997 0.0374967 -0.00259096 0.342445
FixedParameters: 0 0 0

#Transform 39
Transform: AffineTransform_float_3_3
Parameters: 0.999998 0.0010467 -0.00165882 -0.0010483 0.999999 -0.000785263 0.00165818 0.000787737 0.999999 0.0236595 -0.0119759 0.380787
FixedParameters: 0 0 0

#Transform 40
Transform: AffineTransform_float_3_3
Parameters: 0.999999 0.000285083 -0.00126521 -0.000285918 0.999999 -0.000724639 0.00126579 0.000725361 0.999999 0.0156157 -0.0102849 -0.0102545
FixedParameters: 0 0 0

#Transform 41
Transform: AffineTransform_float_3_3
Parameters: 0.999999 -6.46543e-05 -0.00133192 6.23456e-05 0.999999 -0.00124208 0.00133208 0.00124192 0.999999 0.012023 0.0016882 -0.117325
FixedParameters: 0 0 0

#Transform 42
Transform: AffineTransform_float_3_3
Parameters: 0.999997 0.00130674 -0.00212239 -0.00130826 0.999998 -0.00106323 0.00212161 0.00106578 0.999997 0.00216842 -0.000874557 0.513337
FixedParameters: 0 0 0

#Transform 43
Transform: AffineTransform_float_3_3
Parameters: 0.999997 0.000824575 -0.00226488 -0.000827426 0.999999 -0.00107013 0.00226412 0.00107187 0.999997 0.0184339 0.00984028 0.331106
FixedParameters: 0 0 0

#Transform 44
Transform: AffineTransform_float_3_3
Parameters: 0.999997 0.000851129 -0.00255496 -0.000853871 0.999999 -0.00112282 0.00255404 0.00112518 0.999996 0.0296457 0.0402564 0.230414
FixedParameters: 0 0 0

#Transform 45
Transform: AffineTransform_float_3_3
Parameters: 0.999997 0.000930128 -0.00255505 -0.000932871 0.999999 -0.00112262 0.00255395 0.00112538 0.999996 0.0430257 0.0302549 0.196325
FixedParameters: 0 0 0

#Transform 46
Transform: AffineTransform_float_3_3
Parameters: 0.999996 0.00117046 -0.00255471 -0.00117154 0.999999 -0.000602009 0.00255329 0.000604991 0.999996 0.0296819 0.0188513 0.196187
FixedParameters: 0 0 0

#Transform 47
Transform: AffineTransform_float_3_3
Parameters: 0.999996 0.00117028 -0.00255479 -0.00117172 0.999999 -0.00067001 0.00255422 0.000672992 0.999997 0.0466993 0.0214432 0.196467
FixedParameters: 0 0 0

#Transform 48
Transform: AffineTransform_float_3_3
Parameters: 0.999998 0.000834501 -0.00137951 -0.000836498 0.999998 -0.00181185 0.00137749 0.00181315 0.999998 0.0283664 0.0803139 0.190074
FixedParameters: 0 0 0

#Transform 49
Transform: AffineTransform_float_3_3
Parameters: 1 0.00100746 -0.000589634 -0.00100854 0.999996 -0.00261141 0.000587368 0.00261259 0.999997 -0.004598 0.114896 0.176951
FixedParameters: 0 0 0

#Transform 50
Transform: AffineTransform_float_3_3
Parameters: 0.999998 0.000739266 -0.00198465 -0.000740735 1 -0.000873532 0.00198435 0.000874469 0.999997 0.0352496 0.0565614 0.163566
FixedParameters: 0 0 0

#Transform 51
Transform: AffineTransform_float_3_3
Parameters: 0.999997 0.00117269 -0.00205661 -0.00117131 1 0.00033741 0.00205739 -0.000334588 0.999998 0.0302898 0.0162373 0.115034
FixedParameters: 0 0 0

#Transform 52
Transform: AffineTransform_float_3_3
Parameters: 0.999993 0.000535243 -0.00352996 -0.000535756 1 6.98916e-05 0.00353003 -6.8111e-05 0.999994 0.0625223 -0.00408745 0.133611
FixedParameters: 0 0 0

#Transform 53
Transform: AffineTransform_float_3_3
Parameters: 0.999994 0.00043708 -0.00321285 -0.000435921 1 0.000336402 0.00321315 -0.000335597 0.999995 0.0423791 -0.0189214 0.14159
FixedParameters: 0 0 0

#Transform 54
Transform: AffineTransform_float_3_3
Parameters: 0.999994 0.000570548 -0.00337108 -0.000570452 1 -0.000133078 0.00337093 0.000134924 0.999995 0.0483147 -0.0206987 0.143534
FixedParameters: 0 0 0

#Transform 55
Transform: AffineTransform_float_3_3
Parameters: 0.999994 0.000297727 -0.00330775 -0.000295273 0.999999 0.000824981 0.00330724 -0.00082402 0.999994 0.0386144 -0.0599883 0.152722
FixedParameters: 0 0 0

#Transform 56
Transform: AffineTransform_float_3_3
Parameters: 0.999992 0.000384281 -0.00380067 -0.000380717 0.999999 0.000864453 0.00380133 -0.000862545 0.999993 0.0645871 -0.0337234 0.151876
FixedParameters: 0 0 0

#Transform 57
Transform: AffineTransform_float_3_3
Parameters: 0.999994 0.000709545 -0.0036015 -0.000707453 0.999999 0.000708552 0.0036015 -0.000705449 0.999994 0.0525245 -0.0296078 0.15579
FixedParameters: 0 0 0

#Transform 58
Transform: AffineTransform_float_3_3
Parameters: 0.999993 0.000298968 -0.00356067 -0.000295032 1 0.00111506 0.00356033 -0.00111394 0.999993 0.0402505 -0.0257513 0.143028
FixedParameters: 0 0 0

#Transform 59
Transform: AffineTransform_float_3_3
Parameters: 0.999994 0.000471015 -0.00337058 -0.000467988 1 0.000894583 0.00337042 -0.000893418 0.999994 0.035112 -0.0396844 0.12523
FixedParameters: 0 0 0

#Transform 60
Transform: AffineTransform_float_3_3
Parameters: 0.999995 0.000298478 -0.00312067 -0.000295523 1 0.00111493 0.00312033 -0.00111407 0.999994 0.0276218 -0.0766017 0.128521
FixedParameters: 0 0 0

#Transform 61
Transform: AffineTransform_float_3_3
Parameters: 0.999995 0.000295737 -0.00337094 -0.000295263 1 0.000218997 0.00337107 -0.000218004 0.999995 0.0484484 0.0206387 0.125251
FixedParameters: 0 0 0

#Transform 62
Transform: AffineTransform_float_3_3
Parameters: 0.999994 0.000672777 -0.00337105 -0.000673222 1 -6.47309e-05 0.00337096 6.72683e-05 0.999995 0.0485772 0.00384306 0.0646285
FixedParameters: 0 0 0

#Transform 63
Transform: AffineTransform_float_3_3
Parameters: 0.999994 0.00073267 -0.00337086 -0.000732328 0.999999 0.00020047 0.00337115 -0.000197531 0.999995 0.0484635 -0.00649195 0.104899
FixedParameters: 0 0 0

#Transform 64
Transform: AffineTransform_float_3_3
Parameters: 0.999995 0.000431117 -0.00314298 -0.000431882 1 3.83576e-05 0.00314302 -3.66452e-05 0.999995 0.0674584 -0.00487278 -0.0127096
FixedParameters: 0 0 0

#Transform 65
Transform: AffineTransform_float_3_3
Parameters: 0.999996 0.00130346 -0.00250772 -0.00130154 0.999998 0.000983268 0.00250928 -0.000979733 0.999997 0.0612708 -0.0317991 -0.0119241
FixedParameters: 0 0 0

#Transform 66
Transform: AffineTransform_float_3_3
Parameters: 0.999996 0.000342839 -0.0027379 -0.000342161 1 0.000306938 0.00273811 -0.000306062 0.999996 0.069678 -0.00547784 0.112541
FixedParameters: 0 0 0

#Transform 67
Transform: AffineTransform_float_3_3
Parameters: 0.999995 7.12552e-05 -0.00301097 -6.9744e-05 1 0.000417212 0.00301103 -0.000416787 0.999996 0.0951719 -0.0190736 0.0667976
FixedParameters: 0 0 0

#Transform 68
Transform: AffineTransform_float_3_3
Parameters: 0.999995 0.000217548 -0.00314289 -0.000216453 1 0.000492683 0.00314311 -0.000492319 0.999995 0.0851973 -0.00730388 0.0494008
FixedParameters: 0 0 0

#Transform 69
Transform: AffineTransform_float_3_3
Parameters: 0.999994 -5.59452e-05 -0.00344602 5.70541e-05 1 0.000305805 0.00344598 -0.000306195 0.999994 0.0906054 0.0193955 0.0474397
FixedParameters: 0 0 0

#Transform 70
Transform: AffineTransform_float_3_3
Parameters: 0.999995 0.000419768 -0.00332678 -0.000417234 1 0.000531391 0.00332722 -0.000530606 0.999995 0.0781482 -0.0129263 0.0617586
FixedParameters: 0 0 0

#Transform 71
Transform: AffineTransform_float_3_3
Parameters: 0.999994 0.000363531 -0.00365085 -0.000361471 1 0.000419323 0.00365115 -0.000418676 0.999993 0.0756831 -0.0186509 0.0777555
FixedParameters: 0 0 0

#Transform 72
Transform: AffineTransform_float_3_3
Parameters: 0.999994 0.000590654 -0.00320569 -0.000588346 0.999999 0.000516889 0.0032053 -0.000515109 0.999994 0.0737351 -0.0235564 0.0610301
FixedParameters: 0 0 0

#Transform 73
Transform: AffineTransform_float_3_3
Parameters: 0.999994 0.000795502 -0.00334141 -0.0007925 1 0.000749653 0.0033416 -0.000747347 0.999994 0.0786733 -0.0355806 0.0924835
FixedParameters: 0 0 0

#Transform 74
Transform: AffineTransform_float_3_3
Parameters: 0.999995 0.000180672 -0.0031979 -0.00017933 1 0.000522576 0.00319809 -0.000522425 0.999994 0.0870598 -0.0216509 0.104477
FixedParameters: 0 0 0

#Transform 75
Transform: AffineTransform_float_3_3
Parameters: 0.999995 0.000259913 -0.00297792 -0.000259087 1 0.000306773 0.00297808 -0.000306227 0.999995 0.0786895 -0.00196805 0.0799955
FixedParameters: 0 0 0

#Transform 76
Transform: AffineTransform_float_3_3
Parameters: 0.999995 0.000258149 -0.00290907 -0.000258848 1 -0.000291248 0.00290892 0.000292752 0.999995 0.0761397 0.0197747 0.070242
FixedParameters: 0 0 0

#Transform 77
Transform: AffineTransform_float_3_3
Parameters: 0.999995 0.000258627 -0.00310003 -0.000259374 1 -0.000120197 0.00309997 0.000120802 0.999995 0.0725493 0.0268054 0.0889496
FixedParameters: 0 0 0

#Transform 78
Transform: AffineTransform_float_3_3
Parameters: 0.999993 0.000262132 -0.00354477 -0.000258868 1 0.000883924 0.00354523 -0.000883077 0.999994 0.0625884 -0.0152638 0.0721832
FixedParameters: 0 0 0

#Transform 79
Transform: AffineTransform_float_3_3
Parameters: 0.999994 0.000263726 -0.00365066 -0.000259275 0.999999 0.00129496 0.00365034 -0.00129405 0.999993 0.0616399 -0.0268762 0.0690637
FixedParameters: 0 0 0

#Transform 80
Transform: AffineTransform_float_3_3
Parameters: 0.999992 0.00026329 -0.00402272 -0.00025871 1 0.00106705 0.00402228 -0.00106595 0.999992 0.0756361 -0.0121686 0.0863863
FixedParameters: 0 0 0

#Transform 81
Transform: AffineTransform_float_3_3
Parameters: 0.999991 0.000436216 -0.00421947 -0.000430784 0.999999 0.00123683 0.00422054 -0.00123517 0.999991 0.0757727 -0.0255965 0.0486824
FixedParameters: 0 0 0

#Transform 82
Transform: AffineTransform_float_3_3
Parameters: 0.999993 0.00026477 -0.00391862 -0.000259229 0.999999 0.00147303 0.00391939 -0.00147197 0.999991 0.0718527 -0.0570035 0.0599001
FixedParameters: 0 0 0

#Transform 83
Transform: AffineTransform_float_3_3
Parameters: 0.99999 0.000196779 -0.00432265 -0.000189216 0.999999 0.00180084 0.00432335 -0.00179917 0.999989 0.0764214 -0.0816105 0.101859
FixedParameters: 0 0 0

#Transform 84
Transform: AffineTransform_float_3_3
Parameters: 0.99999 0.000267064 -0.00432251 -0.000258935 0.999998 0.00186614 0.00432349 -0.00186486 0.999989 0.0870351 -0.0718502 0.0757015
FixedParameters: 0 0 0

#Transform 85
Transform: AffineTransform_float_3_3
Parameters: 0.999988 0.000357905 -0.00476312 -0.000346089 0.999997 0.00250068 0.00476488 -0.00249832 0.999985 0.0777712 -0.0979865 0.108066
FixedParameters: 0 0 0

#Transform 86
Transform: AffineTransform_float_3_3
Parameters: 0.99999 0.000270222 -0.00448934 -0.000258778 0.999997 0.00250019 0.00448966 -0.00249881 0.999987 0.0837774 -0.0992414 0.128173
FixedParameters: 0 0 0

#Transform 87
Transform: AffineTransform_float_3_3
Parameters: 0.999992 -5.88643e-07 -0.00387901 1.04112e-05 0.999997 0.00268398 0.00387898 -0.00268402 0.999989 0.070025 -0.0857074 0.109681
FixedParameters: 0 0 0

#Transform 88
Transform: AffineTransform_float_3_3
Parameters: 0.999994 0.000270494 -0.00351514 -0.000258506 0.999994 0.00326993 0.00351586 -0.00326907 0.999989 0.0383987 -0.096418 0.163426
FixedParameters: 0 0 0

#Transform 89
Transform: AffineTransform_float_3_3
Parameters: 0.99999 0.000273069 -0.00446816 -0.000258932 0.999995 0.00314819 0.00446984 -0.00314781 0.999985 0.0424191 -0.104475 0.192601
FixedParameters: 0 0 0

#Transform 90
Transform: AffineTransform_float_3_3
Parameters: 0.999989 0.000540012 -0.00451823 -0.000524984 0.999995 0.00332341 0.00452077 -0.0033206 0.999985 0.0632624 -0.112607 0.191783
FixedParameters: 0 0 0

#Transform 91
Transform: AffineTransform_float_3_3
Parameters: 0.99999 0.000747863 -0.00425193 -0.000735135 0.999996 0.00279115 0.00425407 -0.00278784 0.999987 0.0536124 -0.114238 0.0934455
FixedParameters: 0 0 0

#Transform 92
Transform: AffineTransform_float_3_3
Parameters: 0.999989 0.000672872 -0.00476262 -0.000663127 0.999997 0.00207418 0.00476438 -0.00207082 0.999986 0.0731223 -0.0661422 0.106733
FixedParameters: 0 0 0

#Transform 93
Transform: AffineTransform_float_3_3
Parameters: 0.999989 0.000900497 -0.0044805 -0.000893503 0.999998 0.00167502 0.0044815 -0.00167098 0.999988 0.0623858 -0.0523643 0.0831454
FixedParameters: 0 0 0

#Transform 94
Transform: AffineTransform_float_3_3
Parameters: 0.999989 0.000902874 -0.00476214 -0.000893124 0.999998 0.00207528 0.00476486 -0.00207072 0.999986 0.0635002 -0.0447344 0.0646702
FixedParameters: 0 0 0

#Transform 95
Transform: AffineTransform_float_3_3
Parameters: 0.999988 0.00073176 -0.00470949 -0.000721237 0.999997 0.00207442 0.0047105 -0.00207058 0.999987 0.0711709 -0.0665596 0.0491492
FixedParameters: 0 0 0

#Transform 96
Transform: AffineTransform_float_3_3
Parameters: 0.999988 0.000499878 -0.00476318 -0.000492123 0.999998 0.00165436 0.00476482 -0.00165264 0.999988 0.0617132 -0.0217414 0.0237516
FixedParameters: 0 0 0

#Transform 97
Transform: AffineTransform_float_3_3
Parameters: 0.999988 0.000500416 -0.00476312 -0.00049258 0.999999 0.00176837 0.00476488 -0.00176564 0.999987 0.0602134 -0.0260918 0.0582947
FixedParameters: 0 0 0

#Transform 98
Transform: AffineTransform_float_3_3
Parameters: 0.999987 0.000503136 -0.00493388 -0.000491862 0.999998 0.00225846 0.00493512 -0.00225555 0.999986 0.0648719 -0.0653143 0.0344429
FixedParameters: 0 0 0

#Transform 99
Transform: AffineTransform_float_3_3
Parameters: 0.999989 0.000583926 -0.00476255 -0.000572075 0.999996 0.00250475 0.00476445 -0.00250224 0.999985 0.0734642 -0.0457891 0.033459
FixedParameters: 0 0 0

#Transform 100
Transform: AffineTransform_float_3_3
Parameters: 0.999988 0.0012646 -0.00470357 -0.0012484 0.999993 0.00353091 0.00470743 -0.00352509 0.999982 0.0580221 -0.0970421 0.0584957
FixedParameters: 0 0 0

#Transform 101
Transform: AffineTransform_float_3_3
Parameters: 0.999987 0.00136311 -0.00475885 -0.00134489 0.999992 0.00380545 0.00476415 -0.00379955 0.999982 0.0556544 -0.107873 0.0791898
FixedParameters: 0 0 0

#Transform 102
Transform: AffineTransform_float_3_3
Parameters: 0.999988 0.00106032 -0.00475974 -0.00104068 0.999991 0.00406 0.00476426 -0.004055 0.999981 0.0621979 -0.108854 0.0806722
FixedParameters: 0 0 0

#Transform 103
Transform: AffineTransform_float_3_3
Parameters: 0.999989 0.000512466 -0.00476185 -0.000492537 0.99999 0.00429739 0.00476416 -0.00429561 0.99998 0.0626642 -0.103366 0.0806335
FixedParameters: 0 0 0

#Transform 104
Transform: AffineTransform_float_3_3
Parameters: 0.999989 0.000512406 -0.00461778 -0.000492597 0.99999 0.00441832 0.00462022 -0.00441668 0.999979 0.067735 -0.132945 0.0800078
FixedParameters: 0 0 0

#Transform 105
Transform: AffineTransform_float_3_3
Parameters: 0.999987 0.00051558 -0.00508867 -0.00049242 0.999989 0.00463457 0.00509034 -0.00463144 0.999977 0.0724782 -0.159632 0.065675
FixedParameters: 0 0 0

#Transform 106
Transform: AffineTransform_float_3_3
Parameters: 0.999987 0.000515547 -0.00520873 -0.000492448 0.999989 0.00452163 0.00521128 -0.00451837 0.999976 0.0761179 -0.144631 0.0663465
FixedParameters: 0 0 0

#Transform 107
Transform: AffineTransform_float_3_3
Parameters: 0.999986 0.000517842 -0.00523451 -0.000492157 0.999987 0.00493664 0.00523749 -0.00493436 0.999974 0.0710161 -0.160437 0.0485682
FixedParameters: 0 0 0

#Transform 108
Transform: AffineTransform_float_3_3
Parameters: 0.999982 0.000659855 -0.00605541 -0.000626143 0.999984 0.0055919 0.0060586 -0.00558711 0.999966 0.0713993 -0.186017 0.0709257
FixedParameters: 0 0 0

#Transform 109
Transform: AffineTransform_float_3_3
Parameters: 0.999981 0.000526927 -0.00624715 -0.000492074 0.999984 0.00559118 0.00624985 -0.00558782 0.999965 0.078667 -0.185162 0.0789239
FixedParameters: 0 0 0

#Transform 110
Transform: AffineTransform_float_3_3
Parameters: 0.99998 0.000764019 -0.00616464 -0.00072798 0.999982 0.0058436 0.00616835 -0.0058384 0.999964 0.0753204 -0.195915 0.0931541
FixedParameters: 0 0 0

#Transform 111
Transform: AffineTransform_float_3_3
Parameters: 0.99998 0.000668091 -0.0061881 -0.000630909 0.999982 0.00599402 0.00619189 -0.00598998 0.999963 0.0670745 -0.201111 0.0933268
FixedParameters: 0 0 0

#Transform 112
Transform: AffineTransform_float_3_3
Parameters: 0.999979 0.000790313 -0.00645319 -0.000750689 0.99998 0.00624698 0.00645781 -0.00624203 0.999959 0.086437 -0.211507 0.0838374
FixedParameters: 0 0 0

#Transform 113
Transform: AffineTransform_float_3_3
Parameters: 0.99998 0.00067558 -0.00627377 -0.000634417 0.999979 0.00646811 0.00627824 -0.00646389 0.99996 0.0796856 -0.21925 0.0704358
FixedParameters: 0 0 0

#Transform 114
Transform: AffineTransform_float_3_3
Parameters: 0.999979 0.000534028 -0.00649568 -0.000491974 0.999979 0.00647033 0.00649832 -0.00646667 0.999958 0.0881882 -0.189725 0.0576814
FixedParameters: 0 0 0

#Transform 115
Transform: AffineTransform_float_3_3
Parameters: 0.999978 0.000752591 -0.00662777 -0.000704415 0.999974 0.00717983 0.00663223 -0.00717517 0.999953 0.0930983 -0.220446 0.0678485
FixedParameters: 0 0 0

#Transform 116
Transform: AffineTransform_float_3_3
Parameters: 0.99998 0.000533974 -0.0063316 -0.000492028 0.999978 0.00662825 0.0063354 -0.00662575 0.999958 0.0818009 -0.203903 0.0846959
FixedParameters: 0 0 0

#Transform 117
Transform: AffineTransform_float_3_3
Parameters: 0.999977 0.000541173 -0.00677925 -0.000491832 0.999973 0.0072525 0.00678274 -0.00724949 0.99995 0.0988225 -0.208871 0.0841358
FixedParameters: 0 0 0

#Transform 118
Transform: AffineTransform_float_3_3
Parameters: 0.999978 0.00107356 -0.00651966 -0.00102744 0.999975 0.00698785 0.00652734 -0.00698015 0.999955 0.086949 -0.193704 0.0760342
FixedParameters: 0 0 0

#Transform 119
Transform: AffineTransform_float_3_3
Parameters: 0.99998 0.00134701 -0.00629492 -0.00129899 0.99997 0.00762434 0.00630508 -0.00761567 0.999951 0.0705073 -0.219332 0.0813844
FixedParameters: 0 0 0

#Transform 120
Transform: AffineTransform_float_3_3
Parameters: 0.999976 0.00101584 -0.00677514 -0.000962164 0.999968 0.0079447 0.00678285 -0.00793829 0.999945 0.0915088 -0.219336 0.122397
FixedParameters: 0 0 0

#Transform 121
Transform: AffineTransform_float_3_3
Parameters: 0.999979 0.00135059 -0.00636848 -0.0013004 0.999967 0.00794145 0.00637952 -0.00793355 0.999948 0.0733051 -0.213892 0.0933471
FixedParameters: 0 0 0

#Transform 122
Transform: AffineTransform_float_3_3
Parameters: 0.999976 0.00139926 -0.00677083 -0.00133874 0.999959 0.00889628 0.00678318 -0.00888772 0.999938 0.0856714 -0.252408 0.0958565
FixedParameters: 0 0 0

#Transform 123
Transform: AffineTransform_float_3_3
Parameters: 0.999979 0.0012502 -0.00646757 -0.00119481 0.999963 0.00853091 0.00647742 -0.00852308 0.999942 0.0670182 -0.243623 0.115618
FixedParameters: 0 0 0

#Transform 124
Transform: AffineTransform_float_3_3
Parameters: 0.999975 0.00166868 -0.00695896 -0.00160933 0.999962 0.00857142 0.00697305 -0.00856058 0.999939 0.0816882 -0.244526 0.0812021
FixedParameters: 0 0 0

#Transform 125
Transform: AffineTransform_float_3_3
Parameters: 0.999978 0.00128852 -0.00653448 -0.00123348 0.999965 0.00833925 0.00654551 -0.00833175 0.999944 0.0764635 -0.228537 0.110007
FixedParameters: 0 0 0

#Transform 126
Transform: AffineTransform_float_3_3
Parameters: 0.999979 0.00129032 -0.00644918 -0.00123468 0.999963 0.00857315 0.00646082 -0.00856585 0.999942 0.0797966 -0.237229 0.129426
FixedParameters: 0 0 0

#Transform 127
Transform: AffineTransform_float_3_3
Parameters: 0.999978 0.00128506 -0.00658512 -0.00122794 0.999961 0.00866228 0.00659588 -0.00865371 0.999941 0.0912563 -0.240644 0.120306
FixedParameters: 0 0 0

#Transform 128
Transform: AffineTransform_float_3_3
Parameters: 0.999976 0.00127325 -0.00672888 -0.00121276 0.999959 0.00895038 0.00673912 -0.00894163 0.999938 0.0878892 -0.224761 0.107912
FixedParameters: 0 0 0

#Transform 129
Transform: AffineTransform_float_3_3
Parameters: 0.999977 0.00134784 -0.00664414 -0.00128716 0.999958 0.00900176 0.00665685 -0.00899323 0.999938 0.0934856 -0.226933 0.117218
FixedParameters: 0 0 0

#Transform 130
Transform: AffineTransform_float_3_3
Parameters: 0.999974 0.00127802 -0.00708758 -0.00121299 0.999957 0.00916984 0.00709842 -0.00916117 0.999933 0.0864147 -0.233026 0.121121
FixedParameters: 0 0 0

#Transform 131
Transform: AffineTransform_float_3_3
Parameters: 0.999974 0.0012819 -0.00719908 -0.0012131 0.999953 0.00956699 0.00721093 -0.00955801 0.999929 0.0831539 -0.247914 0.138088
FixedParameters: 0 0 0

#Transform 132
Transform: AffineTransform_float_3_3
Parameters: 0.999972 0.00128915 -0.00736308 -0.00121285 0.999946 0.0103372 0.00737593 -0.0103278 0.99992 0.0948916 -0.281418 0.139407
FixedParameters: 0 0 0

#Transform 133
Transform: AffineTransform_float_3_3
Parameters: 0.999972 0.000876309 -0.00736754 -0.000802694 0.999949 0.0100832 0.00737546 -0.0100768 0.999922 0.0983257 -0.265328 0.139207
FixedParameters: 0 0 0

#Transform 134
Transform: AffineTransform_float_3_3
Parameters: 0.99998 0.000860785 -0.00617108 -0.000802215 0.999955 0.00952214 0.00617891 -0.00951687 0.999935 0.0754052 -0.226604 0.132216
FixedParameters: 0 0 0

#Transform 135
Transform: AffineTransform_float_3_3
Parameters: 0.999975 0.00107639 -0.00692227 -0.00100462 0.999947 0.0103072 0.00693272 -0.0103008 0.999923 0.077266 -0.281793 0.136865
FixedParameters: 0 0 0

#Transform 136
Transform: AffineTransform_float_3_3
Parameters: 0.999977 0.00104561 -0.00680324 -0.000973396 0.999942 0.0106669 0.00681377 -0.0106601 0.99992 0.0875104 -0.28553 0.149127
FixedParameters: 0 0 0

#Transform 137
Transform: AffineTransform_float_3_3
Parameters: 0.999975 0.000869983 -0.00695183 -0.000802016 0.999952 0.00977581 0.00696017 -0.00977018 0.999928 0.0956639 -0.247111 0.136827
FixedParameters: 0 0 0

#Transform 138
Transform: AffineTransform_float_3_3
Parameters: 0.999976 0.000872548 -0.00688142 -0.000802458 0.999947 0.0102478 0.00688958 -0.0102422 0.999924 0.120207 -0.282167 0.157969
FixedParameters: 0 0 0

#Transform 139
Transform: AffineTransform_float_3_3
Parameters: 0.999977 0.000866943 -0.00662783 -0.000802051 0.999951 0.00979553 0.00663617 -0.00978946 0.99993 0.114769 -0.279784 0.135925
FixedParameters: 0 0 0

#Transform 140
Transform: AffineTransform_float_3_3
Parameters: 0.99998 0.000863452 -0.00635696 -0.000802547 0.999953 0.0096633 0.00636505 -0.0096577 0.999933 0.10405 -0.265529 0.200932
FixedParameters: 0 0 0

#Transform 141
Transform: AffineTransform_float_3_3
Parameters: 0.999973 0.000880423 -0.00726393 -0.000802576 0.999942 0.0107921 0.00727309 -0.0107859 0.999916 0.110044 -0.289637 0.188256
FixedParameters: 0 0 0

#Transform 142
Transform: AffineTransform_float_3_3
Parameters: 0.999972 0.000525063 -0.00737043 -0.000439938 0.999934 0.0115386 0.00737557 -0.0115344 0.999907 0.112615 -0.306442 0.188875
FixedParameters: 0 0 0

#Transform 143
Transform: AffineTransform_float_3_3
Parameters: 0.999972 0.000466559 -0.00737145 -0.000388445 0.999943 0.0106552 0.00737556 -0.0106519 0.999916 0.115054 -0.263783 0.188431
FixedParameters: 0 0 0

#Transform 144
Transform: AffineTransform_float_3_3
Parameters: 0.999972 0.000462843 -0.00737168 -0.000388163 0.999949 0.0101511 0.00737532 -0.0101479 0.999922 0.119086 -0.247985 0.172334
FixedParameters: 0 0 0

#Transform 145
Transform: AffineTransform_float_3_3
Parameters: 0.999977 0.00084289 -0.00662683 -0.000776105 0.999949 0.0100904 0.00663517 -0.0100846 0.999927 0.106611 -0.266563 0.172177
FixedParameters: 0 0 0

#Transform 146
Transform: AffineTransform_float_3_3
Parameters: 0.999977 0.000842318 -0.00670954 -0.000771674 0.999945 0.0104764 0.00671845 -0.0104706 0.999922 0.101946 -0.296463 0.211343
FixedParameters: 0 0 0

#Transform 147
Transform: AffineTransform_float_3_3
Parameters: 0.99998 0.00099633 -0.00616304 -0.00092567 0.999934 0.0114039 0.00617395 -0.0113981 0.999916 0.07066 -0.316884 0.249727
FixedParameters: 0 0 0

#Transform 148
Transform: AffineTransform_float_3_3
Parameters: 0.999983 0.000837586 -0.00584511 -0.000773412 0.999938 0.0110437 0.0058539 -0.0110383 0.999922 0.075963 -0.319296 0.254102
FixedParameters: 0 0 0

#Transform 149
Transform: AffineTransform_float_3_3
Parameters: 0.999984 0.0004539 -0.0056541 -0.000388104 0.999932 0.0116504 0.00565891 -0.0116486 0.999916 0.0650804 -0.333217 0.258953
FixedParameters: 0 0 0

#Transform 150
Transform: AffineTransform_float_3_3
Parameters: 0.999984 0.000448538 -0.00564852 -0.000388466 0.999942 0.0107144 0.00565248 -0.0107116 0.999926 0.0698851 -0.276142 0.22849
FixedParameters: 0 0 0

#Transform 151
Transform: AffineTransform_float_3_3
Parameters: 0.999986 0.000439382 -0.00529499 -0.000388617 0.999953 0.00970119 0.00529902 -0.00969881 0.999939 0.0635835 -0.252675 0.207127
FixedParameters: 0 0 0

#Transform 152
Transform: AffineTransform_float_3_3
Parameters: 0.999988 0.00043106 -0.00490241 -0.000387944 0.999962 0.00878102 0.0049056 -0.008779 0.99995 0.0680697 -0.228779 0.204777
FixedParameters: 0 0 0

#Transform 153
Transform: AffineTransform_float_3_3
Parameters: 0.999989 0.000880345 -0.00474669 -0.000839651 0.999963 0.00849508 0.0047543 -0.00849091 0.999952 0.0587133 -0.228678 0.249822
FixedParameters: 0 0 0

#Transform 154
Transform: AffineTransform_float_3_3
Parameters: 0.999984 0.000423127 -0.00553301 -0.000381872 0.999973 0.00743223 0.00553599 -0.00742977 0.999957 0.0682595 -0.2039 0.170709
FixedParameters: 0 0 0

#Transform 155
Transform: AffineTransform_float_3_3
Parameters: 0.999991 0.000414859 -0.00438302 -0.000382138 0.999972 0.00749575 0.00438599 -0.00749325 0.999963 0.0327185 -0.177404 0.210099
FixedParameters: 0 0 0

#Transform 156
Transform: AffineTransform_float_3_3
Parameters: 0.999987 0.000423017 -0.00493766 -0.000381988 0.999966 0.00830499 0.00494034 -0.00830302 0.999954 0.0354887 -0.208187 0.209036
FixedParameters: 0 0 0

#Transform 157
Transform: AffineTransform_float_3_3
Parameters: 0.999992 0.000406997 -0.00401354 -0.000382004 0.99998 0.00622758 0.00401545 -0.00622541 0.999972 0.0314265 -0.161022 0.15343
FixedParameters: 0 0 0

#Transform 158
Transform: AffineTransform_float_3_3
Parameters: 0.999992 0.000408097 -0.00401343 -0.000381903 0.999979 0.00650158 0.00401557 -0.00649941 0.999971 0.0314168 -0.171174 0.154626
FixedParameters: 0 0 0

#Transform 159
Transform: AffineTransform_float_3_3
Parameters: 0.999995 0.000127848 -0.00316326 -0.000108155 0.999981 0.00627338 0.00316374 -0.00627363 0.999976 -0.00117242 -0.137103 0.20848
FixedParameters: 0 0 0

#Transform 160
Transform: AffineTransform_float_3_3
Parameters: 0.999993 0.000443721 -0.00355353 -0.000415277 0.999968 0.00807853 0.00355747 -0.00807748 0.999961 0.0136935 -0.234547 0.195089
FixedParameters: 0 0 0

#Transform 161
Transform: AffineTransform_float_3_3
Parameters: 0.999991 0.000165363 -0.00426787 -0.000132638 0.999971 0.00758164 0.00426913 -0.00758137 0.999962 0.0407494 -0.196616 0.195565
FixedParameters: 0 0 0

#Transform 162
Transform: AffineTransform_float_3_3
Parameters: 0.999991 -6.73104e-05 -0.00423451 9.3685e-05 0.99998 0.00630266 0.00423349 -0.00630334 0.999971 0.0523277 -0.136691 0.187824
FixedParameters: 0 0 0

#Transform 163
Transform: AffineTransform_float_3_3
Parameters: 0.999993 0.000523879 -0.0038846 -0.000498118 0.999977 0.00665999 0.00388841 -0.00665801 0.999971 0.026332 -0.168783 0.188489
FixedParameters: 0 0 0

#Transform 164
Transform: AffineTransform_float_3_3
Parameters: 0.999993 0.000523197 -0.00386167 -0.000497807 0.999978 0.00652297 0.00386433 -0.00652103 0.999972 0.0253763 -0.163429 0.207455
FixedParameters: 0 0 0

#Transform 165
Transform: AffineTransform_float_3_3
Parameters: 0.999993 -0.000116251 -0.00373381 0.000139746 0.99998 0.00636152 0.00373219 -0.00636148 0.999973 0.0417136 -0.160371 0.251215
FixedParameters: 0 0 0

#Transform 166
Transform: AffineTransform_float_3_3
Parameters: 0.99999 -0.000110369 -0.0046228 0.000139635 0.99998 0.00641042 0.0046222 -0.00641058 0.999969 0.0542933 -0.158893 0.212386
FixedParameters: 0 0 0

#Transform 167
Transform: AffineTransform_float_3_3
Parameters: 0.99999 -0.000112315 -0.00462276 0.000139684 0.999982 0.00598842 0.00462225 -0.00598959 0.999972 0.0541721 -0.139578 0.239531
FixedParameters: 0 0 0

#Transform 168
Transform: AffineTransform_float_3_3
Parameters: 0.999989 0.000628758 -0.00461766 -0.00059624 0.999974 0.00709183 0.00462235 -0.00708917 0.999964 0.0485118 -0.185482 0.228817
FixedParameters: 0 0 0

#Transform 169
Transform: AffineTransform_float_3_3
Parameters: 0.99999 0.000204067 -0.00462062 -0.000169931 0.999973 0.00737186 0.00462238 -0.00737114 0.999962 0.0414368 -0.174045 0.202374
FixedParameters: 0 0 0

#Transform 170
Transform: AffineTransform_float_3_3
Parameters: 0.99999 0.000208267 -0.00462044 -0.000170729 0.999965 0.00828088 0.00462257 -0.00828012 0.999955 0.0541829 -0.208471 0.219519
FixedParameters: 0 0 0

#Transform 171
Transform: AffineTransform_float_3_3
Parameters: 0.999988 -0.000210827 -0.00489794 0.000251164 0.999964 0.00840686 0.00489506 -0.00840813 0.999952 0.0567907 -0.211081 0.205613
FixedParameters: 0 0 0

#Transform 172
Transform: AffineTransform_float_3_3
Parameters: 0.999987 -0.000209759 -0.00511191 0.000251241 0.999966 0.00826382 0.0051101 -0.00826518 0.999953 0.0646645 -0.20369 0.205828
FixedParameters: 0 0 0

#Transform 173
Transform: AffineTransform_float_3_3
Parameters: 0.999986 0.000372526 -0.00516717 -0.000330476 0.999967 0.00803482 0.00516982 -0.00803318 0.999955 0.0638306 -0.202487 0.181385
FixedParameters: 0 0 0

#Transform 174
Transform: AffineTransform_float_3_3
Parameters: 0.999987 3.90046e-05 -0.00509485 2.00631e-06 0.999967 0.00804809 0.00509515 -0.0080479 0.999954 0.0720962 -0.180153 0.209736
FixedParameters: 0 0 0

#Transform 175
Transform: AffineTransform_float_3_3
Parameters: 0.999985 4.20346e-05 -0.00543284 2.03648e-06 0.999967 0.00810511 0.00543317 -0.0081049 0.999953 0.0623343 -0.182325 0.211477
FixedParameters: 0 0 0

#Transform 176
Transform: AffineTransform_float_3_3
Parameters: 0.999985 0.000452106 -0.00532829 -0.000405895 0.999963 0.00865129 0.00533171 -0.00864872 0.999949 0.0490813 -0.188947 0.22669
FixedParameters: 0 0 0

#Transform 177
Transform: AffineTransform_float_3_3
Parameters: 0.999985 0.000703659 -0.00555382 -0.000653341 0.999958 0.00911777 0.00556019 -0.00911423 0.999943 0.0654776 -0.193746 0.23478
FixedParameters: 0 0 0

#Transform 178
Transform: AffineTransform_float_3_3
Parameters: 0.999988 0.000198154 -0.00491135 -0.000151841 0.999956 0.00939586 0.00491364 -0.00939514 0.999944 0.05686 -0.214337 0.242464
FixedParameters: 0 0 0

#Transform 179
Transform: AffineTransform_float_3_3
Parameters: 0.999988 4.76971e-05 -0.00488877 -3.00036e-07 0.999953 0.00975613 0.00488924 -0.00975589 0.999941 0.0550928 -0.218005 0.25983
FixedParameters: 0 0 0
