# transform file /out/sourcedata/freesurfer/sub-v2s12x28879_ses-1/mri/transforms/cc_up.lta
# created by oesteban on Wed Mar 11 02:19:19 2026

type      = 0 # LINEAR_VOX_TO_VOX
nxforms   = 1
mean      = 127.0000 97.0000 130.0000
sigma     = 10000.0000
1 4 4
9.867951869964600e-01 -9.246192872524261e-02 1.329890936613083e-01 -1.558398485183716e+00 
9.163351356983185e-02 9.957162737846375e-01 1.234932895749807e-02 2.950639343261719e+01 
-1.335612386465073e-01 0.000000000000000e+00 9.910405874252319e-01 1.355380249023438e+01 
0.000000000000000e+00 0.000000000000000e+00 0.000000000000000e+00 1.000000000000000e+00 
src volume info
valid = 1  # volume info valid
filename = /out/sourcedata/freesurfer/sub-v2s12x28879_ses-1/mri/norm.mgz
volume = 256 256 256
voxelsize = 1.000000000000000e+00 1.000000000000000e+00 1.000000000000000e+00
xras   = -1.000000000000000e+00 0.000000000000000e+00 0.000000000000000e+00
yras   = 0.000000000000000e+00 0.000000000000000e+00 -1.000000000000000e+00
zras   = 0.000000000000000e+00 1.000000000000000e+00 0.000000000000000e+00
cras   = 9.684982299804688e-01 5.000000000000000e-01 1.456199645996094e+01
dst volume info
valid = 1  # volume info valid
filename = /out/sourcedata/freesurfer/sub-v2s12x28879_ses-1/mri/norm.mgz
volume = 256 256 256
voxelsize = 1.000000000000000e+00 1.000000000000000e+00 1.000000000000000e+00
xras   = -1.000000000000000e+00 0.000000000000000e+00 0.000000000000000e+00
yras   = 0.000000000000000e+00 0.000000000000000e+00 -1.000000000000000e+00
zras   = 0.000000000000000e+00 1.000000000000000e+00 0.000000000000000e+00
cras   = 9.684982299804688e-01 5.000000000000000e-01 1.456199645996094e+01
