#Insight Transform File V1.0
#Transform 0
Transform: AffineTransform_float_3_3
Parameters: 0.999998 -0.00199389 0.00106122 0.00199412 0.999998 -0.000107884 -0.00106078 0.000110115 1 -0.0421881 0.0581905 -0.175526
FixedParameters: 0 0 0

#Transform 1
Transform: AffineTransform_float_3_3
Parameters: 0.999998 -0.00172695 0.00119208 0.00172705 0.999998 -4.39413e-05 -0.00119192 4.60585e-05 1 -0.0200591 0.0570961 -0.234139
FixedParameters: 0 0 0

#Transform 2
Transform: AffineTransform_float_3_3
Parameters: 0.999996 -0.00292891 0.000803084 0.0029271 0.999993 0.00236336 -0.000809916 -0.00236064 0.999997 0.0399778 -0.0461667 -0.0677555
FixedParameters: 0 0 0

#Transform 3
Transform: AffineTransform_float_3_3
Parameters: 0.999993 -0.00352498 -0.000389319 0.00352602 0.999991 0.00264265 0.00037968 -0.00264436 0.999997 0.11068 -0.0444104 -0.0466142
FixedParameters: 0 0 0

#Transform 4
Transform: AffineTransform_float_3_3
Parameters: 0.999995 -0.00314339 -0.000233342 0.00314361 0.999991 0.00265328 0.000224657 -0.00265472 0.999997 0.100205 -0.0444866 -0.0264323
FixedParameters: 0 0 0

#Transform 5
Transform: AffineTransform_float_3_3
Parameters: 0.999996 -0.0029935 -0.000591636 0.0029945 0.999993 0.00254924 0.000583366 -0.00255076 0.999996 0.114383 -0.0553712 -0.0490194
FixedParameters: 0 0 0

#Transform 6
Transform: AffineTransform_float_3_3
Parameters: 0.999996 -0.00280734 -0.000445607 0.00280866 0.999989 0.00377676 0.000435393 -0.00377824 0.999993 0.0852989 -0.0899785 0.0243357
FixedParameters: 0 0 0

#Transform 7
Transform: AffineTransform_float_3_3
Parameters: 0.999995 -0.00295185 -0.000349842 0.00295215 0.99999 0.00333298 0.000340161 -0.00333402 0.999995 0.0856726 -0.0588873 0.00843975
FixedParameters: 0 0 0

#Transform 8
Transform: AffineTransform_float_3_3
Parameters: 0.999995 -0.0029171 -0.000379928 0.00291789 0.999993 0.0023739 0.000373072 -0.0023751 0.999997 0.0870481 -0.0118059 -0.0167383
FixedParameters: 0 0 0

#Transform 9
Transform: AffineTransform_float_3_3
Parameters: 0.999996 -0.00288327 7.4197e-05 0.00288273 0.99999 0.00340023 -8.48015e-05 -0.00339977 0.999994 0.0666454 -0.0581988 0.0413872
FixedParameters: 0 0 0

#Transform 10
Transform: AffineTransform_float_3_3
Parameters: 0.999995 -0.00309048 -0.000549647 0.00309252 0.999992 0.00279631 0.00054035 -0.00279868 0.999996 0.0943454 -0.0488099 0.0154748
FixedParameters: 0 0 0

#Transform 11
Transform: AffineTransform_float_3_3
Parameters: 0.999999 -0.0016385 -0.000866948 0.0016385 0.999999 0.000577581 0.000866053 -0.000579421 1 0.060305 0.0356603 0.0670003
FixedParameters: 0 0 0

#Transform 12
Transform: AffineTransform_float_3_3
Parameters: 0.999999 -0.00118961 -0.00043306 0.00119039 0.999999 0.000890486 0.00043194 -0.000891515 1 0.00939342 0.0628826 0.237221
FixedParameters: 0 0 0

#Transform 13
Transform: AffineTransform_float_3_3
Parameters: 0.999999 -0.000535301 0.000659946 0.000533698 0.999998 0.00197035 -0.000661052 -0.00196965 0.999998 -0.0252285 -0.00975844 0.186141
FixedParameters: 0 0 0

#Transform 14
Transform: AffineTransform_float_3_3
Parameters: 0.999999 -0.0011151 0.000659144 0.0011139 0.999998 0.00166574 -0.000660857 -0.00166527 0.999999 -0.0066606 0.00284598 0.156006
FixedParameters: 0 0 0

#Transform 15
Transform: AffineTransform_float_3_3
Parameters: 0.999999 -0.000921158 0.000881751 0.000919841 0.999996 0.00244481 -0.000884251 -0.00244419 0.999996 -0.00831615 -0.0154473 0.182261
FixedParameters: 0 0 0

#Transform 16
Transform: AffineTransform_float_3_3
Parameters: 1 -0.000850295 0.000659334 0.000848706 0.999997 0.00196156 -0.000660666 -0.00196144 0.999998 0.00451524 0.0068988 0.14472
FixedParameters: 0 0 0

#Transform 17
Transform: AffineTransform_float_3_3
Parameters: 0.999999 -0.00117779 0.000659586 0.00117721 0.999998 0.00120178 -0.000660415 -0.00120122 0.999999 -0.00757165 0.0447972 0.119491
FixedParameters: 0 0 0

#Transform 18
Transform: AffineTransform_float_3_3
Parameters: 0.999999 -0.000981883 0.000134856 0.000982117 0.999999 -0.000871868 -0.000134144 0.000871132 0.999999 0.00804458 0.0927272 0.133781
FixedParameters: 0 0 0

#Transform 19
Transform: AffineTransform_float_3_3
Parameters: 0.999999 -0.000981974 5.64546e-05 0.000982026 1 -0.000462945 -5.65453e-05 0.000463056 1 -0.0263388 0.094218 0.0709079
FixedParameters: 0 0 0

#Transform 20
Transform: AffineTransform_float_3_3
Parameters: 1 9.79824e-05 -0.000131013 -9.80175e-05 1 -0.000133987 0.000130987 0.000134013 1 0.00851805 -0.00350002 -0.000554574
FixedParameters: 0 0 0

#Transform 21
Transform: AffineTransform_float_3_3
Parameters: 1 0.000274065 -0.000186905 -0.000274935 1 0.000346051 0.000187095 -0.000345949 1 -0.0251694 0.0665709 0.0967391
FixedParameters: 0 0 0

#Transform 22
Transform: AffineTransform_float_3_3
Parameters: 1 0.000202919 -0.000212078 -0.000203081 1 -0.000383957 0.000211922 0.000384043 1 -0.0582472 0.102679 0.0987654
FixedParameters: 0 0 0

#Transform 23
Transform: AffineTransform_float_3_3
Parameters: 0.999999 0.000698974 -0.00026107 -0.000699026 1 -9.98175e-05 0.000260931 9.91824e-05 1 -0.0512734 0.0732651 0.0470605
FixedParameters: 0 0 0

#Transform 24
Transform: AffineTransform_float_3_3
Parameters: 1 0.000974038 -0.000260859 -0.000973962 0.999999 0.000145254 0.000261142 -0.000145746 1 -0.0398357 0.0812725 0.0651095
FixedParameters: 0 0 0

#Transform 25
Transform: AffineTransform_float_3_3
Parameters: 0.999999 0.000869966 3.48656e-05 -0.000870034 0.999999 0.00099497 -3.41343e-05 -0.00099503 0.999999 -0.062541 0.0521815 0.0427722
FixedParameters: 0 0 0

#Transform 26
Transform: AffineTransform_float_3_3
Parameters: 0.999999 0.000869832 -0.000261559 -0.000870168 1 -0.000642773 0.000260441 0.000642227 1 -0.0578246 0.0997614 -0.0219099
FixedParameters: 0 0 0

#Transform 27
Transform: AffineTransform_float_3_3
Parameters: 1 0.000401002 -2.59739e-05 -0.000400998 1 6.50104e-05 2.60265e-05 -6.59896e-05 1 -0.0526309 0.0611711 0.0392614
FixedParameters: 0 0 0

#Transform 28
Transform: AffineTransform_float_3_3
Parameters: 1 0.000400644 0.000387368 -0.000400356 0.999999 0.000918844 -0.000387632 -0.000919155 0.999999 -0.0734899 0.0323032 0.0351279
FixedParameters: 0 0 0

#Transform 29
Transform: AffineTransform_float_3_3
Parameters: 0.999999 0.00124174 0.000235381 -0.00124126 0.999998 0.00111171 -0.00023462 -0.00111229 1 -0.0275823 0.00361915 -0.0039332
FixedParameters: 0 0 0

#Transform 30
Transform: AffineTransform_float_3_3
Parameters: 0.999999 0.000750085 0.000233725 -0.000749914 0.999999 -0.000367175 -0.000234275 0.000366824 1 -0.0774941 0.121699 0.0959362
FixedParameters: 0 0 0

#Transform 31
Transform: AffineTransform_float_3_3
Parameters: 1 0.00113716 0.000233214 -0.00113684 0.999999 -0.000691265 -0.000234785 0.000690733 0.999999 -0.120419 0.128747 0.121426
FixedParameters: 0 0 0

#Transform 32
Transform: AffineTransform_float_3_3
Parameters: 0.999998 0.00124199 0.00104801 -0.00124201 0.999999 6.69837e-06 -0.00104799 -7.30161e-06 0.999999 -0.138189 0.0468055 0.00839914
FixedParameters: 0 0 0

#Transform 33
Transform: AffineTransform_float_3_3
Parameters: 0.999998 0.00171071 0.0010045 -0.00171129 0.999999 0.000289282 -0.0010045 -0.000290719 1 -0.111954 0.0656336 0.0474548
FixedParameters: 0 0 0

#Transform 34
Transform: AffineTransform_float_3_3
Parameters: 0.999998 0.00171089 0.00119016 -0.00171111 0.999998 8.99637e-05 -0.00118984 -9.20359e-05 1 -0.127045 0.0710842 0.0906637
FixedParameters: 0 0 0

#Transform 35
Transform: AffineTransform_float_3_3
Parameters: 0.999998 0.00164947 0.0012447 -0.00164953 0.999998 0.000421948 -0.0012443 -0.000424053 0.999999 -0.122688 0.0526275 0.113425
FixedParameters: 0 0 0

#Transform 36
Transform: AffineTransform_float_3_3
Parameters: 0.999998 0.0016599 0.00113614 -0.00166009 0.999998 8.31141e-05 -0.00113586 -8.48856e-05 1 -0.112718 0.101873 0.114751
FixedParameters: 0 0 0

#Transform 37
Transform: AffineTransform_float_3_3
Parameters: 0.999999 0.000438471 0.00133417 -0.000439529 1 0.000396414 -0.00133483 -0.000396586 0.999999 -0.0992225 0.112814 0.176683
FixedParameters: 0 0 0

#Transform 38
Transform: AffineTransform_float_3_3
Parameters: 0.999999 0.000369359 0.00149891 -0.000369641 1 -0.000239554 -0.00149909 0.000239447 0.999999 -0.122334 0.162609 0.198088
FixedParameters: 0 0 0

#Transform 39
Transform: AffineTransform_float_3_3
Parameters: 0.999999 0.000685358 0.00132782 -0.000685642 0.999999 -0.000269911 -0.00132818 0.00026909 0.999999 -0.098154 0.145798 0.19966
FixedParameters: 0 0 0

#Transform 40
Transform: AffineTransform_float_3_3
Parameters: 0.999999 0.00036764 0.00132838 -0.00036936 1 0.00102351 -0.00132762 -0.00102449 0.999998 -0.0990934 0.0701277 0.179384
FixedParameters: 0 0 0

#Transform 41
Transform: AffineTransform_float_3_3
Parameters: 0.999999 0.000368061 0.00120329 -0.000369938 0.999999 0.000779555 -0.00120271 -0.000780443 0.999999 -0.0934254 0.0811729 0.193957
FixedParameters: 0 0 0

#Transform 42
Transform: AffineTransform_float_3_3
Parameters: 0.999999 0.000368268 0.0013282 -0.000369731 1 0.000550509 -0.0013278 -0.000551489 0.999999 -0.0991381 0.0592888 0.148727
FixedParameters: 0 0 0

#Transform 43
Transform: AffineTransform_float_3_3
Parameters: 0.999999 0.000509303 0.00132827 -0.000509697 0.999999 0.000524323 -0.00132773 -0.000524677 0.999999 -0.101619 0.062802 0.167926
FixedParameters: 0 0 0

#Transform 44
Transform: AffineTransform_float_3_3
Parameters: 0.999999 0.000368229 0.00132821 -0.00036977 1 0.000579509 -0.00132779 -0.000580489 0.999999 -0.0990937 0.0607463 0.18171
FixedParameters: 0 0 0

#Transform 45
Transform: AffineTransform_float_3_3
Parameters: 1 0.000368786 0.00103508 -0.000369214 1 0.000206618 -0.00103492 -0.000207382 1 -0.0857897 0.0776858 0.212253
FixedParameters: 0 0 0

#Transform 46
Transform: AffineTransform_float_3_3
Parameters: 0.999999 0.00058865 0.00132816 -0.00058935 1 0.000263217 -0.00132784 -0.000263782 0.999999 -0.0984813 0.0742191 0.210852
FixedParameters: 0 0 0

#Transform 47
Transform: AffineTransform_float_3_3
Parameters: 0.999999 0.000677521 0.00132824 -0.000678478 0.999999 0.000360099 -0.00132776 -0.0003609 0.999999 -0.112268 0.101646 0.251935
FixedParameters: 0 0 0

#Transform 48
Transform: AffineTransform_float_3_3
Parameters: 0.999999 0.000369312 0.000944877 -0.000369687 1 -0.000331349 -0.000945121 0.000330651 0.999999 -0.099517 0.134095 0.274044
FixedParameters: 0 0 0

#Transform 49
Transform: AffineTransform_float_3_3
Parameters: 1 0.00085895 0.00060307 -0.000859049 0.999999 8.14819e-05 -0.000603929 -8.25187e-05 1 -0.0826794 0.0428838 0.2706
FixedParameters: 0 0 0

#Transform 50
Transform: AffineTransform_float_3_3
Parameters: 0.999999 0.00133284 0.000437485 -0.00133216 0.999999 0.000363418 -0.000436515 -0.000364582 1 -0.100002 0.0738471 0.303705
FixedParameters: 0 0 0

#Transform 51
Transform: AffineTransform_float_3_3
Parameters: 0.999999 0.00124562 0.000603793 -0.00124638 0.999999 0.000636248 -0.000603207 -0.000636752 0.999999 -0.109171 0.0769158 0.311473
FixedParameters: 0 0 0

#Transform 52
Transform: AffineTransform_float_3_3
Parameters: 0.999999 0.00133187 0.000605484 -0.00133213 0.999998 0.0018642 -0.000603517 -0.00186481 0.999998 -0.106322 0.040571 0.359789
FixedParameters: 0 0 0

#Transform 53
Transform: AffineTransform_float_3_3
Parameters: 0.999999 0.00133059 0.00122762 -0.00133242 0.999997 0.00196737 -0.00122538 -0.00196963 0.999998 -0.132664 0.0315957 0.316002
FixedParameters: 0 0 0

#Transform 54
Transform: AffineTransform_float_3_3
Parameters: 0.999999 0.00136644 0.00102908 -0.00136756 0.999998 0.0015176 -0.00102693 -0.00151941 0.999999 -0.132332 0.0556922 0.356274
FixedParameters: 0 0 0

#Transform 55
Transform: AffineTransform_float_3_3
Parameters: 0.999999 0.00131329 0.000604551 -0.00131471 0.999999 0.00118021 -0.000603447 -0.00118179 0.999999 -0.113303 0.0786203 0.342253
FixedParameters: 0 0 0

#Transform 56
Transform: AffineTransform_float_3_3
Parameters: 0.999999 0.00119549 0.000772346 -0.00119651 0.999998 0.00196108 -0.000769654 -0.00196192 0.999998 -0.121203 0.049886 0.339455
FixedParameters: 0 0 0

#Transform 57
Transform: AffineTransform_float_3_3
Parameters: 0.999999 0.00131177 0.00128428 -0.00131423 0.999997 0.00173731 -0.00128272 -0.00173968 0.999997 -0.149167 0.0319691 0.299725
FixedParameters: 0 0 0

#Transform 58
Transform: AffineTransform_float_3_3
Parameters: 0.999996 0.00237142 0.00147838 -0.00237659 0.999993 0.0031085 -0.00147062 -0.0031115 0.999994 -0.171135 -0.0673413 0.466973
FixedParameters: 0 0 0

#Transform 59
Transform: AffineTransform_float_3_3
Parameters: 0.999994 0.00269779 0.00210969 -0.00270322 0.999994 0.00247331 -0.00210331 -0.00247869 0.999994 -0.198479 0.0701463 0.504261
FixedParameters: 0 0 0

#Transform 60
Transform: AffineTransform_float_3_3
Parameters: 0.999995 0.0023737 0.00170021 -0.0023763 0.999997 0.00134997 -0.00169679 -0.00135403 0.999997 -0.162451 0.104228 0.42816
FixedParameters: 0 0 0

#Transform 61
Transform: AffineTransform_float_3_3
Parameters: 0.999998 0.00143076 0.000801643 -0.00143024 0.999998 -0.000949148 -0.000802357 0.000947853 0.999999 -0.147114 0.2296 0.458847
FixedParameters: 0 0 0

#Transform 62
Transform: AffineTransform_float_3_3
Parameters: 0.999999 0.00110378 0.000892804 -0.00110222 0.999997 -0.00199098 -0.000895195 0.00199001 0.999997 -0.154978 0.261139 0.457651
FixedParameters: 0 0 0

#Transform 63
Transform: AffineTransform_float_3_3
Parameters: 0.999999 0.00124559 0.00127442 -0.00124441 0.999999 -0.000467587 -0.00127458 0.000465413 0.999999 -0.164902 0.184939 0.387146
FixedParameters: 0 0 0

#Transform 64
Transform: AffineTransform_float_3_3
Parameters: 1 0.000218832 -0.000155238 -0.00021917 1 -0.00108697 0.000155762 0.00108603 1 -0.127859 0.213366 0.394462
FixedParameters: 0 0 0

#Transform 65
Transform: AffineTransform_float_3_3
Parameters: 1 -0.000590547 -0.000257748 0.000589451 0.999997 -0.00212015 0.00025925 0.00211985 0.999997 -0.12826 0.248112 0.39782
FixedParameters: 0 0 0

#Transform 66
Transform: AffineTransform_float_3_3
Parameters: 1 -2.88607e-05 0.000241017 2.91393e-05 1 -0.000577993 -0.000240983 0.000578007 1 -0.125658 0.19552 0.413647
FixedParameters: 0 0 0

#Transform 67
Transform: AffineTransform_float_3_3
Parameters: 1 -2.89283e-05 0.000394005 2.90717e-05 1 -0.000181989 -0.000393995 0.000182011 1 -0.125329 0.184468 0.44437
FixedParameters: 0 0 0

#Transform 68
Transform: AffineTransform_float_3_3
Parameters: 0.999999 -2.75454e-05 0.000894046 2.94545e-05 0.999998 -0.00162697 -0.000893953 0.00162703 0.999999 -0.156549 0.212863 0.378952
FixedParameters: 0 0 0

#Transform 69
Transform: AffineTransform_float_3_3
Parameters: 0.999999 -2.73089e-05 0.00095005 2.96909e-05 0.999999 -0.00177997 -0.000949948 0.00178003 0.999998 -0.152391 0.232332 0.398326
FixedParameters: 0 0 0

#Transform 70
Transform: AffineTransform_float_3_3
Parameters: 0.999999 -0.000277139 0.00123742 0.00027986 0.999999 -0.00150365 -0.00123658 0.00150434 0.999998 -0.147146 0.184508 0.377302
FixedParameters: 0 0 0

#Transform 71
Transform: AffineTransform_float_3_3
Parameters: 0.999999 0.000450665 0.00136911 -0.000450334 1 0.000243384 -0.00136989 -0.000244618 0.999999 -0.151192 0.150677 0.426221
FixedParameters: 0 0 0

#Transform 72
Transform: AffineTransform_float_3_3
Parameters: 0.999999 0.000320948 0.00142624 -0.00032205 0.999999 0.000736541 -0.00142576 -0.000737458 0.999998 -0.158386 0.124469 0.453376
FixedParameters: 0 0 0

#Transform 73
Transform: AffineTransform_float_3_3
Parameters: 0.999999 3.42554e-05 0.00126605 -3.57445e-05 0.999999 0.00137796 -0.00126595 -0.00137804 0.999998 -0.133238 0.0973048 0.41023
FixedParameters: 0 0 0

#Transform 74
Transform: AffineTransform_float_3_3
Parameters: 0.999999 -8.99872e-05 0.00130007 9.10126e-05 0.999999 -0.000778882 -0.00129993 0.000779117 0.999999 -0.121061 0.189878 0.418085
FixedParameters: 0 0 0

#Transform 75
Transform: AffineTransform_float_3_3
Parameters: 1 -0.000266293 0.000978741 0.000269708 0.999996 -0.00276674 -0.000978258 0.00276726 0.999995 -0.141814 0.302711 0.41897
FixedParameters: 0 0 0

#Transform 76
Transform: AffineTransform_float_3_3
Parameters: 0.999999 -0.000178393 0.000895523 0.000180605 0.999995 -0.00291184 -0.000894478 0.00291216 0.999996 -0.17218 0.30887 0.422882
FixedParameters: 0 0 0

#Transform 77
Transform: AffineTransform_float_3_3
Parameters: 0.999999 -8.9847e-05 0.000752138 9.11526e-05 0.999999 -0.00153293 -0.000751861 0.00153307 0.999998 -0.1572 0.226357 0.477824
FixedParameters: 0 0 0

#Transform 78
Transform: AffineTransform_float_3_3
Parameters: 1 -8.99253e-05 0.00109109 9.10745e-05 0.999999 -0.000984901 -0.00109091 0.000985098 0.999999 -0.202826 0.229177 0.557226
FixedParameters: 0 0 0

#Transform 79
Transform: AffineTransform_float_3_3
Parameters: 1 0.000268391 0.00116045 -0.000265611 0.999998 -0.00205931 -0.00116055 0.00205969 0.999997 -0.194895 0.258005 0.468175
FixedParameters: 0 0 0

#Transform 80
Transform: AffineTransform_float_3_3
Parameters: 0.999999 0.000307408 0.000751018 -0.000304591 0.999995 -0.00320523 -0.000751979 0.00320477 0.999994 -0.194854 0.303991 0.539816
FixedParameters: 0 0 0

#Transform 81
Transform: AffineTransform_float_3_3
Parameters: 0.999999 -8.7294e-05 0.00099933 9.17046e-05 0.999993 -0.00370891 -0.000998666 0.00370909 0.999992 -0.198717 0.309957 0.51059
FixedParameters: 0 0 0

#Transform 82
Transform: AffineTransform_float_3_3
Parameters: 0.999999 0.000409269 0.00142778 -0.000405731 0.999996 -0.00298858 -0.00142922 0.00298842 0.999994 -0.227987 0.297512 0.556406
FixedParameters: 0 0 0

#Transform 83
Transform: AffineTransform_float_3_3
Parameters: 1 0.000441348 0.00110327 -0.000436653 0.999992 -0.00393848 -0.00110473 0.00393751 0.999991 -0.212312 0.334356 0.58404
FixedParameters: 0 0 0

#Transform 84
Transform: AffineTransform_float_3_3
Parameters: 0.999999 0.000459847 0.00119553 -0.000456151 0.999994 -0.00321655 -0.00119747 0.00321545 0.999994 -0.205966 0.301994 0.521313
FixedParameters: 0 0 0

#Transform 85
Transform: AffineTransform_float_3_3
Parameters: 0.999998 0.000371537 0.00158964 -0.000369462 0.999999 -0.000967588 -0.00159036 0.00096641 0.999999 -0.224013 0.235883 0.549425
FixedParameters: 0 0 0

#Transform 86
Transform: AffineTransform_float_3_3
Parameters: 0.999999 -0.000826143 -0.000104874 0.000825857 0.999998 -0.00136309 0.000105126 0.00136291 0.999999 -0.231922 0.245188 0.496518
FixedParameters: 0 0 0

#Transform 87
Transform: AffineTransform_float_3_3
Parameters: 0.99999 -0.00273099 -0.00349768 0.00271902 0.999991 -0.00342655 0.00350733 0.00341746 0.999988 -0.109582 0.300416 0.502925
FixedParameters: 0 0 0

#Transform 88
Transform: AffineTransform_float_3_3
Parameters: 0.999983 -0.00546469 -0.00177178 0.0054623 0.999984 -0.000959693 0.00177721 0.000949303 0.999998 -0.0936614 0.240655 0.542103
FixedParameters: 0 0 0

#Transform 89
Transform: AffineTransform_float_3_3
Parameters: 0.999977 -0.00653544 -0.00186144 0.00653455 0.999978 -0.000244169 0.00186356 0.000231826 0.999998 -0.0677262 0.233293 0.550093
FixedParameters: 0 0 0

#Transform 90
Transform: AffineTransform_float_3_3
Parameters: 0.999974 -0.00698735 -0.00133516 0.00698664 0.999975 -0.000268335 0.00133784 0.000258658 0.999999 -0.0845952 0.234112 0.539242
FixedParameters: 0 0 0

#Transform 91
Transform: AffineTransform_float_3_3
Parameters: 0.999973 -0.00724012 -0.00170057 0.00723588 0.999971 -0.00241437 0.00171844 0.00240262 0.999995 -0.0801883 0.328922 0.575409
FixedParameters: 0 0 0

#Transform 92
Transform: AffineTransform_float_3_3
Parameters: 0.999974 -0.00702145 -0.00171068 0.00701255 0.999964 -0.00489612 0.00174531 0.00488387 0.999986 -0.0953221 0.38748 0.619392
FixedParameters: 0 0 0

#Transform 93
Transform: AffineTransform_float_3_3
Parameters: 0.999978 -0.00644944 -0.00150408 0.00644456 0.999975 -0.00293876 0.00152291 0.00292824 0.999994 -0.0930642 0.321085 0.626144
FixedParameters: 0 0 0

#Transform 94
Transform: AffineTransform_float_3_3
Parameters: 0.999974 -0.00693108 -0.00209976 0.00692392 0.999971 -0.00336263 0.00212324 0.00334737 0.999992 -0.0734215 0.303037 0.534719
FixedParameters: 0 0 0

#Transform 95
Transform: AffineTransform_float_3_3
Parameters: 0.999973 -0.00703971 -0.00216974 0.00702929 0.999966 -0.00445137 0.00220126 0.00443662 0.999987 -0.074662 0.364679 0.612742
FixedParameters: 0 0 0

#Transform 96
Transform: AffineTransform_float_3_3
Parameters: 0.999974 -0.00693958 -0.00207612 0.00692541 0.999955 -0.00648055 0.00212088 0.00646645 0.999977 -0.0783806 0.426702 0.611202
FixedParameters: 0 0 0

#Transform 97
Transform: AffineTransform_float_3_3
Parameters: 0.999975 -0.00686351 -0.00197155 0.00685048 0.999953 -0.00678168 0.00201845 0.00676732 0.999975 -0.0828957 0.440067 0.606497
FixedParameters: 0 0 0

#Transform 98
Transform: AffineTransform_float_3_3
Parameters: 0.999974 -0.00670972 -0.00235737 0.00669028 0.999946 -0.00786197 0.00240962 0.00784603 0.999967 -0.0862743 0.483565 0.67329
FixedParameters: 0 0 0

#Transform 99
Transform: AffineTransform_float_3_3
Parameters: 0.999967 -0.00737664 -0.00320214 0.00735636 0.999955 -0.00610176 0.00324786 0.00607824 0.999977 -0.0499245 0.397922 0.660102
FixedParameters: 0 0 0

#Transform 100
Transform: AffineTransform_float_3_3
Parameters: 0.999967 -0.00754026 -0.00283021 0.00752173 0.999949 -0.00675551 0.0028818 0.00673449 0.999973 -0.062688 0.423642 0.651391
FixedParameters: 0 0 0

#Transform 101
Transform: AffineTransform_float_3_3
Parameters: 0.999968 -0.00756653 -0.00235056 0.00755047 0.99995 -0.00654895 0.00239943 0.00653105 0.999976 -0.0855692 0.413891 0.678933
FixedParameters: 0 0 0

#Transform 102
Transform: AffineTransform_float_3_3
Parameters: 0.999984 -0.00539063 -0.00172871 0.00538737 0.999984 -0.00209935 0.00173929 0.00208966 0.999997 -0.119613 0.170587 0.607986
FixedParameters: 0 0 0

#Transform 103
Transform: AffineTransform_float_3_3
Parameters: 0.999983 -0.00539088 -0.00214427 0.00538712 0.999984 -0.00181158 0.00215473 0.00180041 0.999996 -0.110168 0.249225 0.705839
FixedParameters: 0 0 0

#Transform 104
Transform: AffineTransform_float_3_3
Parameters: 0.999981 -0.00588555 -0.00172113 0.00587945 0.999977 -0.00321318 0.00173987 0.00320282 0.999994 -0.130726 0.335669 0.682126
FixedParameters: 0 0 0

#Transform 105
Transform: AffineTransform_float_3_3
Parameters: 0.999978 -0.00622603 -0.00234001 0.00621197 0.999963 -0.00595567 0.002377 0.00594134 0.99998 -0.122786 0.410075 0.579169
FixedParameters: 0 0 0

#Transform 106
Transform: AffineTransform_float_3_3
Parameters: 0.999977 -0.00646336 -0.00201347 0.00644864 0.999955 -0.00705815 0.00205952 0.00704485 0.999973 -0.138242 0.4637 0.623899
FixedParameters: 0 0 0

#Transform 107
Transform: AffineTransform_float_3_3
Parameters: 0.999976 -0.0064698 -0.00224698 0.0064492 0.999938 -0.00914371 0.00230602 0.0091293 0.999955 -0.127492 0.507333 0.597167
FixedParameters: 0 0 0

#Transform 108
Transform: AffineTransform_float_3_3
Parameters: 0.999976 -0.00647068 -0.0022434 0.0064493 0.999933 -0.00954269 0.0023056 0.0095283 0.999952 -0.149344 0.519407 0.598407
FixedParameters: 0 0 0

#Transform 109
Transform: AffineTransform_float_3_3
Parameters: 0.999977 -0.00646834 -0.00203553 0.00644867 0.999936 -0.00936835 0.00209547 0.00935566 0.999954 -0.140196 0.509541 0.642648
FixedParameters: 0 0 0

#Transform 110
Transform: AffineTransform_float_3_3
Parameters: 0.999975 -0.0064747 -0.00260294 0.00644928 0.999931 -0.00976702 0.00266606 0.00974997 0.999949 -0.114556 0.522158 0.607105
FixedParameters: 0 0 0

#Transform 111
Transform: AffineTransform_float_3_3
Parameters: 0.999975 -0.00647989 -0.00283851 0.00644912 0.999922 -0.0107586 0.0029075 0.0107404 0.999938 -0.103906 0.5445 0.647628
FixedParameters: 0 0 0

#Transform 112
Transform: AffineTransform_float_3_3
Parameters: 0.999979 -0.0059224 -0.00258353 0.0058886 0.999896 -0.0131265 0.00266048 0.0131115 0.99991 -0.127892 0.579959 0.654014
FixedParameters: 0 0 0

#Transform 113
Transform: AffineTransform_float_3_3
Parameters: 0.999979 -0.00583994 -0.00257273 0.00580305 0.999883 -0.0141392 0.00265527 0.0141238 0.999896 -0.143037 0.675358 0.766117
FixedParameters: 0 0 0

#Transform 114
Transform: AffineTransform_float_3_3
Parameters: 0.999977 -0.00622485 -0.00288804 0.00617716 0.999848 -0.0162902 0.00298897 0.0162718 0.999863 -0.129612 0.72553 0.754124
FixedParameters: 0 0 0

#Transform 115
Transform: AffineTransform_float_3_3
Parameters: 0.999971 -0.00645898 -0.00398268 0.00638902 0.999829 -0.0173399 0.00409432 0.0173141 0.999841 -0.0898995 0.743229 0.704063
FixedParameters: 0 0 0

#Transform 116
Transform: AffineTransform_float_3_3
Parameters: 0.999969 -0.0063615 -0.00467111 0.0062745 0.999809 -0.0185139 0.00478789 0.0184841 0.999817 -0.0638607 0.792232 0.77312
FixedParameters: 0 0 0

#Transform 117
Transform: AffineTransform_float_3_3
Parameters: 0.999971 -0.00634565 -0.00409709 0.00627435 0.999831 -0.0172712 0.00420591 0.0172448 0.999843 -0.0756209 0.757424 0.720485
FixedParameters: 0 0 0

#Transform 118
Transform: AffineTransform_float_3_3
Parameters: 0.999972 -0.0062694 -0.00414142 0.0061966 0.999831 -0.0172711 0.00424857 0.0172448 0.999843 -0.0733031 0.755479 0.69932
FixedParameters: 0 0 0

#Transform 119
Transform: AffineTransform_float_3_3
Parameters: 0.999972 -0.0063845 -0.00390237 0.00631349 0.999817 -0.0180671 0.00401764 0.0180419 0.999829 -0.0844441 0.790896 0.746312
FixedParameters: 0 0 0

#Transform 120
Transform: AffineTransform_float_3_3
Parameters: 0.999975 -0.00584974 -0.00383893 0.00579024 0.999868 -0.0151406 0.00392705 0.0151174 0.999878 -0.1171 0.681929 0.711717
FixedParameters: 0 0 0

#Transform 121
Transform: AffineTransform_float_3_3
Parameters: 0.999974 -0.00645017 -0.00339416 0.00640184 0.999877 -0.0143031 0.00348585 0.0142809 0.999892 -0.138783 0.648531 0.714169
FixedParameters: 0 0 0

#Transform 122
Transform: AffineTransform_float_3_3
Parameters: 0.999974 -0.00617545 -0.00375689 0.00612655 0.999897 -0.0130354 0.00383711 0.0130116 0.999908 -0.111661 0.592529 0.645896
FixedParameters: 0 0 0

#Transform 123
Transform: AffineTransform_float_3_3
Parameters: 0.999976 -0.00594373 -0.00341263 0.00590026 0.999905 -0.0123984 0.00348636 0.0123786 0.999918 -0.110032 0.583852 0.661594
FixedParameters: 0 0 0

#Transform 124
Transform: AffineTransform_float_3_3
Parameters: 0.999977 -0.00582747 -0.00367589 0.00578153 0.999908 -0.0122615 0.00374711 0.0122405 0.999918 -0.103796 0.581959 0.644432
FixedParameters: 0 0 0

#Transform 125
Transform: AffineTransform_float_3_3
Parameters: 0.999977 -0.0060732 -0.00307012 0.0060408 0.999928 -0.0103898 0.00313288 0.0103712 0.999942 -0.123938 0.533719 0.645022
FixedParameters: 0 0 0

#Transform 126
Transform: AffineTransform_float_3_3
Parameters: 0.999975 -0.00608624 -0.00378216 0.00604075 0.999911 -0.0118591 0.00385484 0.0118368 0.999922 -0.101533 0.559726 0.682582
FixedParameters: 0 0 0

#Transform 127
Transform: AffineTransform_float_3_3
Parameters: 0.999975 -0.00608717 -0.00353672 0.00604084 0.999899 -0.0129197 0.00361529 0.0128983 0.999911 -0.106657 0.599406 0.63098
FixedParameters: 0 0 0

#Transform 128
Transform: AffineTransform_float_3_3
Parameters: 0.999977 -0.0057103 -0.00350762 0.00566968 0.999916 -0.0116761 0.00357438 0.0116558 0.999925 -0.110404 0.593964 0.702763
FixedParameters: 0 0 0

#Transform 129
Transform: AffineTransform_float_3_3
Parameters: 0.999974 -0.00599605 -0.00385367 0.00594294 0.99989 -0.0136342 0.00393532 0.0136107 0.999899 -0.102278 0.654538 0.7367
FixedParameters: 0 0 0

#Transform 130
Transform: AffineTransform_float_3_3
Parameters: 0.999974 -0.00617366 -0.00359401 0.00612433 0.999888 -0.0136694 0.00367799 0.0136466 0.9999 -0.097753 0.617403 0.736009
FixedParameters: 0 0 0

#Transform 131
Transform: AffineTransform_float_3_3
Parameters: 0.999974 -0.00621024 -0.00349098 0.00616375 0.999895 -0.0131049 0.00357201 0.0130832 0.999908 -0.110715 0.617385 0.74956
FixedParameters: 0 0 0

#Transform 132
Transform: AffineTransform_float_3_3
Parameters: 0.999974 -0.0064011 -0.0033582 0.00635091 0.999872 -0.0147217 0.0034518 0.0146993 0.999886 -0.114271 0.682805 0.749378
FixedParameters: 0 0 0

#Transform 133
Transform: AffineTransform_float_3_3
Parameters: 0.999975 -0.00601892 -0.00375861 0.00595707 0.99985 -0.0162748 0.0038564 0.0162522 0.999861 -0.104326 0.726297 0.755984
FixedParameters: 0 0 0

#Transform 134
Transform: AffineTransform_float_3_3
Parameters: 0.999975 -0.00581212 -0.00384747 0.00575788 0.999887 -0.0139305 0.00392852 0.0139075 0.999895 -0.099622 0.618236 0.703428
FixedParameters: 0 0 0

#Transform 135
Transform: AffineTransform_float_3_3
Parameters: 0.999969 -0.00713405 -0.00351625 0.00708397 0.999877 -0.0140434 0.00361576 0.0140187 0.999895 -0.0908824 0.66122 0.766758
FixedParameters: 0 0 0

#Transform 136
Transform: AffineTransform_float_3_3
Parameters: 0.999925 -0.0111651 -0.00503994 0.0110989 0.999852 -0.0131489 0.00518607 0.0130921 0.999901 0.0144275 0.622819 0.770064
FixedParameters: 0 0 0

#Transform 137
Transform: AffineTransform_float_3_3
Parameters: 0.999899 -0.0132119 -0.0053523 0.0131401 0.999829 -0.0130657 0.0055237 0.0129943 0.999901 0.0698977 0.628656 0.848266
FixedParameters: 0 0 0

#Transform 138
Transform: AffineTransform_float_3_3
Parameters: 0.999892 -0.0139318 -0.00479841 0.0138643 0.999811 -0.013674 0.00498858 0.013606 0.999895 0.0759294 0.662888 0.853372
FixedParameters: 0 0 0

#Transform 139
Transform: AffineTransform_float_3_3
Parameters: 0.999885 -0.0142539 -0.00503553 0.0141831 0.999804 -0.013853 0.00523247 0.01378 0.999892 0.0840542 0.648653 0.794257
FixedParameters: 0 0 0

#Transform 140
Transform: AffineTransform_float_3_3
Parameters: 0.999887 -0.0142658 -0.00474431 0.0141882 0.99977 -0.0160371 0.00497171 0.0159689 0.99986 0.062532 0.727343 0.814701
FixedParameters: 0 0 0

#Transform 141
Transform: AffineTransform_float_3_3
Parameters: 0.99989 -0.0139826 -0.00480822 0.0139174 0.999813 -0.0134224 0.0049948 0.0133546 0.999899 0.0587323 0.63424 0.857716
FixedParameters: 0 0 0

#Transform 142
Transform: AffineTransform_float_3_3
Parameters: 0.999889 -0.014102 -0.00466095 0.014044 0.999826 -0.0122578 0.00483305 0.0121912 0.999914 0.0741317 0.583414 0.799327
FixedParameters: 0 0 0

#Transform 143
Transform: AffineTransform_float_3_3
Parameters: 0.999885 -0.014437 -0.00475439 0.01438 0.999827 -0.0118057 0.00492462 0.0117363 0.999919 0.0773549 0.572996 0.805346
FixedParameters: 0 0 0

#Transform 144
Transform: AffineTransform_float_3_3
Parameters: 0.999884 -0.0141867 -0.00542078 0.0141243 0.999835 -0.0114269 0.00558222 0.0113491 0.99992 0.0891407 0.560276 0.861152
FixedParameters: 0 0 0

#Transform 145
Transform: AffineTransform_float_3_3
Parameters: 0.999886 -0.014082 -0.00531208 0.014012 0.999817 -0.0129869 0.00549391 0.0129111 0.999901 0.0850185 0.598447 0.853825
FixedParameters: 0 0 0

#Transform 146
Transform: AffineTransform_float_3_3
Parameters: 0.999895 -0.0137857 -0.00462709 0.0137243 0.99982 -0.0131109 0.00480692 0.0130461 0.999904 0.0767475 0.613125 0.904543
FixedParameters: 0 0 0

#Transform 147
Transform: AffineTransform_float_3_3
Parameters: 0.999897 -0.0136289 -0.00453534 0.0135741 0.999837 -0.0119158 0.00469665 0.0118522 0.999918 0.0502355 0.591676 1.0111
FixedParameters: 0 0 0

#Transform 148
Transform: AffineTransform_float_3_3
Parameters: 0.999902 -0.0132058 -0.00469702 0.0131492 0.999845 -0.0117149 0.00485097 0.0116521 0.999921 0.0482367 0.579613 0.898222
FixedParameters: 0 0 0

#Transform 149
Transform: AffineTransform_float_3_3
Parameters: 0.999899 -0.0134318 -0.00451606 0.0133862 0.99986 -0.0100185 0.00464993 0.00995654 0.999939 0.0404431 0.526535 0.952589
FixedParameters: 0 0 0

#Transform 150
Transform: AffineTransform_float_3_3
Parameters: 0.9999 -0.0133692 -0.00446596 0.0133227 0.999856 -0.0104475 0.00460505 0.0103875 0.999936 0.0312471 0.545368 0.930759
FixedParameters: 0 0 0

#Transform 151
Transform: AffineTransform_float_3_3
Parameters: 0.999902 -0.0134616 -0.00398087 0.0134114 0.999835 -0.0122416 0.00414514 0.0121874 0.999917 0.0212149 0.600893 0.884363
FixedParameters: 0 0 0

#Transform 152
Transform: AffineTransform_float_3_3
Parameters: 0.999897 -0.0138999 -0.00377574 0.0138491 0.999821 -0.0129456 0.00395526 0.0128924 0.999909 0.0212575 0.627888 0.910071
FixedParameters: 0 0 0

#Transform 153
Transform: AffineTransform_float_3_3
Parameters: 0.999903 -0.0133438 -0.00404647 0.0132962 0.999844 -0.0116279 0.00420053 0.0115731 0.999924 0.0420801 0.564522 0.877769
FixedParameters: 0 0 0

#Transform 154
Transform: AffineTransform_float_3_3
Parameters: 0.999899 -0.013657 -0.00411277 0.013614 0.999854 -0.010312 0.00425323 0.010255 0.999939 0.0436801 0.545087 0.878146
FixedParameters: 0 0 0

#Transform 155
Transform: AffineTransform_float_3_3
Parameters: 0.999897 -0.0137583 -0.00404803 0.0137127 0.999846 -0.0110186 0.00419897 0.0109624 0.999931 0.0304978 0.575549 0.930445
FixedParameters: 0 0 0

#Transform 156
Transform: AffineTransform_float_3_3
Parameters: 0.999902 -0.0133391 -0.00425813 0.0132929 0.999854 -0.0106816 0.00439987 0.0106243 0.999934 0.0412125 0.559009 0.866372
FixedParameters: 0 0 0

#Transform 157
Transform: AffineTransform_float_3_3
Parameters: 0.999903 -0.0132302 -0.00440559 0.0131738 0.999835 -0.0125573 0.0045704 0.0124977 0.999911 0.0184323 0.647077 0.953101
FixedParameters: 0 0 0

#Transform 158
Transform: AffineTransform_float_3_3
Parameters: 0.999898 -0.013423 -0.00488735 0.013352 0.999809 -0.0142727 0.00507764 0.0142053 0.999886 0.014964 0.724727 0.950803
FixedParameters: 0 0 0

#Transform 159
Transform: AffineTransform_float_3_3
Parameters: 0.999899 -0.0134859 -0.00444569 0.0134221 0.99981 -0.0141001 0.00463531 0.0140389 0.99989 0.0108565 0.665137 0.89173
FixedParameters: 0 0 0

#Transform 160
Transform: AffineTransform_float_3_3
Parameters: 0.999903 -0.0133373 -0.00400491 0.0132727 0.999789 -0.0156657 0.00421309 0.0156113 0.99987 -0.0193838 0.734753 0.959078
FixedParameters: 0 0 0

#Transform 161
Transform: AffineTransform_float_3_3
Parameters: 0.999904 -0.0131669 -0.00416844 0.0130881 0.999744 -0.0184263 0.00440955 0.0183697 0.999821 -0.00741634 0.795603 0.944199
FixedParameters: 0 0 0

#Transform 162
Transform: AffineTransform_float_3_3
Parameters: 0.999904 -0.0132498 -0.00408112 0.0131652 0.99971 -0.0201557 0.00434687 0.0200993 0.999788 -0.010977 0.832374 0.930144
FixedParameters: 0 0 0

#Transform 163
Transform: AffineTransform_float_3_3
Parameters: 0.999904 -0.013476 -0.0034228 0.013405 0.99971 -0.0199758 0.00369119 0.0199272 0.999794 -0.0387266 0.864143 1.03762
FixedParameters: 0 0 0

#Transform 164
Transform: AffineTransform_float_3_3
Parameters: 0.999896 -0.0137088 -0.00430886 0.0136252 0.999728 -0.0189157 0.00456715 0.0188553 0.999812 -0.0027922 0.817608 1.00234
FixedParameters: 0 0 0

#Transform 165
Transform: AffineTransform_float_3_3
Parameters: 0.999899 -0.0136078 -0.00393002 0.0135302 0.999725 -0.0191851 0.00418999 0.0191299 0.999808 -0.0169239 0.838977 1.08552
FixedParameters: 0 0 0

#Transform 166
Transform: AffineTransform_float_3_3
Parameters: 0.999901 -0.0134552 -0.00394873 0.0133768 0.999726 -0.0192007 0.00420527 0.0191463 0.999808 0.00545112 0.844879 1.11929
FixedParameters: 0 0 0

#Transform 167
Transform: AffineTransform_float_3_3
Parameters: 0.999905 -0.0131466 -0.00410444 0.0130714 0.999758 -0.0176893 0.00433656 0.0176347 0.999835 -0.00429373 0.754261 0.977629
FixedParameters: 0 0 0

#Transform 168
Transform: AffineTransform_float_3_3
Parameters: 0.999903 -0.0133944 -0.00380141 0.0133246 0.999754 -0.0177334 0.0040386 0.0176816 0.999836 -0.000543795 0.770871 1.03683
FixedParameters: 0 0 0

#Transform 169
Transform: AffineTransform_float_3_3
Parameters: 0.9999 -0.0135349 -0.00399345 0.0134611 0.999748 -0.0179946 0.00423554 0.0179385 0.99983 0.00741335 0.795282 1.03385
FixedParameters: 0 0 0

#Transform 170
Transform: AffineTransform_float_3_3
Parameters: 0.999903 -0.0133777 -0.0039087 0.0133022 0.999739 -0.0185618 0.00415627 0.0185072 0.99982 0.0178163 0.790865 1.00485
FixedParameters: 0 0 0

#Transform 171
Transform: AffineTransform_float_3_3
Parameters: 0.999904 -0.0134179 -0.0034239 0.0133481 0.999717 -0.0196806 0.0036871 0.0196324 0.999801 0.000860497 0.849716 1.06049
FixedParameters: 0 0 0

#Transform 172
Transform: AffineTransform_float_3_3
Parameters: 0.999906 -0.0132563 -0.00351735 0.0131847 0.999722 -0.0195852 0.00377564 0.0195368 0.999802 -0.0015253 0.836669 1.02133
FixedParameters: 0 0 0

#Transform 173
Transform: AffineTransform_float_3_3
Parameters: 0.999902 -0.0135643 -0.00343248 0.0134938 0.999715 -0.0197212 0.00369851 0.0196728 0.999799 0.00117418 0.832743 1.04864
FixedParameters: 0 0 0

#Transform 174
Transform: AffineTransform_float_3_3
Parameters: 0.999907 -0.013221 -0.00354931 0.01315 0.999726 -0.0193375 0.00380368 0.0192885 0.999806 0.00658054 0.852996 1.11851
FixedParameters: 0 0 0

#Transform 175
Transform: AffineTransform_float_3_3
Parameters: 0.999903 -0.013408 -0.00360582 0.013335 0.99972 -0.019555 0.00386718 0.019505 0.999803 0.000337513 0.809539 1.0301
FixedParameters: 0 0 0

#Transform 176
Transform: AffineTransform_float_3_3
Parameters: 0.999905 -0.0132157 -0.00396207 0.0131343 0.999714 -0.0199809 0.00422493 0.0199271 0.999792 0.00334119 0.86471 1.11263
FixedParameters: 0 0 0

#Transform 177
Transform: AffineTransform_float_3_3
Parameters: 0.999904 -0.0132216 -0.00430687 0.0131344 0.999719 -0.0197665 0.00456614 0.0197075 0.999796 0.000326914 0.847381 1.12937
FixedParameters: 0 0 0

#Transform 178
Transform: AffineTransform_float_3_3
Parameters: 0.999902 -0.013297 -0.00453845 0.013203 0.99971 -0.0201449 0.00480555 0.0200831 0.999787 0.0107547 0.846396 1.08642
FixedParameters: 0 0 0

#Transform 179
Transform: AffineTransform_float_3_3
Parameters: 0.999902 -0.0133132 -0.00431805 0.0132238 0.999711 -0.0200701 0.00458395 0.0200109 0.99979 0.00851926 0.862359 1.14754
FixedParameters: 0 0 0
