#Insight Transform File V1.0
#Transform 0
Transform: AffineTransform_float_3_3
Parameters: 0.999998 0.00189299 4.28954e-06 -0.001893 0.999995 0.002266 2.89554e-07 -0.002266 0.999998 0.00445329 -0.0218968 0.00560466
FixedParameters: 0 0 0

#Transform 1
Transform: AffineTransform_float_3_3
Parameters: 0.999999 0.00122322 0.000577653 -0.00122378 0.999999 0.00135029 -0.000575348 -0.00135071 0.999999 -0.023482 0.018087 -0.00569007
FixedParameters: 0 0 0

#Transform 2
Transform: AffineTransform_float_3_3
Parameters: 0.999999 0.000815998 1.24032e-06 -0.000816 0.999998 0.00152 2.40321e-07 -0.00152 0.999999 0.00481257 0.0147875 0.0686385
FixedParameters: 0 0 0

#Transform 3
Transform: AffineTransform_float_3_3
Parameters: 0.999999 0.000815998 1.61405e-06 -0.000816002 0.999997 0.001978 -3.85948e-07 -0.001978 0.999998 0.018635 0.0263523 0.0927392
FixedParameters: 0 0 0

#Transform 4
Transform: AffineTransform_float_3_3
Parameters: 0.999999 0.000815997 2.0147e-06 -0.000816002 0.999996 0.002469 1.471e-08 -0.002469 0.999997 0.000981233 0.0143785 0.116277
FixedParameters: 0 0 0

#Transform 5
Transform: AffineTransform_float_3_3
Parameters: 0.999999 0.000815997 2.0147e-06 -0.000816002 0.999996 0.002469 1.471e-08 -0.002469 0.999997 -0.00753358 -0.00745658 0.083499
FixedParameters: 0 0 0

#Transform 6
Transform: AffineTransform_float_3_3
Parameters: 1 0.000302024 -0.000414255 -0.000300974 0.999997 0.00246912 0.000415745 -0.00246987 0.999997 -0.0148274 0.035229 0.0851803
FixedParameters: 0 0 0

#Transform 7
Transform: AffineTransform_float_3_3
Parameters: 0.999999 0.000817576 -0.000397775 -0.000815426 0.999992 0.00394833 0.000400222 -0.00394767 0.999992 -0.0119438 -0.0174829 0.0625805
FixedParameters: 0 0 0

#Transform 8
Transform: AffineTransform_float_3_3
Parameters: 1 -0.00013465 -0.000145325 0.000135349 0.999997 0.00240898 0.000144674 -0.00240902 0.999997 0.00624902 0.0206807 0.0306594
FixedParameters: 0 0 0

#Transform 9
Transform: AffineTransform_float_3_3
Parameters: 1 -0.000305924 0.00027899 0.000305076 0.999995 0.00330709 -0.000280011 -0.00330692 0.999995 0.00537589 -0.0306332 0.0442612
FixedParameters: 0 0 0

#Transform 10
Transform: AffineTransform_float_3_3
Parameters: 0.999999 -0.000689883 -0.00116407 0.000690117 1 0.000100197 0.00116393 -0.000100803 1 0.00570785 -0.0096155 -0.0517868
FixedParameters: 0 0 0

#Transform 11
Transform: AffineTransform_float_3_3
Parameters: 0.999998 -0.000307963 -0.00186851 0.000305038 0.999998 -0.00158557 0.00186849 0.00158543 0.999997 -0.0057608 0.0283855 -0.114023
FixedParameters: 0 0 0

#Transform 12
Transform: AffineTransform_float_3_3
Parameters: 0.999998 -0.000306494 -0.00163172 0.000305505 1 -0.0009165 0.00163228 0.000915502 0.999998 0.0080267 0.0330589 -0.105039
FixedParameters: 0 0 0

#Transform 13
Transform: AffineTransform_float_3_3
Parameters: 0.999999 0.000160233 -0.00155808 -0.000160766 1 -0.00049175 0.00155792 0.00049225 0.999998 0.00509116 0.00253818 -0.113027
FixedParameters: 0 0 0

#Transform 14
Transform: AffineTransform_float_3_3
Parameters: 0.999999 0.000438784 -0.00085211 -0.000438215 1 -0.000252627 0.000851888 0.000253374 0.999999 -0.000754562 0.00637765 -0.103619
FixedParameters: 0 0 0

#Transform 15
Transform: AffineTransform_float_3_3
Parameters: 1 0.00082939 -0.000858624 -0.000829609 0.999999 0.000454713 0.000859378 -0.000454288 1 -0.00555738 -0.0108028 -0.115687
FixedParameters: 0 0 0

#Transform 16
Transform: AffineTransform_float_3_3
Parameters: 0.999999 0.000891105 -0.000897895 -0.000891894 0.999999 0.000117801 0.000898105 -0.0001172 0.999999 -0.00550046 -0.0220424 -0.106468
FixedParameters: 0 0 0

#Transform 17
Transform: AffineTransform_float_3_3
Parameters: 0.999998 1.56476e-05 -0.001694 -1.63523e-05 1 -0.000207972 0.001694 0.000208027 0.999998 -0.00244252 0.0152403 -0.0309729
FixedParameters: 0 0 0

#Transform 18
Transform: AffineTransform_float_3_3
Parameters: 1 -9.25399e-05 -0.00109212 9.34599e-05 0.999999 0.0013369 0.00109188 -0.0013371 0.999998 0.0117566 0.0141012 0.0885535
FixedParameters: 0 0 0

#Transform 19
Transform: AffineTransform_float_3_3
Parameters: 1 -0.000405931 -8.43341e-05 0.000406069 0.999999 0.000822965 8.36658e-05 -0.000823033 0.999999 0.0106256 -0.00435466 0.0116298
FixedParameters: 0 0 0

#Transform 20
Transform: AffineTransform_float_3_3
Parameters: 1 1.60136e-05 -8.39974e-05 -1.59864e-05 1 0.000162001 8.40026e-05 -0.000161999 1 0.00514798 0.00920008 0.00303138
FixedParameters: 0 0 0

#Transform 21
Transform: AffineTransform_float_3_3
Parameters: 1 0.000283073 -0.000636967 -0.000282927 1 0.00011518 0.000637032 -0.00011482 1 0.0144615 0.000250838 0.0406666
FixedParameters: 0 0 0

#Transform 22
Transform: AffineTransform_float_3_3
Parameters: 1 0.000372223 -0.000491831 -0.000371777 1 0.000453183 0.000492169 -0.000453817 1 0.00995959 0.00184061 -0.00192181
FixedParameters: 0 0 0

#Transform 23
Transform: AffineTransform_float_3_3
Parameters: 1 0.000288009 -0.000491994 -0.000287991 1 1.91417e-05 0.000492005 -1.88583e-05 1 -0.000737887 0.012078 -0.0102568
FixedParameters: 0 0 0

#Transform 24
Transform: AffineTransform_float_3_3
Parameters: 1 0.000133843 -0.000492043 -0.000134157 1 -0.000318934 0.000492957 0.000319066 1 0.0131234 -0.00190428 -0.00758985
FixedParameters: 0 0 0

#Transform 25
Transform: AffineTransform_float_3_3
Parameters: 1 0.00022577 -0.000492106 -0.000225231 1 -0.000467889 0.000492894 0.000468111 1 0.0537764 -0.00557404 -0.00128671
FixedParameters: 0 0 0

#Transform 26
Transform: AffineTransform_float_3_3
Parameters: 1 1.58916e-05 -0.000141012 -1.61084e-05 0.999999 -0.000768997 0.000140988 0.000769002 0.999999 0.0218685 0.0122439 -0.0106054
FixedParameters: 0 0 0

#Transform 27
Transform: AffineTransform_float_3_3
Parameters: 0.999999 1.53375e-05 -0.000845012 -1.56633e-05 0.999999 -0.000784987 0.000844988 0.000784013 1 0.0356179 0.0286971 -0.00129025
FixedParameters: 0 0 0

#Transform 28
Transform: AffineTransform_float_3_3
Parameters: 1 1.57141e-05 -0.000492009 -1.62858e-05 1 -0.000580992 0.00049199 0.000581008 0.999999 0.00740774 0.0112234 -0.0334788
FixedParameters: 0 0 0

#Transform 29
Transform: AffineTransform_float_3_3
Parameters: 1 -0.000178434 -0.000491843 0.000177565 0.999999 -0.000883088 0.000492157 0.000882912 1 0.0064986 0.0194247 -0.0638446
FixedParameters: 0 0 0

#Transform 30
Transform: AffineTransform_float_3_3
Parameters: 1 -0.000420009 -3.28832e-05 0.000419991 1 -0.000278014 3.31168e-05 0.000277986 1 -0.00341056 -0.0025144 -0.0431662
FixedParameters: 0 0 0

#Transform 31
Transform: AffineTransform_float_3_3
Parameters: 1 -0.000420116 -0.000319847 0.000419884 1 -0.000363134 0.000320152 0.000362865 1 0.00754455 0.00853892 -0.0361812
FixedParameters: 0 0 0

#Transform 32
Transform: AffineTransform_float_3_3
Parameters: 1 -0.000663061 -6.94224e-05 0.000662939 1 -0.000871046 7.05774e-05 0.000870953 0.999999 0.0124135 0.0346383 -0.032973
FixedParameters: 0 0 0

#Transform 33
Transform: AffineTransform_float_3_3
Parameters: 1 -0.000420201 -0.000215609 0.000420798 0.999999 -0.00093109 0.000216392 0.000930908 0.999999 0.00491161 -0.00848147 -0.106399
FixedParameters: 0 0 0

#Transform 34
Transform: AffineTransform_float_3_3
Parameters: 0.999999 -0.000732012 -7.92395e-06 0.000731987 0.999998 -0.00147001 9.07603e-06 0.00146999 0.999999 0.00190687 0.0245636 -0.11323
FixedParameters: 0 0 0

#Transform 35
Transform: AffineTransform_float_3_3
Parameters: 1 -0.00103686 9.85243e-05 0.00103715 0.999999 -0.0014699 -9.74755e-05 0.0014701 0.999999 0.0217521 0.0124937 -0.0583747
FixedParameters: 0 0 0

#Transform 36
Transform: AffineTransform_float_3_3
Parameters: 1 -0.00103686 9.84662e-05 0.00103714 0.999999 -0.0014139 -9.75336e-05 0.0014141 0.999999 0.0157914 0.00446288 -0.0685284
FixedParameters: 0 0 0

#Transform 37
Transform: AffineTransform_float_3_3
Parameters: 0.999999 -0.00097384 9.85903e-05 0.00097416 0.999998 -0.0016329 -9.74092e-05 0.0016331 0.999998 0.026509 0.0286923 -0.0666025
FixedParameters: 0 0 0

#Transform 38
Transform: AffineTransform_float_3_3
Parameters: 1 -0.000518697 0.000254618 0.000519302 0.999999 -0.00119087 -0.000253382 0.00119113 1 0.0169434 0.0176664 -0.0696041
FixedParameters: 0 0 0

#Transform 39
Transform: AffineTransform_float_3_3
Parameters: 1 -0.000311593 -0.000362491 0.000311407 0.999998 -0.00163611 0.00036251 0.00163589 0.999998 0.0209882 0.0381211 -0.0727349
FixedParameters: 0 0 0

#Transform 40
Transform: AffineTransform_float_3_3
Parameters: 1 -0.000519563 -0.000457361 0.000519437 0.999999 -0.00123024 0.000457639 0.00122976 0.999999 0.0334873 -0.000275654 -0.114507
FixedParameters: 0 0 0

#Transform 41
Transform: AffineTransform_float_3_3
Parameters: 0.999999 -0.000924239 -0.00026918 0.00092376 0.999999 -0.000887249 0.00027082 0.00088775 0.999999 0.0345116 0.0113452 -0.0724405
FixedParameters: 0 0 0

#Transform 42
Transform: AffineTransform_float_3_3
Parameters: 1 -0.000419027 -3.87058e-05 0.000419972 0.999999 -0.000702016 3.92948e-05 0.000701983 1 0.0396531 0.00630497 -0.0546432
FixedParameters: 0 0 0

#Transform 43
Transform: AffineTransform_float_3_3
Parameters: 1 -0.000421212 -0.000175492 0.000420787 0.999999 -0.00120707 0.000176508 0.00120693 1 0.0454795 0.030273 -0.0439486
FixedParameters: 0 0 0

#Transform 44
Transform: AffineTransform_float_3_3
Parameters: 1 -2.31561e-05 -0.000175979 2.28439e-05 0.999999 -0.000887003 0.00017602 0.000886995 0.999999 0.0609433 0.00510253 -0.0669309
FixedParameters: 0 0 0

#Transform 45
Transform: AffineTransform_float_3_3
Parameters: 1 -0.00023546 0.000608209 0.000236539 0.999999 -0.000886856 -0.000607791 0.000887143 1 0.0410714 0.0151048 -0.0878947
FixedParameters: 0 0 0

#Transform 46
Transform: AffineTransform_float_3_3
Parameters: 1 -0.000385678 0.00049725 0.000386322 0.999999 -0.000647808 -0.000496749 0.000648191 0.999999 0.0456456 0.0178958 -0.0653436
FixedParameters: 0 0 0

#Transform 47
Transform: AffineTransform_float_3_3
Parameters: 0.999999 -0.000729909 0.000351187 0.00073009 0.999999 -0.000256744 -0.000350812 0.000257256 1 0.0535528 -0.0218993 -0.0263038
FixedParameters: 0 0 0

#Transform 48
Transform: AffineTransform_float_3_3
Parameters: 0.999999 -0.00093971 0.000384709 0.00093929 1 -0.000754639 -0.00038429 0.000755361 0.999999 0.0666038 0.0432954 0.00322825
FixedParameters: 0 0 0

#Transform 49
Transform: AffineTransform_float_3_3
Parameters: 1 0.000357123 0.000457904 -0.000356877 1 -0.000269163 -0.000458096 0.000268836 1 0.0367368 0.0426939 0.0190859
FixedParameters: 0 0 0

#Transform 50
Transform: AffineTransform_float_3_3
Parameters: 1 -0.000563604 -0.000300871 0.000563395 0.999998 -0.00200417 0.00030213 0.00200383 0.999998 0.0471571 0.0379856 0.00457228
FixedParameters: 0 0 0

#Transform 51
Transform: AffineTransform_float_3_3
Parameters: 0.999999 -0.00112207 -0.000656179 0.00112093 0.999998 -0.00162474 0.000657822 0.00162426 0.999999 0.0615867 0.0145637 -0.00652705
FixedParameters: 0 0 0

#Transform 52
Transform: AffineTransform_float_3_3
Parameters: 0.999999 -0.00065449 -0.000300937 0.00065351 0.999999 -0.0016242 0.000302061 0.0016238 0.999998 0.0677405 0.0340902 -0.0342395
FixedParameters: 0 0 0

#Transform 53
Transform: AffineTransform_float_3_3
Parameters: 1 -0.000653686 0.000171204 0.000653314 0.999998 -0.00184089 -0.000169798 0.00184111 0.999999 0.0732113 0.00534791 -0.0703251
FixedParameters: 0 0 0

#Transform 54
Transform: AffineTransform_float_3_3
Parameters: 1 -0.000654136 -7.27867e-05 0.000653863 0.999998 -0.00185505 7.4213e-05 0.00185495 0.999999 0.0813821 0.00278745 -0.0458721
FixedParameters: 0 0 0

#Transform 55
Transform: AffineTransform_float_3_3
Parameters: 0.999999 -0.00124577 -0.000343207 0.00124523 0.999996 -0.00224343 0.000345795 0.00224357 0.999998 0.0946819 0.0321579 -0.00242997
FixedParameters: 0 0 0

#Transform 56
Transform: AffineTransform_float_3_3
Parameters: 0.999999 -0.0017802 -0.000487639 0.0017798 0.999996 -0.00245087 0.000492363 0.00245013 0.999997 0.0896153 0.0168986 -0.0225051
FixedParameters: 0 0 0

#Transform 57
Transform: AffineTransform_float_3_3
Parameters: 0.999998 -0.00178266 -0.00106691 0.00177934 0.999992 -0.0034209 0.00107309 0.00341909 0.999993 0.0835067 0.0603634 -0.0165164
FixedParameters: 0 0 0

#Transform 58
Transform: AffineTransform_float_3_3
Parameters: 0.999999 -0.000818443 -0.000911814 0.000815557 0.999996 -0.00267575 0.000914186 0.00267525 0.999996 0.067507 0.0229576 -0.0438449
FixedParameters: 0 0 0

#Transform 59
Transform: AffineTransform_float_3_3
Parameters: 0.999998 -0.00149814 -0.00077688 0.00149586 0.999995 -0.00275217 0.000780118 0.00275084 0.999996 0.0813779 0.0471157 -0.034367
FixedParameters: 0 0 0

#Transform 60
Transform: AffineTransform_float_3_3
Parameters: 0.999999 -0.00125801 -0.000331205 0.00125699 0.999994 -0.00301842 0.000334796 0.00301858 0.999996 0.0805076 0.0415824 -0.0516995
FixedParameters: 0 0 0

#Transform 61
Transform: AffineTransform_float_3_3
Parameters: 0.999999 -0.00150169 0.000108382 0.00150231 0.999994 -0.00291784 -0.000104617 0.00291816 0.999995 0.0747356 0.0107883 -0.103338
FixedParameters: 0 0 0

#Transform 62
Transform: AffineTransform_float_3_3
Parameters: 0.999999 -0.00128565 0.000108228 0.00128535 0.999994 -0.00328786 -0.000103774 0.00328813 0.999994 0.0878436 0.0337183 -0.0762023
FixedParameters: 0 0 0

#Transform 63
Transform: AffineTransform_float_3_3
Parameters: 0.999999 -0.0011325 0.000560034 0.00113449 0.999996 -0.00267637 -0.000556965 0.00267763 0.999997 0.0794094 0.000541887 -0.0759624
FixedParameters: 0 0 0

#Transform 64
Transform: AffineTransform_float_3_3
Parameters: 0.999999 -0.00113575 -0.000487945 0.00113425 0.999993 -0.00357355 0.000492057 0.00357344 0.999993 0.0573338 0.0672815 0.0467677
FixedParameters: 0 0 0

#Transform 65
Transform: AffineTransform_float_3_3
Parameters: 0.999999 -0.00122824 -6.45247e-05 0.00122775 0.999992 -0.00364408 6.94744e-05 0.00364392 0.999994 0.0615471 0.0401694 -0.0108015
FixedParameters: 0 0 0

#Transform 66
Transform: AffineTransform_float_3_3
Parameters: 0.999997 -0.0021927 -0.000484342 0.00219129 0.999991 -0.00349407 0.000491658 0.00349293 0.999994 0.0545677 0.0413526 -0.0595392
FixedParameters: 0 0 0

#Transform 67
Transform: AffineTransform_float_3_3
Parameters: 0.999995 -0.00307905 -0.000540461 0.00307696 0.999988 -0.00374968 0.000551537 0.00374732 0.999993 0.067568 0.0581806 -0.0780555
FixedParameters: 0 0 0

#Transform 68
Transform: AffineTransform_float_3_3
Parameters: 0.999996 -0.00250022 -0.000827335 0.00249678 0.99999 -0.00386908 0.000837663 0.00386692 0.999992 0.0572679 0.0324098 -0.0965471
FixedParameters: 0 0 0

#Transform 69
Transform: AffineTransform_float_3_3
Parameters: 0.999998 -0.0018598 -0.000485142 0.0018582 0.999992 -0.00368991 0.000491859 0.00368909 0.999993 0.0607364 0.0432056 -0.102091
FixedParameters: 0 0 0

#Transform 70
Transform: AffineTransform_float_3_3
Parameters: 0.999999 -0.00139163 0.000660888 0.00139337 0.999997 -0.00207408 -0.000658111 0.00207492 0.999997 0.0500079 0.0239119 -0.0856677
FixedParameters: 0 0 0

#Transform 71
Transform: AffineTransform_float_3_3
Parameters: 0.999998 -0.0020269 5.37721e-05 0.0020271 0.999996 -0.0018609 -5.02276e-05 0.00186111 0.999999 0.0679412 0.0097768 -0.0509938
FixedParameters: 0 0 0

#Transform 72
Transform: AffineTransform_float_3_3
Parameters: 0.999998 -0.00229746 0.00025496 0.00229854 0.999995 -0.00215842 -0.00024904 0.00215858 0.999997 0.0565356 0.0475413 -0.0103075
FixedParameters: 0 0 0

#Transform 73
Transform: AffineTransform_float_3_3
Parameters: 0.999998 -0.00194939 -0.000163427 0.00194861 0.999996 -0.00234632 0.000167572 0.00234568 0.999997 0.0654131 0.00636568 -0.00517431
FixedParameters: 0 0 0

#Transform 74
Transform: AffineTransform_float_3_3
Parameters: 0.999997 -0.0021955 -0.000161254 0.00219549 0.999993 -0.00307336 0.000167747 0.00307264 0.999996 0.0592847 0.0522028 -0.0148386
FixedParameters: 0 0 0

#Transform 75
Transform: AffineTransform_float_3_3
Parameters: 0.999996 -0.0025744 -0.000161767 0.0025746 0.999994 -0.00242142 0.000167236 0.00242158 0.999997 0.0800555 0.0309117 -0.0178497
FixedParameters: 0 0 0

#Transform 76
Transform: AffineTransform_float_3_3
Parameters: 0.999999 -0.00183999 8.25407e-06 0.00184002 0.999995 -0.00231199 -4.74589e-06 0.00231201 0.999998 0.0665091 0.0395767 0.0428837
FixedParameters: 0 0 0

#Transform 77
Transform: AffineTransform_float_3_3
Parameters: 0.999998 -0.00231853 -0.000160553 0.00231848 0.999992 -0.00321238 0.00016745 0.00321262 0.999995 0.0836482 0.0729999 -0.00172751
FixedParameters: 0 0 0

#Transform 78
Transform: AffineTransform_float_3_3
Parameters: 0.999997 -0.0022202 0.000246327 0.0022208 0.999992 -0.00329946 -0.000238674 0.00329954 0.999994 0.0659551 0.0526872 -0.0837609
FixedParameters: 0 0 0

#Transform 79
Transform: AffineTransform_float_3_3
Parameters: 0.999997 -0.00231842 -0.000977267 0.00231557 0.999995 -0.00247527 0.000983732 0.00247273 0.999997 0.0592762 0.0574502 -0.0404516
FixedParameters: 0 0 0

#Transform 80
Transform: AffineTransform_float_3_3
Parameters: 0.999997 -0.00227278 -0.000858675 0.00227022 0.999992 -0.00322596 0.000866326 0.00322404 0.999995 0.0645587 0.0348168 -0.0676733
FixedParameters: 0 0 0

#Transform 81
Transform: AffineTransform_float_3_3
Parameters: 0.999997 -0.00219049 -0.0012089 0.00218551 0.999991 -0.00370365 0.0012171 0.00370035 0.999993 0.053815 0.0691876 -0.0390373
FixedParameters: 0 0 0

#Transform 82
Transform: AffineTransform_float_3_3
Parameters: 0.999996 -0.00274535 -0.00131791 0.00273965 0.999988 -0.00404363 0.00132909 0.00404037 0.999991 0.0524034 0.0778843 -0.0433194
FixedParameters: 0 0 0

#Transform 83
Transform: AffineTransform_float_3_3
Parameters: 0.999996 -0.00274557 -0.00131745 0.00274043 0.999988 -0.00421263 0.00132855 0.00420837 0.999991 0.053354 0.0417636 0.00887438
FixedParameters: 0 0 0

#Transform 84
Transform: AffineTransform_float_3_3
Parameters: 0.999994 -0.00304063 -0.00131606 0.00303537 0.999987 -0.00426202 0.00132894 0.00425798 0.99999 0.0558294 0.0633509 0.0688986
FixedParameters: 0 0 0

#Transform 85
Transform: AffineTransform_float_3_3
Parameters: 0.999995 -0.00283275 -0.00175157 0.00283025 0.999995 -0.00156897 0.00175644 0.00156403 0.999997 0.0780363 0.0488848 0.121635
FixedParameters: 0 0 0

#Transform 86
Transform: AffineTransform_float_3_3
Parameters: 0.999996 -0.00266994 -0.00111976 0.00266906 0.999996 -0.000840992 0.00112224 0.000838007 0.999999 0.0761267 0.0297964 0.0664233
FixedParameters: 0 0 0

#Transform 87
Transform: AffineTransform_float_3_3
Parameters: 0.999996 -0.00264311 -0.000781274 0.0026419 0.999996 -0.00141107 0.000784726 0.00140893 0.999998 0.0818485 0.0489925 0.0584074
FixedParameters: 0 0 0

#Transform 88
Transform: AffineTransform_float_3_3
Parameters: 0.999997 -0.00264253 -0.000435791 0.00264247 0.999996 -0.00121516 0.00043921 0.00121384 0.999999 0.103657 0.0628521 0.0358674
FixedParameters: 0 0 0

#Transform 89
Transform: AffineTransform_float_3_3
Parameters: 0.999998 -0.00218445 -0.000285564 0.00218455 0.999997 -0.00157363 0.000288438 0.00157337 0.999998 0.100113 0.0611511 0.0321226
FixedParameters: 0 0 0

#Transform 90
Transform: AffineTransform_float_3_3
Parameters: 0.999998 -0.00204267 -0.000284229 0.00204233 0.999995 -0.00233659 0.000288771 0.00233542 0.999997 0.0819937 0.0814016 0.0355234
FixedParameters: 0 0 0

#Transform 91
Transform: AffineTransform_float_3_3
Parameters: 0.999999 -0.00126741 -0.00088556 0.00126459 0.999995 -0.00271712 0.000888438 0.00271588 0.999996 0.0919525 0.0539233 0.0431404
FixedParameters: 0 0 0

#Transform 92
Transform: AffineTransform_float_3_3
Parameters: 0.999999 -0.00167989 -0.000385162 0.00167811 0.999996 -0.00228565 0.000389837 0.00228535 0.999998 0.0970987 0.0894432 0.0997383
FixedParameters: 0 0 0

#Transform 93
Transform: AffineTransform_float_3_3
Parameters: 0.999999 -0.0016798 -0.000441967 0.0016782 0.999997 -0.00180674 0.000445033 0.00180626 0.999999 0.102465 0.0668402 0.0738429
FixedParameters: 0 0 0

#Transform 94
Transform: AffineTransform_float_3_3
Parameters: 0.999999 -0.00151046 -0.000387193 0.00151053 0.999998 -0.00119659 0.000389808 0.00119641 0.999999 0.108571 0.0482979 0.0544175
FixedParameters: 0 0 0

#Transform 95
Transform: AffineTransform_float_3_3
Parameters: 0.999999 -0.000220065 -0.00150255 0.000216935 0.999998 -0.00204033 0.00150245 0.00203967 0.999997 0.0728231 0.0655864 0.0346127
FixedParameters: 0 0 0

#Transform 96
Transform: AffineTransform_float_3_3
Parameters: 0.999996 -0.00128582 -0.00222264 0.00128017 0.999995 -0.00261985 0.00222636 0.00261715 0.999994 0.0156963 0.0619451 0.179353
FixedParameters: 0 0 0

#Transform 97
Transform: AffineTransform_float_3_3
Parameters: 0.999997 -0.00104164 -0.00195353 0.00103735 0.999996 -0.00237703 0.00195647 0.00237497 0.999996 0.0292267 0.0702167 0.221246
FixedParameters: 0 0 0

#Transform 98
Transform: AffineTransform_float_3_3
Parameters: 0.999998 -0.00119767 -0.00150008 0.00119433 0.999997 -0.0024458 0.00150292 0.0024442 0.999996 0.0201678 0.0436606 0.184754
FixedParameters: 0 0 0

#Transform 99
Transform: AffineTransform_float_3_3
Parameters: 0.999998 -0.00128098 -0.00149875 0.00127602 0.999993 -0.00332192 0.00150225 0.00331908 0.999994 0.0398126 0.0956613 0.166398
FixedParameters: 0 0 0

#Transform 100
Transform: AffineTransform_float_3_3
Parameters: 0.999998 -0.00119835 -0.00149953 0.00119465 0.999995 -0.0028978 0.00150247 0.0028962 0.999994 0.0367423 0.0630752 0.147101
FixedParameters: 0 0 0

#Transform 101
Transform: AffineTransform_float_3_3
Parameters: 0.999997 -0.00160924 -0.00149739 0.00160376 0.999992 -0.00349341 0.00150261 0.00349159 0.999993 0.0444595 0.0844473 0.121139
FixedParameters: 0 0 0

#Transform 102
Transform: AffineTransform_float_3_3
Parameters: 0.999998 -0.00160723 -0.000993802 0.00160377 0.999994 -0.0032386 0.000999199 0.0032374 0.999995 0.0496811 0.0572007 0.0907318
FixedParameters: 0 0 0

#Transform 103
Transform: AffineTransform_float_3_3
Parameters: 0.999998 -0.00202942 -0.00039985 0.00202858 0.999991 -0.00352482 0.000407152 0.00352418 0.999993 0.0244374 0.0882576 0.123232
FixedParameters: 0 0 0

#Transform 104
Transform: AffineTransform_float_3_3
Parameters: 0.999998 -0.00189881 -0.000578095 0.00189719 0.999994 -0.0031121 0.000583906 0.0031109 0.999995 0.0313811 0.0534663 0.135919
FixedParameters: 0 0 0

#Transform 105
Transform: AffineTransform_float_3_3
Parameters: 0.999996 -0.00203153 -0.00160554 0.00202847 0.999996 -0.00219827 0.00161046 0.00219574 0.999997 0.0370858 0.0658275 0.191924
FixedParameters: 0 0 0

#Transform 106
Transform: AffineTransform_float_3_3
Parameters: 0.999998 -0.00157057 -0.000637134 0.00156843 0.999995 -0.002463 0.000640864 0.002462 0.999997 0.0240459 0.0495255 0.12964
FixedParameters: 0 0 0

#Transform 107
Transform: AffineTransform_float_3_3
Parameters: 0.999998 -0.00176013 -0.00063514 0.00175787 0.999993 -0.00333212 0.00064086 0.00333088 0.999994 0.0426982 0.0717753 0.0844356
FixedParameters: 0 0 0

#Transform 108
Transform: AffineTransform_float_3_3
Parameters: 0.999999 -0.00177424 -7.56243e-05 0.00177376 0.999994 -0.00303014 8.13748e-05 0.00302986 0.999996 0.0517362 0.0350174 0.0796096
FixedParameters: 0 0 0

#Transform 109
Transform: AffineTransform_float_3_3
Parameters: 0.999999 -0.00138455 0.000436614 0.00138544 0.999993 -0.0033304 -0.000431389 0.0033306 0.999995 0.0566046 0.0348817 0.0749529
FixedParameters: 0 0 0

#Transform 110
Transform: AffineTransform_float_3_3
Parameters: 0.999998 -0.00160738 0.000187355 0.00160861 0.999993 -0.0033307 -0.000181644 0.0033303 0.999995 0.0620323 0.0533803 0.112005
FixedParameters: 0 0 0

#Transform 111
Transform: AffineTransform_float_3_3
Parameters: 0.999999 -0.00128229 -8.57291e-05 0.00128171 0.999993 -0.00333111 9.02698e-05 0.00333089 0.999995 0.0748359 0.033711 0.10714
FixedParameters: 0 0 0

#Transform 112
Transform: AffineTransform_float_3_3
Parameters: 0.999999 -0.00137195 -0.000256982 0.00137105 0.999993 -0.00365936 0.000262018 0.00365865 0.999994 0.0693122 0.0879347 0.130345
FixedParameters: 0 0 0

#Transform 113
Transform: AffineTransform_float_3_3
Parameters: 0.999999 -0.00143413 -3.59965e-05 0.00143387 0.999993 -0.00348905 4.1003e-05 0.00348894 0.999994 0.0814089 0.0393806 0.132053
FixedParameters: 0 0 0

#Transform 114
Transform: AffineTransform_float_3_3
Parameters: 0.999999 -0.00143443 -0.000134473 0.00143357 0.999994 -0.0031562 0.000139525 0.0031558 0.999995 0.0673141 0.0796447 0.114868
FixedParameters: 0 0 0

#Transform 115
Transform: AffineTransform_float_3_3
Parameters: 0.999999 -0.00143435 -0.000135341 0.00143365 0.999995 -0.0025512 0.000138659 0.0025518 0.999996 0.0882999 0.0348776 0.0819084
FixedParameters: 0 0 0

#Transform 116
Transform: AffineTransform_float_3_3
Parameters: 0.999999 -0.00106311 -0.000801204 0.00106089 0.999996 -0.00263285 0.000803796 0.00263215 0.999996 0.0590476 0.0295486 0.125839
FixedParameters: 0 0 0

#Transform 117
Transform: AffineTransform_float_3_3
Parameters: 0.999998 -0.00151454 -0.000679365 0.00151146 0.999992 -0.00372403 0.000684632 0.00372297 0.999993 0.051879 0.0492778 0.0920381
FixedParameters: 0 0 0

#Transform 118
Transform: AffineTransform_float_3_3
Parameters: 0.999998 -0.00185536 -0.00060076 0.00185264 0.99999 -0.00390512 0.000607238 0.00390388 0.999992 0.0576277 0.0807688 0.0756973
FixedParameters: 0 0 0

#Transform 119
Transform: AffineTransform_float_3_3
Parameters: 0.999998 -0.00185538 -0.000609799 0.00185262 0.99999 -0.00388414 0.000617201 0.00388386 0.999993 0.0578729 0.0787878 0.060783
FixedParameters: 0 0 0

#Transform 120
Transform: AffineTransform_float_3_3
Parameters: 0.999998 -0.00163297 -0.000261012 0.00163203 0.999992 -0.00366843 0.000266988 0.00366757 0.999993 0.0548548 0.0352768 0.0410612
FixedParameters: 0 0 0

#Transform 121
Transform: AffineTransform_float_3_3
Parameters: 0.999999 -0.00115762 -0.000680562 0.00115438 0.999992 -0.00383879 0.000685437 0.00383821 0.999993 0.0743757 0.0384121 0.0614091
FixedParameters: 0 0 0

#Transform 122
Transform: AffineTransform_float_3_3
Parameters: 0.999999 -0.000545776 -0.000529174 0.000544221 0.999994 -0.00335129 0.000531827 0.00335071 0.999994 0.0823086 0.0692366 0.12261
FixedParameters: 0 0 0

#Transform 123
Transform: AffineTransform_float_3_3
Parameters: 0.999999 -0.00115719 -0.000681292 0.00115481 0.999994 -0.00320779 0.000684706 0.00320621 0.999994 0.0968713 0.0746971 0.0987002
FixedParameters: 0 0 0

#Transform 124
Transform: AffineTransform_float_3_3
Parameters: 1 -0.000920746 -0.000617405 0.000919256 0.999995 -0.00282157 0.000619596 0.00282143 0.999996 0.0860101 0.0443745 0.150259
FixedParameters: 0 0 0

#Transform 125
Transform: AffineTransform_float_3_3
Parameters: 1 -0.000161108 -0.00068474 0.000159891 0.999998 -0.00161811 0.00068526 0.00161789 0.999999 0.107757 0.0246784 0.214194
FixedParameters: 0 0 0

#Transform 126
Transform: AffineTransform_float_3_3
Parameters: 0.999999 -0.000647552 -0.000684479 0.000647449 1 -0.000805444 0.000684522 0.000805558 1 0.0971148 0.0448373 0.266896
FixedParameters: 0 0 0

#Transform 127
Transform: AffineTransform_float_3_3
Parameters: 0.999998 0.000756243 -0.00221888 -0.000749758 0.999996 0.00281267 0.00222112 -0.00281133 0.999993 0.110026 -0.0412188 0.250744
FixedParameters: 0 0 0

#Transform 128
Transform: AffineTransform_float_3_3
Parameters: 0.999996 -0.000664942 -0.00266602 0.000665056 1 2.0227e-05 0.00266599 -2.27728e-05 0.999997 0.101397 0.0489446 0.273831
FixedParameters: 0 0 0

#Transform 129
Transform: AffineTransform_float_3_3
Parameters: 0.999997 -0.00121212 -0.00239843 0.00120888 0.999999 -0.00130291 0.00240058 0.0013001 0.999997 0.0783401 0.0655258 0.219399
FixedParameters: 0 0 0

#Transform 130
Transform: AffineTransform_float_3_3
Parameters: 0.999997 -0.00127092 -0.00176891 0.00126808 0.999998 -0.00165025 0.00177109 0.00164875 0.999997 0.0384652 0.0758907 0.142121
FixedParameters: 0 0 0

#Transform 131
Transform: AffineTransform_float_3_3
Parameters: 0.999999 -0.000312501 -0.00151649 0.000310501 0.999998 -0.00164847 0.00151651 0.00164853 0.999998 0.0796801 0.0582214 0.132665
FixedParameters: 0 0 0

#Transform 132
Transform: AffineTransform_float_3_3
Parameters: 0.999998 0.000107485 -0.00187532 -0.000113517 0.999995 -0.00294079 0.00187567 0.00294121 0.999994 0.0695963 0.0739101 0.109011
FixedParameters: 0 0 0

#Transform 133
Transform: AffineTransform_float_3_3
Parameters: 0.999996 -0.000478304 -0.00278475 0.0004707 0.999997 -0.00262232 0.00278524 0.00262168 0.999992 0.0625788 0.0468695 0.159904
FixedParameters: 0 0 0

#Transform 134
Transform: AffineTransform_float_3_3
Parameters: 0.999996 -0.000758917 -0.00271563 0.000754083 0.999998 -0.00181105 0.00271737 0.00180894 0.999994 0.101968 0.0507501 0.204868
FixedParameters: 0 0 0

#Transform 135
Transform: AffineTransform_float_3_3
Parameters: 0.999997 0.000959562 -0.00196927 -0.000955436 0.999998 0.00180889 0.00197173 -0.00180711 0.999997 0.0585997 0.0223537 0.269594
FixedParameters: 0 0 0

#Transform 136
Transform: AffineTransform_float_3_3
Parameters: 0.999998 0.000732025 -0.00211596 -0.000728974 0.999998 0.00143055 0.00211704 -0.00142845 0.999996 0.0771545 -0.0120699 0.334541
FixedParameters: 0 0 0

#Transform 137
Transform: AffineTransform_float_3_3
Parameters: 0.999998 0.000387665 -0.00167208 -0.000388335 1 -0.000200351 0.00167192 0.000200648 0.999998 0.0714838 0.0119623 0.247693
FixedParameters: 0 0 0

#Transform 138
Transform: AffineTransform_float_3_3
Parameters: 0.999998 0.00010748 -0.00211713 -0.000109521 1 -0.00119077 0.00211687 0.00119023 0.999997 0.0715024 0.0173402 0.187294
FixedParameters: 0 0 0

#Transform 139
Transform: AffineTransform_float_3_3
Parameters: 0.999998 -0.000705428 -0.00211586 0.000702572 0.999999 -0.00162049 0.00211714 0.00161851 0.999997 0.0935944 0.0651468 0.229987
FixedParameters: 0 0 0

#Transform 140
Transform: AffineTransform_float_3_3
Parameters: 0.999998 -0.000518903 -0.0016454 0.000517097 0.999999 -0.00115685 0.0016456 0.00115615 0.999998 0.0827816 0.0414748 0.18949
FixedParameters: 0 0 0

#Transform 141
Transform: AffineTransform_float_3_3
Parameters: 0.999997 -0.000943666 -0.0021514 0.000940336 0.999998 -0.00170403 0.00215261 0.00170197 0.999996 0.0542405 0.059266 0.135397
FixedParameters: 0 0 0

#Transform 142
Transform: AffineTransform_float_3_3
Parameters: 0.999997 -0.000953343 -0.00215108 0.000948658 0.999998 -0.00201905 0.00215292 0.00201695 0.999995 0.0546746 0.0664771 0.131247
FixedParameters: 0 0 0

#Transform 143
Transform: AffineTransform_float_3_3
Parameters: 0.999997 -0.00113853 -0.00215061 0.00113448 0.999997 -0.00210445 0.00215239 0.00210256 0.999996 0.0495657 0.0389053 0.0986674
FixedParameters: 0 0 0

#Transform 144
Transform: AffineTransform_float_3_3
Parameters: 0.999997 -0.00123232 -0.00177601 0.00122768 0.999997 -0.00243419 0.00177899 0.00243182 0.999996 0.0559228 0.102576 0.12542
FixedParameters: 0 0 0

#Transform 145
Transform: AffineTransform_float_3_3
Parameters: 0.999998 -0.000677328 -0.00158258 0.000674672 0.999997 -0.00210307 0.00158342 0.00210193 0.999996 0.0441351 0.0499869 0.110248
FixedParameters: 0 0 0

#Transform 146
Transform: AffineTransform_float_3_3
Parameters: 0.999999 -0.000753838 -0.00164079 0.000749162 0.999996 -0.00294724 0.00164322 0.00294577 0.999995 0.0466562 0.07467 0.0941747
FixedParameters: 0 0 0

#Transform 147
Transform: AffineTransform_float_3_3
Parameters: 0.999997 -0.000577959 -0.00236279 0.000573042 0.999997 -0.00209836 0.00236421 0.00209764 0.999995 0.0378268 0.0487159 0.0561285
FixedParameters: 0 0 0

#Transform 148
Transform: AffineTransform_float_3_3
Parameters: 0.999997 -0.000969204 -0.00214666 0.000963795 0.999996 -0.00242407 0.00214934 0.00242192 0.999995 0.0448757 0.0620283 0.051622
FixedParameters: 0 0 0

#Transform 149
Transform: AffineTransform_float_3_3
Parameters: 0.999998 -0.000433534 -0.00228396 0.000427466 0.999997 -0.00242298 0.00228504 0.00242202 0.999995 0.071085 0.03544 -0.00659837
FixedParameters: 0 0 0

#Transform 150
Transform: AffineTransform_float_3_3
Parameters: 0.999997 -0.000668903 -0.00209107 0.000666094 0.999999 -0.0013894 0.00209293 0.0013876 0.999997 0.0613829 0.0576766 0.0344194
FixedParameters: 0 0 0

#Transform 151
Transform: AffineTransform_float_3_3
Parameters: 0.999998 -6.85407e-05 -0.00191098 6.74591e-05 1 -0.000283129 0.00191102 0.00028287 0.999998 0.0663868 0.0217396 0.0788809
FixedParameters: 0 0 0

#Transform 152
Transform: AffineTransform_float_3_3
Parameters: 0.999999 0.000318227 -0.00183014 -0.000318772 1 -0.000421417 0.00182987 0.000422583 0.999998 0.0594493 0.0620358 0.0803726
FixedParameters: 0 0 0

#Transform 153
Transform: AffineTransform_float_3_3
Parameters: 0.999998 -0.000105711 -0.00163202 0.000106289 1 0.000176827 0.00163298 -0.000177173 0.999998 0.0602741 0.048674 0.126361
FixedParameters: 0 0 0

#Transform 154
Transform: AffineTransform_float_3_3
Parameters: 0.999998 -0.00022054 -0.00191094 0.000220459 1 -0.000283422 0.00191106 0.000282579 0.999998 0.084528 0.0595871 0.120724
FixedParameters: 0 0 0

#Transform 155
Transform: AffineTransform_float_3_3
Parameters: 0.999998 0.000315193 -0.00191113 -0.000315806 1 -0.000421397 0.00191087 0.000422603 0.999998 0.0876194 0.0462532 0.143506
FixedParameters: 0 0 0

#Transform 156
Transform: AffineTransform_float_3_3
Parameters: 0.999998 0.000100193 -0.00191104 -0.000100806 1 -0.000421808 0.00191096 0.000422192 0.999998 0.0903007 0.0496519 0.151668
FixedParameters: 0 0 0

#Transform 157
Transform: AffineTransform_float_3_3
Parameters: 0.999998 -0.000119227 -0.00161398 0.000118774 1 -0.000140192 0.00161402 0.000140808 0.999998 0.105894 0.00220118 0.139753
FixedParameters: 0 0 0

#Transform 158
Transform: AffineTransform_float_3_3
Parameters: 0.999998 -0.000151678 -0.00160394 0.000150323 1 -0.000422241 0.00160406 0.000422757 0.999998 0.106114 0.0330314 0.129556
FixedParameters: 0 0 0

#Transform 159
Transform: AffineTransform_float_3_3
Parameters: 0.999999 -0.000411035 -0.00129267 0.000409966 0.999999 -0.00080053 0.00129233 0.000800469 0.999999 0.102347 0.0167045 0.109847
FixedParameters: 0 0 0

#Transform 160
Transform: AffineTransform_float_3_3
Parameters: 0.999997 -0.00146615 -0.00170418 0.00147085 0.999995 0.0028475 0.00169981 -0.0028505 0.999994 0.104369 0.00893407 0.257488
FixedParameters: 0 0 0

#Transform 161
Transform: AffineTransform_float_3_3
Parameters: 0.999997 -0.00173239 -0.00172066 0.00173861 0.999993 0.00326102 0.00171534 -0.00326498 0.999993 0.100292 -0.0102176 0.297425
FixedParameters: 0 0 0

#Transform 162
Transform: AffineTransform_float_3_3
Parameters: 0.999998 -0.00124834 -0.00170841 0.00125266 0.999996 0.00272987 0.00170558 -0.00273214 0.999995 0.111244 -0.0165994 0.265183
FixedParameters: 0 0 0

#Transform 163
Transform: AffineTransform_float_3_3
Parameters: 0.999997 -0.00165249 -0.00168247 0.00165551 0.999997 0.00149022 0.00167953 -0.00149278 0.999998 0.127712 -0.00880251 0.159704
FixedParameters: 0 0 0

#Transform 164
Transform: AffineTransform_float_3_3
Parameters: 0.999999 -0.000952767 -0.0011132 0.000953234 1 0.000208939 0.0011128 -0.000210061 1 0.0897848 0.0198212 0.112783
FixedParameters: 0 0 0

#Transform 165
Transform: AffineTransform_float_3_3
Parameters: 0.999999 -0.000953406 -0.00148074 0.000952596 1 -0.000274411 0.00148026 0.000272589 0.999999 0.113985 0.00678113 0.113894
FixedParameters: 0 0 0

#Transform 166
Transform: AffineTransform_float_3_3
Parameters: 0.999999 -0.000954141 -0.00148027 0.00095286 0.999999 -0.000771412 0.00148073 0.000769588 0.999998 0.097749 0.0232186 0.114771
FixedParameters: 0 0 0

#Transform 167
Transform: AffineTransform_float_3_3
Parameters: 0.999999 -0.000953475 -0.000775417 0.000953526 1 -0.00061174 0.000776583 0.00061126 0.999999 0.0975447 0.0336032 0.120041
FixedParameters: 0 0 0

#Transform 168
Transform: AffineTransform_float_3_3
Parameters: 0.999999 -0.000602543 -0.000775578 0.000602456 0.999999 -0.000700468 0.000776422 0.000700533 1 0.123624 0.021607 0.129764
FixedParameters: 0 0 0

#Transform 169
Transform: AffineTransform_float_3_3
Parameters: 1 -0.000954021 -0.000617426 0.000952979 0.999998 -0.00165159 0.000619574 0.00165041 0.999999 0.103095 0.0626501 0.181989
FixedParameters: 0 0 0

#Transform 170
Transform: AffineTransform_float_3_3
Parameters: 0.999999 -0.000953539 -0.000348527 0.000953459 0.999999 -0.00154533 0.000350473 0.00154467 0.999998 0.118336 0.0145356 0.0977083
FixedParameters: 0 0 0

#Transform 171
Transform: AffineTransform_float_3_3
Parameters: 1 -0.000798297 -0.000774666 0.000796703 0.999999 -0.00167362 0.000776334 0.00167238 0.999999 0.14443 0.0444505 0.0967847
FixedParameters: 0 0 0

#Transform 172
Transform: AffineTransform_float_3_3
Parameters: 0.999999 -0.000723683 -0.00105285 0.000722317 0.999999 -0.00159776 0.00105416 0.00159724 0.999998 0.131781 0.0238473 0.0397027
FixedParameters: 0 0 0

#Transform 173
Transform: AffineTransform_float_3_3
Parameters: 0.999999 -0.000553744 -0.00114216 0.000552256 0.999998 -0.00152663 0.00114284 0.00152637 0.999998 0.146424 0.0480726 0.0600322
FixedParameters: 0 0 0

#Transform 174
Transform: AffineTransform_float_3_3
Parameters: 0.999999 -0.000554378 -0.00135703 0.000552623 0.999999 -0.00175175 0.00135797 0.00175125 0.999997 0.136611 0.0344828 0.0572987
FixedParameters: 0 0 0

#Transform 175
Transform: AffineTransform_float_3_3
Parameters: 0.999999 -0.000554343 -0.00123595 0.000552658 0.999998 -0.00189469 0.00123705 0.00189432 0.999998 0.143151 0.0467556 0.0614983
FixedParameters: 0 0 0

#Transform 176
Transform: AffineTransform_float_3_3
Parameters: 0.999999 -0.000396856 -0.00123673 0.000396145 0.999999 -0.00069149 0.00123727 0.000691509 0.999999 0.119675 0.0408745 0.115663
FixedParameters: 0 0 0

#Transform 177
Transform: AffineTransform_float_3_3
Parameters: 0.999999 -0.000493319 -0.00123647 0.000492681 1 -0.00106661 0.00123753 0.00106639 0.999998 0.127573 0.0281443 0.0870469
FixedParameters: 0 0 0

#Transform 178
Transform: AffineTransform_float_3_3
Parameters: 0.999999 -0.000983962 -0.00123544 0.000982036 0.999999 -0.00158822 0.00123756 0.00158678 0.999998 0.123907 0.0454664 0.0813504
FixedParameters: 0 0 0

#Transform 179
Transform: AffineTransform_float_3_3
Parameters: 1 -0.0003354 -0.00100253 0.000334602 0.999999 -0.00139534 0.00100247 0.00139566 0.999998 0.113419 0.0161318 0.0499477
FixedParameters: 0 0 0
