#Insight Transform File V1.0
#Transform 0
Transform: AffineTransform_float_3_3
Parameters: 0.999998 -0.000982572 -0.00126533 0.000982428 1 0.000337758 0.00126467 -0.000339243 0.999999 -0.00774787 0.0071684 0.114978
FixedParameters: 0 0 0

#Transform 1
Transform: AffineTransform_float_3_3
Parameters: 0.999999 -0.000952569 -0.00122334 0.000953433 1 0.000352834 0.00122366 -0.000353166 0.999999 -0.0109918 -0.00299526 0.0830142
FixedParameters: 0 0 0

#Transform 2
Transform: AffineTransform_float_3_3
Parameters: 0.999999 -0.000952811 -0.00108917 0.000953188 0.999999 0.000172962 0.00108883 -0.000174038 1 -0.0503117 -0.0495201 0.0514891
FixedParameters: 0 0 0

#Transform 3
Transform: AffineTransform_float_3_3
Parameters: 0.999999 -0.000952349 -0.00152141 0.000952654 1 0.000428551 0.00152059 -0.000429449 0.999999 -0.0428849 0.00401118 0.123374
FixedParameters: 0 0 0

#Transform 4
Transform: AffineTransform_float_3_3
Parameters: 0.999999 -0.000662959 -0.00140849 0.000664042 1 0.000739066 0.00140851 -0.000739935 0.999998 -0.02125 0.0232783 0.000891468
FixedParameters: 0 0 0

#Transform 5
Transform: AffineTransform_float_3_3
Parameters: 0.999999 -0.000404305 -0.00140049 0.000406695 0.999999 0.00121043 0.00139951 -0.00121057 0.999999 -0.0267119 0.0128178 -0.00983366
FixedParameters: 0 0 0

#Transform 6
Transform: AffineTransform_float_3_3
Parameters: 0.999999 -0.000236826 -0.00152103 0.000237173 1 0.000113639 0.00152097 -0.00011436 0.999999 -0.0374609 -0.0425192 -0.0107081
FixedParameters: 0 0 0

#Transform 7
Transform: AffineTransform_float_3_3
Parameters: 0.999999 -0.000210563 -0.000699131 0.000211437 1 0.000624852 0.000698867 -0.000625147 0.999999 -0.0171521 -0.0171612 0.0315468
FixedParameters: 0 0 0

#Transform 8
Transform: AffineTransform_float_3_3
Parameters: 0.999999 -0.000590845 -0.000628145 0.000591155 1 0.000246629 0.000627854 -0.000246371 1 -0.0184429 -0.0159149 0.00886967
FixedParameters: 0 0 0

#Transform 9
Transform: AffineTransform_float_3_3
Parameters: 1 -0.00039312 -0.000859945 0.00039288 1 -0.000139338 0.000860055 0.000139662 0.999999 -0.0361261 -0.0612871 -0.0234682
FixedParameters: 0 0 0

#Transform 10
Transform: AffineTransform_float_3_3
Parameters: 1 -0.00021102 -0.000580992 0.00021098 1 -3.51226e-05 0.000581007 3.48774e-05 1 -0.0167013 -0.0104528 -0.0460726
FixedParameters: 0 0 0

#Transform 11
Transform: AffineTransform_float_3_3
Parameters: 1 -0.000211014 -0.00031899 0.000210986 1 -4.50673e-05 0.000319009 4.49327e-05 1 -0.0160072 -0.0213511 -0.00804912
FixedParameters: 0 0 0

#Transform 12
Transform: AffineTransform_float_3_3
Parameters: 0.999999 -0.000545838 -0.00133166 0.000545161 0.999999 -0.000629726 0.00133234 0.000629273 0.999999 -0.0465009 -0.0639491 -0.0260732
FixedParameters: 0 0 0

#Transform 13
Transform: AffineTransform_float_3_3
Parameters: 0.999999 -0.000624645 -0.000598369 0.000625353 0.999999 0.000591626 0.000597629 -0.000592373 0.999999 -0.0186669 -0.0137217 0.0594642
FixedParameters: 0 0 0

#Transform 14
Transform: AffineTransform_float_3_3
Parameters: 0.999999 -0.000653877 -0.000405199 0.000654123 0.999999 0.000303735 0.000404802 -0.000303265 1 -0.00395679 0.00820382 0.010731
FixedParameters: 0 0 0

#Transform 15
Transform: AffineTransform_float_3_3
Parameters: 1 -0.000653932 -0.000222199 0.000654067 0.999999 0.000303855 0.000221802 -0.000303145 1 -0.0173837 -0.00849686 -0.00867272
FixedParameters: 0 0 0

#Transform 16
Transform: AffineTransform_float_3_3
Parameters: 0.999999 -0.00065387 -0.000429199 0.00065413 0.999999 0.000303719 0.000428802 -0.00030328 1 -0.0139046 -0.0241959 0.00338123
FixedParameters: 0 0 0

#Transform 17
Transform: AffineTransform_float_3_3
Parameters: 0.999999 -0.00065394 0.00043409 0.000654059 1 -0.000137716 -0.000433909 0.000138284 1 0.0148498 -0.0256035 -0.0549613
FixedParameters: 0 0 0

#Transform 18
Transform: AffineTransform_float_3_3
Parameters: 1 -5.00886e-05 -0.000207979 4.99114e-05 1 -0.00042601 0.000208021 0.00042599 1 0.00924817 -0.0254377 -0.0729171
FixedParameters: 0 0 0

#Transform 19
Transform: AffineTransform_float_3_3
Parameters: 1 -1.60138e-05 -9.99978e-05 1.59862e-05 1 -0.000138002 0.000100002 0.000137998 1 -0.00261796 -0.0131403 -0.0003661
FixedParameters: 0 0 0

#Transform 20
Transform: AffineTransform_float_3_3
Parameters: 1 -0.000109024 -0.000174985 0.000108976 1 -0.000138019 0.000175015 0.000137981 1 -0.00955501 -0.00600237 0.00347717
FixedParameters: 0 0 0

#Transform 21
Transform: AffineTransform_float_3_3
Parameters: 1 -1.59517e-05 -0.000279003 1.60483e-05 1 0.000172996 0.000278997 -0.000173004 1 -0.0226933 -0.0385431 -0.0165583
FixedParameters: 0 0 0

#Transform 22
Transform: AffineTransform_float_3_3
Parameters: 1 -1.59858e-05 -3.10073e-05 1.60142e-05 1 0.000458999 3.09926e-05 -0.000459 1 -0.0279149 -0.0464551 -0.02117
FixedParameters: 0 0 0

#Transform 23
Transform: AffineTransform_float_3_3
Parameters: 1 0.000135468 0.000310233 -0.000136532 0.999998 0.00171596 -0.000309766 -0.00171604 0.999998 -0.0213269 -0.0180781 -0.00246386
FixedParameters: 0 0 0

#Transform 24
Transform: AffineTransform_float_3_3
Parameters: 1 -1.63722e-05 0.000475987 1.66278e-05 0.999999 0.000782007 -0.000476013 -0.000781992 0.999999 -0.005678 -0.002262 0.0395911
FixedParameters: 0 0 0

#Transform 25
Transform: AffineTransform_float_3_3
Parameters: 1 -1.65042e-05 0.000422981 1.64958e-05 1 0.00119201 -0.00042302 -0.00119199 0.999999 0.0021453 0.0243772 0.0603732
FixedParameters: 0 0 0

#Transform 26
Transform: AffineTransform_float_3_3
Parameters: 1 -1.65841e-05 0.000460979 1.64159e-05 0.999999 0.00126701 -0.000461021 -0.00126699 0.999999 0.014867 0.0246038 0.0597989
FixedParameters: 0 0 0

#Transform 27
Transform: AffineTransform_float_3_3
Parameters: 0.999999 0.000709384 0.000446978 -0.000710615 0.999999 0.00137868 -0.00044602 -0.00137932 0.999999 0.0191338 0.0365418 0.0466252
FixedParameters: 0 0 0

#Transform 28
Transform: AffineTransform_float_3_3
Parameters: 1 0.000556112 -5.58906e-05 -0.000555887 0.999998 0.00199503 5.71091e-05 -0.00199497 0.999998 0.0118076 0.0199315 0.0746067
FixedParameters: 0 0 0

#Transform 29
Transform: AffineTransform_float_3_3
Parameters: 1 0.000555284 0.000417952 -0.000555716 0.999999 0.00171377 -0.000417048 -0.00171423 0.999999 0.00687573 0.00126455 0.0728073
FixedParameters: 0 0 0

#Transform 30
Transform: AffineTransform_float_3_3
Parameters: 0.999999 0.00055511 0.00050498 -0.00055589 0.999999 0.00176472 -0.00050402 -0.00176528 0.999999 -0.018182 0.0264355 0.0566604
FixedParameters: 0 0 0

#Transform 31
Transform: AffineTransform_float_3_3
Parameters: 1 0.000139256 0.000420248 -0.000139746 0.999999 0.00177194 -0.000420753 -0.00177206 0.999999 0.00421906 0.0291312 0.036775
FixedParameters: 0 0 0

#Transform 32
Transform: AffineTransform_float_3_3
Parameters: 1 0.000139491 0.000478149 -0.000140509 1 0.00106493 -0.000477851 -0.00106507 1 0.0297284 0.00371223 -0.0246436
FixedParameters: 0 0 0

#Transform 33
Transform: AffineTransform_float_3_3
Parameters: 0.999999 0.000609261 0.00042107 -0.000609738 0.999999 0.00175574 -0.00041993 -0.00175626 0.999999 0.0240564 0.0303585 -0.0388602
FixedParameters: 0 0 0

#Transform 34
Transform: AffineTransform_float_3_3
Parameters: 1 0.000875875 0.000671471 -0.000877127 0.999998 0.00167741 -0.000670529 -0.00167859 0.999999 0.015371 0.0143303 -0.00262609
FixedParameters: 0 0 0

#Transform 35
Transform: AffineTransform_float_3_3
Parameters: 0.999999 0.0012154 0.00042172 -0.0012156 0.999999 0.00141449 -0.00042028 -0.00141551 0.999999 0.0192528 -0.0248197 -0.0486378
FixedParameters: 0 0 0

#Transform 36
Transform: AffineTransform_float_3_3
Parameters: 1 0.00121592 6.36172e-05 -0.00121608 0.999999 0.00132992 -6.13826e-05 -0.00133008 0.999999 0.0148449 0.0106836 -0.0135202
FixedParameters: 0 0 0

#Transform 37
Transform: AffineTransform_float_3_3
Parameters: 1 0.000954419 -0.000361897 -0.000953581 0.999999 0.00115635 0.000363103 -0.00115565 1 0.0305828 0.026841 -0.0260296
FixedParameters: 0 0 0

#Transform 38
Transform: AffineTransform_float_3_3
Parameters: 0.999999 0.000811344 -0.000362229 -0.000810656 0.999999 0.000950295 0.00036277 -0.000949707 1 0.0299255 0.0363137 0.00680681
FixedParameters: 0 0 0

#Transform 39
Transform: AffineTransform_float_3_3
Parameters: 0.999999 0.000811275 -0.000238062 -0.000810724 0.999999 0.00115619 0.000238937 -0.00115581 1 0.0303473 0.045504 0.00517862
FixedParameters: 0 0 0

#Transform 40
Transform: AffineTransform_float_3_3
Parameters: 0.999999 0.00118147 -0.000361468 -0.00118153 0.999999 0.00129743 0.000362533 -0.00129657 0.999999 0.0477121 0.0434997 -0.0033282
FixedParameters: 0 0 0

#Transform 41
Transform: AffineTransform_float_3_3
Parameters: 0.999999 0.0013898 0.000176607 -0.0013902 0.999999 0.00115576 -0.000175393 -0.00115625 1 0.0479137 0.0343966 -0.013028
FixedParameters: 0 0 0

#Transform 42
Transform: AffineTransform_float_3_3
Parameters: 0.999999 0.00129602 -1.39886e-05 -0.00129598 0.999998 0.00155202 1.60114e-05 -0.00155198 0.999999 0.0491896 0.0436559 0.0144328
FixedParameters: 0 0 0

#Transform 43
Transform: AffineTransform_float_3_3
Parameters: 0.999999 0.00155512 -7.34947e-05 -0.00155488 0.999998 0.00161112 7.65049e-05 -0.00161088 0.999998 0.0240921 0.0769596 0.0561397
FixedParameters: 0 0 0

#Transform 44
Transform: AffineTransform_float_3_3
Parameters: 1 0.00120462 0.000201312 -0.00120438 0.999998 0.00191876 -0.00019869 -0.00191824 0.999998 0.0447769 0.0801138 0.0232622
FixedParameters: 0 0 0

#Transform 45
Transform: AffineTransform_float_3_3
Parameters: 0.999999 0.000986488 0.000231194 -0.000987511 0.999997 0.00222377 -0.000228804 -0.00222423 0.999997 0.0487225 0.0823685 0.0498929
FixedParameters: 0 0 0

#Transform 46
Transform: AffineTransform_float_3_3
Parameters: 1 0.00118797 1.92892e-05 -0.00118804 0.999998 0.00192698 -1.77107e-05 -0.00192702 0.999998 0.0488792 0.0801639 0.0246042
FixedParameters: 0 0 0

#Transform 47
Transform: AffineTransform_float_3_3
Parameters: 1 0.000808989 0.000843933 -0.000811012 0.999997 0.00238632 -0.000842067 -0.00238668 0.999997 0.0499885 0.0547023 0.0259607
FixedParameters: 0 0 0

#Transform 48
Transform: AffineTransform_float_3_3
Parameters: 0.999999 0.000628774 0.000843664 -0.000631225 0.999997 0.00264147 -0.000841335 -0.00264153 0.999996 0.0491845 0.0324362 -0.00274209
FixedParameters: 0 0 0

#Transform 49
Transform: AffineTransform_float_3_3
Parameters: 1 0.000408331 0.000309883 -0.000409669 0.999997 0.00216087 -0.000309116 -0.00216012 0.999997 0.0624146 0.0241391 -0.00317461
FixedParameters: 0 0 0

#Transform 50
Transform: AffineTransform_float_3_3
Parameters: 0.999999 0.000776337 0.00037936 -0.000776664 0.999998 0.00175071 -0.000378641 -0.0017513 0.999999 0.0482919 0.0205559 0.0115421
FixedParameters: 0 0 0

#Transform 51
Transform: AffineTransform_float_3_3
Parameters: 0.999999 0.000853135 0.000419762 -0.000853865 0.999998 0.00206464 -0.000418237 -0.00206536 0.999998 0.0655993 0.00964892 -0.0157577
FixedParameters: 0 0 0

#Transform 52
Transform: AffineTransform_float_3_3
Parameters: 0.999999 0.00128862 0.000679623 -0.00129038 0.999997 0.00203412 -0.000676376 -0.00203487 0.999997 0.0979428 0.102541 -0.0491057
FixedParameters: 0 0 0

#Transform 53
Transform: AffineTransform_float_3_3
Parameters: 0.999997 0.00177802 0.00124514 -0.00178298 0.999991 0.00400779 -0.00123786 -0.00401021 0.999991 0.174935 0.186546 -0.117352
FixedParameters: 0 0 0

#Transform 54
Transform: AffineTransform_float_3_3
Parameters: 0.999997 0.00179773 0.00129893 -0.00180227 0.999993 0.00329267 -0.00129307 -0.00329433 0.999993 0.175117 0.193752 -0.109653
FixedParameters: 0 0 0

#Transform 55
Transform: AffineTransform_float_3_3
Parameters: 0.999999 0.00149129 0.000941303 -0.00149371 0.999994 0.0028816 -0.000937699 -0.0028834 0.999996 0.153597 0.177949 -0.106693
FixedParameters: 0 0 0

#Transform 56
Transform: AffineTransform_float_3_3
Parameters: 0.999999 0.00167978 0.000457498 -0.00168122 0.999995 0.00267624 -0.000452502 -0.00267677 0.999997 0.152915 0.170358 -0.107147
FixedParameters: 0 0 0

#Transform 57
Transform: AffineTransform_float_3_3
Parameters: 0.999998 0.00156297 0.00119199 -0.00156604 0.999996 0.00255014 -0.00118801 -0.00255186 0.999996 0.137236 0.152434 -0.0993278
FixedParameters: 0 0 0

#Transform 58
Transform: AffineTransform_float_3_3
Parameters: 0.999998 0.00149265 0.000595403 -0.00149435 0.999997 0.00227811 -0.000591595 -0.00227989 0.999997 0.12937 0.170412 -0.056708
FixedParameters: 0 0 0

#Transform 59
Transform: AffineTransform_float_3_3
Parameters: 0.999998 0.00149268 0.000844338 -0.00149432 0.999997 0.00156474 -0.000841661 -0.00156626 0.999999 0.136686 0.133824 -0.0762686
FixedParameters: 0 0 0

#Transform 60
Transform: AffineTransform_float_3_3
Parameters: 0.999999 0.00149272 0.000844267 -0.00149428 0.999997 0.00151774 -0.000841732 -0.00151926 0.999998 0.151263 0.143558 -0.0761858
FixedParameters: 0 0 0

#Transform 61
Transform: AffineTransform_float_3_3
Parameters: 0.999999 0.0014927 0.000844312 -0.0014943 0.999997 0.00154674 -0.000841689 -0.00154826 0.999999 0.154415 0.133685 -0.10331
FixedParameters: 0 0 0

#Transform 62
Transform: AffineTransform_float_3_3
Parameters: 0.999998 0.00149241 0.000844806 -0.00149358 0.999997 0.00187874 -0.000842194 -0.00188026 0.999998 0.154339 0.15163 -0.106135
FixedParameters: 0 0 0

#Transform 63
Transform: AffineTransform_float_3_3
Parameters: 0.999999 0.00149239 0.000844851 -0.00149361 0.999997 0.00190874 -0.00084215 -0.00191026 0.999998 0.137542 0.15579 -0.0881551
FixedParameters: 0 0 0

#Transform 64
Transform: AffineTransform_float_3_3
Parameters: 0.999998 0.00149301 0.000843752 -0.00149399 0.999998 0.00117274 -0.000842247 -0.00117426 0.999999 0.1421 0.153463 -0.0715657
FixedParameters: 0 0 0

#Transform 65
Transform: AffineTransform_float_3_3
Parameters: 0.999998 0.00149248 0.000844694 -0.00149352 0.999998 0.00180374 -0.000842307 -0.00180426 0.999998 0.154345 0.155435 -0.0974998
FixedParameters: 0 0 0

#Transform 66
Transform: AffineTransform_float_3_3
Parameters: 0.999998 0.00149312 0.00058026 -0.00149388 0.999997 0.00151313 -0.000577738 -0.00151486 0.999998 0.144745 0.130603 -0.087247
FixedParameters: 0 0 0

#Transform 67
Transform: AffineTransform_float_3_3
Parameters: 0.999999 0.0014934 0.000515753 -0.0014936 0.999998 0.00117323 -0.000514246 -0.00117477 0.999999 0.126212 0.170887 -0.0742663
FixedParameters: 0 0 0

#Transform 68
Transform: AffineTransform_float_3_3
Parameters: 0.999998 0.00149305 0.000682079 -0.00149395 0.999998 0.00139198 -0.00067992 -0.00139302 0.999999 0.125477 0.178564 -0.067057
FixedParameters: 0 0 0

#Transform 69
Transform: AffineTransform_float_3_3
Parameters: 0.999999 0.0014935 0.000423753 -0.0014945 0.999998 0.00117337 -0.000422245 -0.00117463 0.999999 0.118386 0.191101 -0.0946488
FixedParameters: 0 0 0

#Transform 70
Transform: AffineTransform_float_3_3
Parameters: 0.999998 0.0014931 0.000609212 -0.0014939 0.999998 0.00148109 -0.000606787 -0.00148191 0.999998 0.129698 0.217918 -0.0441256
FixedParameters: 0 0 0

#Transform 71
Transform: AffineTransform_float_3_3
Parameters: 1 0.00103747 -0.000281285 -0.00103653 0.999998 0.00165329 0.000283714 -0.00165271 0.999998 0.12527 0.22133 -0.0300756
FixedParameters: 0 0 0

#Transform 72
Transform: AffineTransform_float_3_3
Parameters: 1 0.00111368 0.000231555 -0.00111332 0.999999 0.00139574 -0.000229447 -0.00139526 0.999999 0.135028 0.222955 -0.0323295
FixedParameters: 0 0 0

#Transform 73
Transform: AffineTransform_float_3_3
Parameters: 0.999999 0.00148902 -1.23064e-05 -0.00148897 0.999998 0.00180902 1.56936e-05 -0.00180898 0.999999 0.124198 0.218903 -0.0322361
FixedParameters: 0 0 0

#Transform 74
Transform: AffineTransform_float_3_3
Parameters: 0.999999 0.00131319 -0.000179607 -0.00131281 0.999998 0.00106124 0.000180393 -0.00106076 0.999999 0.122483 0.237331 0.0281894
FixedParameters: 0 0 0

#Transform 75
Transform: AffineTransform_float_3_3
Parameters: 1 0.000886764 0.000230912 -0.000887237 0.999999 0.0010278 -0.000229088 -0.0010282 1 0.119991 0.239809 0.0201909
FixedParameters: 0 0 0

#Transform 76
Transform: AffineTransform_float_3_3
Parameters: 0.999999 0.000886923 6.60413e-05 -0.000887076 0.999999 0.00117394 -6.49586e-05 -0.00117406 1 0.120866 0.240238 0.0205067
FixedParameters: 0 0 0

#Transform 77
Transform: AffineTransform_float_3_3
Parameters: 1 0.00108879 0.00023101 -0.00108921 0.999999 0.000927749 -0.000229989 -0.000928251 0.999999 0.125333 0.216064 0.0111625
FixedParameters: 0 0 0

#Transform 78
Transform: AffineTransform_float_3_3
Parameters: 0.999999 0.000886946 4.60413e-05 -0.000887053 0.999999 0.00117396 -4.49586e-05 -0.00117404 1 0.0857722 0.218024 -0.0603561
FixedParameters: 0 0 0

#Transform 79
Transform: AffineTransform_float_3_3
Parameters: 0.999999 0.000886954 -0.000180224 -0.000887045 0.999999 -0.00025284 0.000179775 0.000253159 1 0.0898192 0.219385 -0.105789
FixedParameters: 0 0 0

#Transform 80
Transform: AffineTransform_float_3_3
Parameters: 0.999999 0.000885432 -0.000881577 -0.000886568 0.999998 -0.00177922 0.000880423 0.00178078 0.999998 0.0678986 0.17548 -0.1268
FixedParameters: 0 0 0

#Transform 81
Transform: AffineTransform_float_3_3
Parameters: 0.999999 0.000886759 -0.000880242 -0.000887241 0.999999 -0.000273219 0.000879757 0.00027378 0.999999 0.0556587 0.213514 -0.107965
FixedParameters: 0 0 0

#Transform 82
Transform: AffineTransform_float_3_3
Parameters: 1 0.000886541 -0.000531766 -0.00088646 0.999999 -0.000863529 0.000531234 0.000864471 0.999999 0.0727476 0.211764 -0.107846
FixedParameters: 0 0 0

#Transform 83
Transform: AffineTransform_float_3_3
Parameters: 0.999999 0.000886668 -0.00103229 -0.000887334 1 -0.000322085 0.00103271 0.000322916 1 0.0975267 0.2498 -0.0672142
FixedParameters: 0 0 0

#Transform 84
Transform: AffineTransform_float_3_3
Parameters: 0.999999 0.000886664 -0.000934318 -0.000887335 0.999999 -0.000358171 0.000933681 0.000359828 0.999999 0.127866 0.21405 -0.00861046
FixedParameters: 0 0 0

#Transform 85
Transform: AffineTransform_float_3_3
Parameters: 0.999999 0.00106215 -0.000824807 -0.00106185 1 0.000181876 0.000825193 -0.000181124 0.999999 0.14256 0.192539 0.000770643
FixedParameters: 0 0 0

#Transform 86
Transform: AffineTransform_float_3_3
Parameters: 0.999999 0.00138629 -0.000700429 -0.00138571 0.999999 0.000411971 0.00070057 -0.000411029 0.999999 0.113981 0.209838 -0.00434072
FixedParameters: 0 0 0

#Transform 87
Transform: AffineTransform_float_3_3
Parameters: 0.999999 0.00128849 -0.000704112 -0.00128751 0.999999 0.000689908 0.000704888 -0.000689093 1 0.101797 0.21125 0.0331775
FixedParameters: 0 0 0

#Transform 88
Transform: AffineTransform_float_3_3
Parameters: 0.999998 0.00160228 -0.000385836 -0.00160272 0.999999 0.000726619 0.000386165 -0.000726382 0.999999 0.152429 0.243051 -0.113084
FixedParameters: 0 0 0

#Transform 89
Transform: AffineTransform_float_3_3
Parameters: 0.999998 0.00192986 0.000171629 -0.00193014 0.999998 0.00084367 -0.000169373 -0.000843328 0.999999 0.165111 0.276165 -0.251613
FixedParameters: 0 0 0

#Transform 90
Transform: AffineTransform_float_3_3
Parameters: 0.999998 0.00198052 -0.000518835 -0.00198148 0.999997 -0.000925974 0.000517165 0.000927026 1 0.17961 0.328945 -0.206728
FixedParameters: 0 0 0

#Transform 91
Transform: AffineTransform_float_3_3
Parameters: 0.999998 0.00187201 -0.00031296 -0.00187199 0.999998 2.15859e-05 0.000313039 -2.0414e-05 1 0.179723 0.332502 -0.156838
FixedParameters: 0 0 0

#Transform 92
Transform: AffineTransform_float_3_3
Parameters: 0.999998 0.00169938 -0.000879271 -0.00169862 0.999999 0.000429494 0.000879729 -0.000428506 0.999999 0.187486 0.367553 -0.130044
FixedParameters: 0 0 0

#Transform 93
Transform: AffineTransform_float_3_3
Parameters: 0.999999 0.0015061 -0.000224298 -0.00150589 0.999999 0.000466338 0.000224701 -0.000465662 1 0.191764 0.368946 -0.108003
FixedParameters: 0 0 0

#Transform 94
Transform: AffineTransform_float_3_3
Parameters: 0.999999 0.00164908 -0.00087985 -0.00164892 0.999998 9.14509e-05 0.000880149 -8.95487e-05 0.999999 0.169842 0.324667 -0.0470001
FixedParameters: 0 0 0

#Transform 95
Transform: AffineTransform_float_3_3
Parameters: 0.999998 0.00201498 1.57887e-05 -0.00201502 0.999997 0.00138397 -1.32112e-05 -0.00138403 0.999999 0.181101 0.344279 -0.0133678
FixedParameters: 0 0 0

#Transform 96
Transform: AffineTransform_float_3_3
Parameters: 0.999999 0.00184899 6.77134e-06 -0.00184901 0.999998 0.000957989 -5.22865e-06 -0.000958012 1 0.180453 0.349159 -0.0299944
FixedParameters: 0 0 0

#Transform 97
Transform: AffineTransform_float_3_3
Parameters: 0.999999 0.00155818 -8.88447e-05 -0.00155782 0.999996 0.00202514 9.21546e-05 -0.00202486 0.999998 0.179041 0.307422 -0.038387
FixedParameters: 0 0 0

#Transform 98
Transform: AffineTransform_float_3_3
Parameters: 0.999998 0.00165156 0.000278624 -0.00165244 0.999998 0.00158854 -0.000276374 -0.00158946 0.999998 0.180501 0.324447 -0.0174945
FixedParameters: 0 0 0

#Transform 99
Transform: AffineTransform_float_3_3
Parameters: 0.999999 0.00130917 -0.000135391 -0.00130883 0.999999 0.00122918 0.00013661 -0.00122982 0.999999 0.175414 0.325596 0.000882755
FixedParameters: 0 0 0

#Transform 100
Transform: AffineTransform_float_3_3
Parameters: 0.999999 0.00143446 -0.000288721 -0.00143454 0.999997 0.00158941 0.000291281 -0.00158958 0.999998 0.195243 0.349587 -0.0245024
FixedParameters: 0 0 0

#Transform 101
Transform: AffineTransform_float_3_3
Parameters: 0.999999 0.00157025 -0.000134112 -0.00156975 0.999997 0.00183921 0.000136888 -0.00183979 0.999999 0.196169 0.319346 -0.0363782
FixedParameters: 0 0 0

#Transform 102
Transform: AffineTransform_float_3_3
Parameters: 0.999999 0.00135875 0.000221514 -0.00135824 0.999998 0.0011137 -0.000219487 -0.0011143 1 0.196528 0.340731 -0.0513803
FixedParameters: 0 0 0

#Transform 103
Transform: AffineTransform_float_3_3
Parameters: 0.999999 0.00140257 0.000475275 -0.00140343 0.999998 0.000908334 -0.000474724 -0.000909667 1 0.139501 0.28365 -0.0388051
FixedParameters: 0 0 0

#Transform 104
Transform: AffineTransform_float_3_3
Parameters: 0.999999 0.00150106 -0.00013632 -0.00150094 0.999999 0.000453205 0.00013668 -0.000452795 1 0.174644 0.296493 -0.00941503
FixedParameters: 0 0 0

#Transform 105
Transform: AffineTransform_float_3_3
Parameters: 0.999999 0.00141712 -0.000135712 -0.00141688 0.999998 0.000909192 0.000136289 -0.000909807 0.999999 0.213186 0.31761 -0.0111893
FixedParameters: 0 0 0

#Transform 106
Transform: AffineTransform_float_3_3
Parameters: 1 0.00114017 -0.000161808 -0.00113983 0.999999 0.00104518 0.000163191 -0.00104481 0.999999 0.21508 0.298172 0.00750984
FixedParameters: 0 0 0

#Transform 107
Transform: AffineTransform_float_3_3
Parameters: 1 0.00108762 0.000227826 -0.00108838 0.999998 0.00167875 -0.000226173 -0.00167925 0.999998 0.209524 0.332891 0.0213763
FixedParameters: 0 0 0

#Transform 108
Transform: AffineTransform_float_3_3
Parameters: 0.999999 0.000886437 0.00034246 -0.000886563 0.999999 0.0016467 -0.00034154 -0.0016473 0.999998 0.232612 0.353551 -0.0404561
FixedParameters: 0 0 0

#Transform 109
Transform: AffineTransform_float_3_3
Parameters: 0.999999 0.00129175 0.000172858 -0.00129225 0.999998 0.00143778 -0.000171143 -0.00143722 0.999999 0.25045 0.349588 -0.0151413
FixedParameters: 0 0 0

#Transform 110
Transform: AffineTransform_float_3_3
Parameters: 0.999999 0.00133765 0.00024393 -0.00133835 0.999998 0.00144267 -0.000242069 -0.00144333 0.999999 0.247147 0.347885 -0.0345566
FixedParameters: 0 0 0

#Transform 111
Transform: AffineTransform_float_3_3
Parameters: 0.999999 0.00141042 0.000343377 -0.00141158 0.999997 0.00168452 -0.000341621 -0.00168548 0.999998 0.247714 0.341636 -0.0643717
FixedParameters: 0 0 0

#Transform 112
Transform: AffineTransform_float_3_3
Parameters: 0.999999 0.00175039 0.000344123 -0.00175161 0.999997 0.0017834 -0.000341877 -0.0017836 0.999999 0.266552 0.340389 -0.0891532
FixedParameters: 0 0 0

#Transform 113
Transform: AffineTransform_float_3_3
Parameters: 0.999998 0.00156424 0.000344481 -0.00156476 0.999997 0.00222447 -0.00034152 -0.00222454 0.999998 0.248283 0.354646 -0.116278
FixedParameters: 0 0 0

#Transform 114
Transform: AffineTransform_float_3_3
Parameters: 0.999999 0.00132209 -6.61663e-05 -0.00132191 0.999998 0.00138709 6.78335e-05 -0.00138691 0.999999 0.223992 0.33909 -0.103632
FixedParameters: 0 0 0

#Transform 115
Transform: AffineTransform_float_3_3
Parameters: 0.999998 0.0016621 0.000611199 -0.0016639 0.999993 0.00312599 -0.0006058 -0.00312701 0.999995 0.249396 0.373016 -0.0671696
FixedParameters: 0 0 0

#Transform 116
Transform: AffineTransform_float_3_3
Parameters: 0.999999 0.00169497 3.26966e-05 -0.00169503 0.999998 0.00100095 -3.03032e-05 -0.00100105 0.999999 0.247929 0.361999 -0.0661417
FixedParameters: 0 0 0

#Transform 117
Transform: AffineTransform_float_3_3
Parameters: 0.999999 0.00174403 0.000475572 -0.00174497 0.999997 0.00204717 -0.000472428 -0.00204783 0.999998 0.249473 0.375773 -0.0913892
FixedParameters: 0 0 0

#Transform 118
Transform: AffineTransform_float_3_3
Parameters: 0.999999 0.00139917 0.000474439 -0.00139982 0.999997 0.00174234 -0.00047256 -0.00174366 0.999999 0.248127 0.403401 -0.058158
FixedParameters: 0 0 0

#Transform 119
Transform: AffineTransform_float_3_3
Parameters: 0.999999 0.00141918 0.000474456 -0.00141982 0.999998 0.00172933 -0.000472545 -0.00172967 0.999999 0.262475 0.412035 -0.077064
FixedParameters: 0 0 0

#Transform 120
Transform: AffineTransform_float_3_3
Parameters: 0.999999 0.00139181 0.000664496 -0.00139319 0.999998 0.00179208 -0.000662504 -0.00179293 0.999998 0.265793 0.396213 -0.0676684
FixedParameters: 0 0 0

#Transform 121
Transform: AffineTransform_float_3_3
Parameters: 0.999998 0.0016366 0.000230869 -0.0016374 0.999997 0.00175263 -0.000228131 -0.00175238 0.999999 0.248269 0.425046 -0.0784655
FixedParameters: 0 0 0

#Transform 122
Transform: AffineTransform_float_3_3
Parameters: 0.999999 -0.0011293 0.000862238 0.00113071 0.999998 -0.00198003 -0.000860762 0.00198097 0.999997 0.203808 0.37864 -0.263257
FixedParameters: 0 0 0

#Transform 123
Transform: AffineTransform_float_3_3
Parameters: 0.999999 0.000386044 -0.000729506 -0.000386955 0.999999 -0.00131072 0.000728493 0.00131128 0.999999 0.168159 0.352069 -0.128765
FixedParameters: 0 0 0

#Transform 124
Transform: AffineTransform_float_3_3
Parameters: 1 0.000665016 3.46934e-05 -0.000664983 0.999999 -0.000461023 -3.53065e-05 0.000460976 1 0.183982 0.369612 -0.140975
FixedParameters: 0 0 0

#Transform 125
Transform: AffineTransform_float_3_3
Parameters: 0.999999 0.000664904 -0.000345184 -0.000665095 0.999999 -0.00027677 0.000344816 0.000277229 1 0.182643 0.371895 -0.137837
FixedParameters: 0 0 0

#Transform 126
Transform: AffineTransform_float_3_3
Parameters: 0.999999 0.000802856 -0.000151765 -0.000803144 0.999999 -0.000952878 0.000151235 0.000953122 0.999999 0.192629 0.329887 -0.188094
FixedParameters: 0 0 0

#Transform 127
Transform: AffineTransform_float_3_3
Parameters: 0.999999 0.000824135 0.000353683 -0.000823863 0.999999 -0.000384291 -0.000354316 0.000383708 1 0.216121 0.364318 -0.20326
FixedParameters: 0 0 0

#Transform 128
Transform: AffineTransform_float_3_3
Parameters: 1 0.00105894 0.000142437 -0.00105906 0.999999 0.000412849 -0.000142563 -0.000413151 1 0.230927 0.455659 -0.204896
FixedParameters: 0 0 0

#Transform 129
Transform: AffineTransform_float_3_3
Parameters: 1 0.00101001 3.48061e-05 -0.00100999 1 -0.000192035 -3.51939e-05 0.000191965 1 0.194352 0.388547 -0.118428
FixedParameters: 0 0 0

#Transform 130
Transform: AffineTransform_float_3_3
Parameters: 0.999999 0.000855098 -0.000389784 -0.000854901 0.999999 0.000252333 0.000389216 -0.000252667 1 0.168139 0.359384 -0.026356
FixedParameters: 0 0 0

#Transform 131
Transform: AffineTransform_float_3_3
Parameters: 0.999999 0.000960406 -0.00100857 -0.000960594 1 -0.000589032 0.00100743 0.000589969 1 0.177617 0.39691 -0.126714
FixedParameters: 0 0 0

#Transform 132
Transform: AffineTransform_float_3_3
Parameters: 0.999999 0.000664829 -0.000249457 -0.00066417 0.999999 -0.000686834 0.000248544 0.000686165 0.999999 0.192794 0.357654 -0.177976
FixedParameters: 0 0 0

#Transform 133
Transform: AffineTransform_float_3_3
Parameters: 0.999999 0.000850021 -0.000248925 -0.000849977 0.999999 8.82116e-05 0.000249075 -8.77883e-05 1 0.195942 0.391488 -0.156987
FixedParameters: 0 0 0

#Transform 134
Transform: AffineTransform_float_3_3
Parameters: 0.999999 0.00066497 -0.000249078 -0.000665029 1 -0.000117834 0.000248921 0.000118166 1 0.163458 0.391795 -0.0843496
FixedParameters: 0 0 0

#Transform 135
Transform: AffineTransform_float_3_3
Parameters: 1 0.00106299 -0.000130055 -0.00106301 1 -5.18618e-05 0.000129945 5.21382e-05 1 0.201769 0.428228 -0.159
FixedParameters: 0 0 0

#Transform 136
Transform: AffineTransform_float_3_3
Parameters: 0.999999 0.00143343 0.00059837 -0.00143457 0.999999 0.000955144 -0.00059763 -0.000955859 1 0.226987 0.428695 -0.272072
FixedParameters: 0 0 0

#Transform 137
Transform: AffineTransform_float_3_3
Parameters: 0.999999 0.00127617 0.000548928 -0.00127783 0.999998 0.0015103 -0.000547069 -0.0015117 0.999998 0.211995 0.432112 -0.294756
FixedParameters: 0 0 0

#Transform 138
Transform: AffineTransform_float_3_3
Parameters: 1 0.000959783 0.000248842 -0.000960219 0.999999 0.000876761 -0.000248159 -0.000876238 0.999999 0.152381 0.434785 -0.230529
FixedParameters: 0 0 0

#Transform 139
Transform: AffineTransform_float_3_3
Parameters: 0.999999 0.00125053 0.000390492 -0.00125046 0.999998 0.00119251 -0.00038851 -0.00119249 0.999999 0.162688 0.434112 -0.140253
FixedParameters: 0 0 0

#Transform 140
Transform: AffineTransform_float_3_3
Parameters: 0.999999 0.00122383 0.00021595 -0.00122417 0.999999 0.000775736 -0.00021505 -0.000776263 0.999999 0.175646 0.432938 -0.142916
FixedParameters: 0 0 0

#Transform 141
Transform: AffineTransform_float_3_3
Parameters: 0.999999 0.001441 2.61369e-05 -0.001441 0.999999 9.49624e-05 -2.68631e-05 -9.50388e-05 1 0.191986 0.406649 -0.177493
FixedParameters: 0 0 0

#Transform 142
Transform: AffineTransform_float_3_3
Parameters: 1 0.00113875 0.000349813 -0.00113925 0.999999 0.000713602 -0.000349188 -0.000713398 0.999999 0.20874 0.420482 -0.191503
FixedParameters: 0 0 0

#Transform 143
Transform: AffineTransform_float_3_3
Parameters: 0.999999 0.00131901 -1.56056e-05 -0.001319 0.999999 0.000299021 1.63944e-05 -0.000298979 1 0.214798 0.42949 -0.179063
FixedParameters: 0 0 0

#Transform 144
Transform: AffineTransform_float_3_3
Parameters: 0.999999 0.00127998 -0.000225111 -0.00128002 0.999999 -8.67119e-05 0.000224888 8.72879e-05 1 0.207484 0.459044 -0.258898
FixedParameters: 0 0 0

#Transform 145
Transform: AffineTransform_float_3_3
Parameters: 0.999999 0.00128611 -0.000224395 -0.00128589 0.999999 0.000470289 0.000224604 -0.000469712 1 0.191068 0.438203 -0.207111
FixedParameters: 0 0 0

#Transform 146
Transform: AffineTransform_float_3_3
Parameters: 0.999999 0.00154769 -0.000227114 -0.00154831 0.999998 -0.00136565 0.000224886 0.00136535 0.999999 0.173343 0.367444 -0.289549
FixedParameters: 0 0 0

#Transform 147
Transform: AffineTransform_float_3_3
Parameters: 0.999998 0.00165999 6.92389e-05 -0.00166001 0.999998 0.000143885 -6.97608e-05 -0.000144116 1 0.187258 0.440637 -0.226629
FixedParameters: 0 0 0

#Transform 148
Transform: AffineTransform_float_3_3
Parameters: 0.999998 0.00171866 -0.000757765 -0.00171834 0.999999 -0.000444699 0.000757234 0.000446302 0.999999 0.204661 0.460786 -0.131362
FixedParameters: 0 0 0

#Transform 149
Transform: AffineTransform_float_3_3
Parameters: 0.999999 0.00162081 -0.000650486 -0.0016212 0.999998 -0.000298946 0.000650515 0.000300055 0.999999 0.204616 0.444043 -0.111163
FixedParameters: 0 0 0

#Transform 150
Transform: AffineTransform_float_3_3
Parameters: 0.999998 0.00163799 -3.35274e-05 -0.00163801 0.999998 -0.000321945 3.34725e-05 0.000322055 1 0.229688 0.437023 -0.123137
FixedParameters: 0 0 0

#Transform 151
Transform: AffineTransform_float_3_3
Parameters: 0.999999 0.00149695 -0.000177398 -0.00149705 0.999999 -0.000265735 0.000176602 0.000266265 1 0.217907 0.444262 -0.141709
FixedParameters: 0 0 0

#Transform 152
Transform: AffineTransform_float_3_3
Parameters: 0.999998 0.0014177 -0.000919455 -0.00141829 0.999999 -0.000320696 0.000919543 0.000322304 0.999999 0.198926 0.414515 -0.162002
FixedParameters: 0 0 0

#Transform 153
Transform: AffineTransform_float_3_3
Parameters: 0.999999 0.00141788 -0.000379456 -0.00141812 0.999999 -0.000321462 0.000378543 0.000322537 1 0.204679 0.426185 -0.139885
FixedParameters: 0 0 0

#Transform 154
Transform: AffineTransform_float_3_3
Parameters: 0.999999 0.00143601 -8.37859e-05 -0.00143599 0.999999 0.00014912 8.42139e-05 -0.000148879 1 0.200116 0.427587 -0.141055
FixedParameters: 0 0 0

#Transform 155
Transform: AffineTransform_float_3_3
Parameters: 0.999999 0.001361 -5.43824e-06 -0.001361 0.999999 -0.000321993 4.56175e-06 0.000322006 1 0.205539 0.426509 -0.102871
FixedParameters: 0 0 0

#Transform 156
Transform: AffineTransform_float_3_3
Parameters: 0.999999 0.001401 -1.69495e-05 -0.001401 0.999999 3.60238e-05 1.70518e-05 -3.69761e-05 1 0.216796 0.427344 -0.0924642
FixedParameters: 0 0 0

#Transform 157
Transform: AffineTransform_float_3_3
Parameters: 0.999999 0.00129704 -0.000282834 -0.00129696 0.999999 0.000128367 0.000283166 -0.000127633 1 0.20454 0.42835 -0.0911848
FixedParameters: 0 0 0

#Transform 158
Transform: AffineTransform_float_3_3
Parameters: 1 0.00116304 0.000108625 -0.00116297 1 -0.000322127 -0.000109374 0.000321873 1 0.225613 0.449712 -0.0971639
FixedParameters: 0 0 0

#Transform 159
Transform: AffineTransform_float_3_3
Parameters: 0.999999 0.00145486 0.000298698 -0.00145514 0.999999 0.000479566 -0.000297301 -0.000480433 1 0.227302 0.451436 -0.127892
FixedParameters: 0 0 0

#Transform 160
Transform: AffineTransform_float_3_3
Parameters: 0.999999 0.0012768 0.000220187 -0.0012772 0.999999 0.000929719 -0.000218812 -0.00093028 0.999999 0.232757 0.460331 -0.10464
FixedParameters: 0 0 0

#Transform 161
Transform: AffineTransform_float_3_3
Parameters: 0.999999 0.00133702 -4.12419e-05 -0.00133698 0.999999 0.000567056 4.1758e-05 -0.000566945 1 0.225728 0.453235 -0.127807
FixedParameters: 0 0 0

#Transform 162
Transform: AffineTransform_float_3_3
Parameters: 0.999998 0.0016061 -0.000106532 -0.0016069 0.999999 0.000914172 0.000108469 -0.000913827 0.999999 0.226631 0.45255 -0.163235
FixedParameters: 0 0 0

#Transform 163
Transform: AffineTransform_float_3_3
Parameters: 0.999999 0.00135411 -0.000106658 -0.00135389 0.999998 0.000991144 0.000108342 -0.000990853 0.999999 0.239625 0.478415 -0.180461
FixedParameters: 0 0 0

#Transform 164
Transform: AffineTransform_float_3_3
Parameters: 0.999999 0.00145955 0.000419576 -0.00146045 0.999999 0.00107939 -0.000418423 -0.00108061 1 0.251117 0.462996 -0.24848
FixedParameters: 0 0 0

#Transform 165
Transform: AffineTransform_float_3_3
Parameters: 0.999999 0.00144365 0.00033749 -0.00144435 0.999999 0.00103151 -0.000335511 -0.00103149 1 0.250821 0.473968 -0.219982
FixedParameters: 0 0 0

#Transform 166
Transform: AffineTransform_float_3_3
Parameters: 0.999999 0.00133506 -0.000107235 -0.00133594 0.999999 0.000573144 0.000107765 -0.000572857 1 0.249051 0.485794 -0.184534
FixedParameters: 0 0 0

#Transform 167
Transform: AffineTransform_float_3_3
Parameters: 0.999999 0.0013651 -0.000106752 -0.0013649 0.999998 0.000914146 0.000108247 -0.000913852 0.999999 0.23593 0.495587 -0.170886
FixedParameters: 0 0 0

#Transform 168
Transform: AffineTransform_float_3_3
Parameters: 0.999999 0.00115629 -0.000903629 -0.00115571 1 0.000321045 0.00090437 -0.000319955 0.999999 0.214171 0.47931 -0.166793
FixedParameters: 0 0 0

#Transform 169
Transform: AffineTransform_float_3_3
Parameters: 1 0.00108016 -0.00027739 -0.00107984 1 0.0005653 0.00027761 -0.000564701 1 0.224375 0.497812 -0.187912
FixedParameters: 0 0 0

#Transform 170
Transform: AffineTransform_float_3_3
Parameters: 0.999999 0.0011492 -0.000627632 -0.0011488 1 0.000320721 0.000628367 -0.000319278 1 0.222352 0.467392 -0.2019
FixedParameters: 0 0 0

#Transform 171
Transform: AffineTransform_float_3_3
Parameters: 0.999999 0.00145843 -0.000215085 -0.00145757 0.999997 0.00199932 0.000217915 -0.00199968 0.999998 0.249135 0.520635 -0.206469
FixedParameters: 0 0 0

#Transform 172
Transform: AffineTransform_float_3_3
Parameters: 0.999999 0.00178719 -0.000102765 -0.00178681 0.999997 0.00181019 0.000106234 -0.00180981 0.999999 0.223573 0.486985 -0.206324
FixedParameters: 0 0 0

#Transform 173
Transform: AffineTransform_float_3_3
Parameters: 0.999998 0.0016055 -0.000473304 -0.0016055 0.999998 0.00105676 0.000474697 -0.00105624 1 0.15188 0.449503 -0.164688
FixedParameters: 0 0 0

#Transform 174
Transform: AffineTransform_float_3_3
Parameters: 0.999998 0.00158261 -0.000414694 -0.00158139 0.999997 0.00145766 0.000416305 -0.00145734 0.999999 0.139967 0.456425 -0.133638
FixedParameters: 0 0 0

#Transform 175
Transform: AffineTransform_float_3_3
Parameters: 0.999999 0.00123631 -0.000416074 -0.00123569 0.999999 0.000749514 0.000416925 -0.000748485 0.999999 0.162072 0.451051 -0.141842
FixedParameters: 0 0 0

#Transform 176
Transform: AffineTransform_float_3_3
Parameters: 1 0.00101161 -0.000415515 -0.00101039 0.999999 0.00146842 0.000416484 -0.00146758 0.999999 0.172104 0.474684 -0.159239
FixedParameters: 0 0 0

#Transform 177
Transform: AffineTransform_float_3_3
Parameters: 1 0.00115445 -0.000331441 -0.00115455 0.999999 0.00135138 0.000332561 -0.00135162 0.999999 0.159666 0.453236 -0.174521
FixedParameters: 0 0 0

#Transform 178
Transform: AffineTransform_float_3_3
Parameters: 0.999999 0.000863207 -0.000353496 -0.000862794 1 0.000584305 0.000353504 -0.000583695 1 0.170256 0.478317 -0.150707
FixedParameters: 0 0 0

#Transform 179
Transform: AffineTransform_float_3_3
Parameters: 1 0.000882162 -0.000619769 -0.000881837 0.999999 0.000262547 0.000620231 -0.000261453 1 0.174673 0.455937 -0.212325
FixedParameters: 0 0 0
