# transform file /out/sourcedata/freesurfer/sub-v2s12x28892_ses-1/mri/transforms/cc_up.lta
# created by oesteban on Wed Mar 11 03:48:17 2026

type      = 0 # LINEAR_VOX_TO_VOX
nxforms   = 1
mean      = 126.0000 126.0000 129.0000
sigma     = 10000.0000
1 4 4
9.967914819717407e-01 -7.579929381608963e-02 2.571385167539120e-02 7.348553657531738e+00 
7.577408850193024e-02 9.971230626106262e-01 1.954715466126800e-03 8.510951995849609e+00 
-2.578804269433022e-02 0.000000000000000e+00 9.996674656867981e-01 8.296171188354492e+00 
0.000000000000000e+00 0.000000000000000e+00 0.000000000000000e+00 1.000000000000000e+00 
src volume info
valid = 1  # volume info valid
filename = /out/sourcedata/freesurfer/sub-v2s12x28892_ses-1/mri/norm.mgz
volume = 256 256 256
voxelsize = 1.000000000000000e+00 1.000000000000000e+00 1.000000000000000e+00
xras   = -1.000000000000000e+00 0.000000000000000e+00 0.000000000000000e+00
yras   = 0.000000000000000e+00 0.000000000000000e+00 -1.000000000000000e+00
zras   = 0.000000000000000e+00 1.000000000000000e+00 0.000000000000000e+00
cras   = 9.684982299804688e-01 5.000000000000000e-01 1.221899414062500e+01
dst volume info
valid = 1  # volume info valid
filename = /out/sourcedata/freesurfer/sub-v2s12x28892_ses-1/mri/norm.mgz
volume = 256 256 256
voxelsize = 1.000000000000000e+00 1.000000000000000e+00 1.000000000000000e+00
xras   = -1.000000000000000e+00 0.000000000000000e+00 0.000000000000000e+00
yras   = 0.000000000000000e+00 0.000000000000000e+00 -1.000000000000000e+00
zras   = 0.000000000000000e+00 1.000000000000000e+00 0.000000000000000e+00
cras   = 9.684982299804688e-01 5.000000000000000e-01 1.221899414062500e+01
