#Insight Transform File V1.0
#Transform 0
Transform: AffineTransform_float_3_3
Parameters: 0.999999 -0.000471513 0.00139115 0.000468487 0.999999 0.00180665 -0.00139185 -0.00180535 0.999998 -0.0538906 -0.0659105 -0.129061
FixedParameters: 0 0 0

#Transform 1
Transform: AffineTransform_float_3_3
Parameters: 1 -0.000418441 0.00108206 0.00041656 0.999998 0.00225445 -0.00108294 -0.00225455 0.999997 -0.0398203 -0.0694662 -0.0648948
FixedParameters: 0 0 0

#Transform 2
Transform: AffineTransform_float_3_3
Parameters: 1 -0.000417586 0.000951306 0.000416414 0.999998 0.0016674 -0.000951696 -0.0016666 0.999998 -0.0522235 -0.0517184 -0.0868865
FixedParameters: 0 0 0

#Transform 3
Transform: AffineTransform_float_3_3
Parameters: 0.999999 -0.000417471 0.000800234 0.000416528 0.999998 0.00183733 -0.000801767 -0.00183767 0.999998 -0.0333226 -0.0673524 -0.108732
FixedParameters: 0 0 0

#Transform 4
Transform: AffineTransform_float_3_3
Parameters: 1 -0.000416749 0.000406233 0.00041625 0.999998 0.00184117 -0.000407767 -0.00184083 0.999998 -0.0195476 -0.0625597 -0.0708219
FixedParameters: 0 0 0

#Transform 5
Transform: AffineTransform_float_3_3
Parameters: 0.999999 -0.000417498 0.00083225 0.000416503 0.999999 0.00179835 -0.00083275 -0.00179865 0.999998 -0.0425134 -0.0554041 -0.0987495
FixedParameters: 0 0 0

#Transform 6
Transform: AffineTransform_float_3_3
Parameters: 0.999999 -0.000417785 0.000927197 0.000416214 0.999998 0.00192539 -0.000927802 -0.00192461 0.999997 -0.039491 -0.0706544 -0.0885822
FixedParameters: 0 0 0

#Transform 7
Transform: AffineTransform_float_3_3
Parameters: 1 -0.000416776 0.000361106 0.000416224 0.999997 0.00214715 -0.000361894 -0.00214685 0.999997 -0.0251298 -0.0461514 -0.0463819
FixedParameters: 0 0 0

#Transform 8
Transform: AffineTransform_float_3_3
Parameters: 0.999999 -0.000651942 0.000480725 0.000651059 0.999998 0.00195731 -0.000481275 -0.00195669 0.999998 -0.0274285 -0.0444746 -0.092236
FixedParameters: 0 0 0

#Transform 9
Transform: AffineTransform_float_3_3
Parameters: 1 -0.000623688 0.000286506 0.00062331 0.999997 0.00239618 -0.000288494 -0.00239582 0.999997 -0.017438 -0.0643463 -0.0396421
FixedParameters: 0 0 0

#Transform 10
Transform: AffineTransform_float_3_3
Parameters: 1 -0.000416711 0.000286971 0.000416289 0.999997 0.00247212 -0.00028803 -0.00247188 0.999997 -0.0134739 -0.0684655 -0.0175634
FixedParameters: 0 0 0

#Transform 11
Transform: AffineTransform_float_3_3
Parameters: 1 -0.000416421 0.000287391 0.000416578 0.999999 0.00146312 -0.00028861 -0.00146288 0.999999 -0.00948416 -0.0683645 -0.0807929
FixedParameters: 0 0 0

#Transform 12
Transform: AffineTransform_float_3_3
Parameters: 1 -0.000416454 0.000287343 0.000416545 0.999998 0.00157912 -0.000288658 -0.00157888 0.999998 -0.00836722 -0.0411468 -0.027805
FixedParameters: 0 0 0

#Transform 13
Transform: AffineTransform_float_3_3
Parameters: 1 -0.000268352 0.000341724 0.000267649 1 0.00103009 -0.000341276 -0.00102991 1 -0.0174744 -0.0213686 -0.0674779
FixedParameters: 0 0 0

#Transform 14
Transform: AffineTransform_float_3_3
Parameters: 1 -0.000416336 0.000287514 0.000416663 0.999999 0.00116912 -0.000288487 -0.00116888 1 -0.0137717 -0.0480518 -0.0219643
FixedParameters: 0 0 0

#Transform 15
Transform: AffineTransform_float_3_3
Parameters: 1 -0.000213033 4.68487e-05 0.000212967 0.999999 0.00071001 -4.71512e-05 -0.00070999 0.999999 -0.00516221 -0.031072 -0.00582245
FixedParameters: 0 0 0

#Transform 16
Transform: AffineTransform_float_3_3
Parameters: 1 -5.90226e-05 4.99733e-05 5.89774e-05 1 0.000452003 -5.00267e-05 -0.000451997 1 -0.00365522 -0.0142212 -0.0414979
FixedParameters: 0 0 0

#Transform 17
Transform: AffineTransform_float_3_3
Parameters: 1 0.000149851 0.000288077 -0.000150149 1 0.000515957 -0.000287922 -0.000516043 1 -0.00743931 -0.013284 0.0516832
FixedParameters: 0 0 0

#Transform 18
Transform: AffineTransform_float_3_3
Parameters: 1 0.000106004 9.19957e-05 -0.000105996 1 -4.10098e-05 -9.20043e-05 4.09902e-05 1 -0.0170398 0.00356973 -0.0041236
FixedParameters: 0 0 0

#Transform 19
Transform: AffineTransform_float_3_3
Parameters: 1 9.2052e-05 -0.000168972 -9.29479e-05 1 0.000308016 0.000169029 -0.000307984 1 0.00275367 -0.00964696 0.00930406
FixedParameters: 0 0 0

#Transform 20
Transform: AffineTransform_float_3_3
Parameters: 1 -8.29765e-05 -0.000169012 8.30235e-05 1 0.000138986 0.000168988 -0.000139014 1 0.00574721 -0.00897511 0.00801003
FixedParameters: 0 0 0

#Transform 21
Transform: AffineTransform_float_3_3
Parameters: 1 -0.000200002 -3.0986e-05 0.000199998 1 -7.00062e-05 3.1014e-05 6.99938e-05 1 -0.0131465 -0.00258415 -0.0526928
FixedParameters: 0 0 0

#Transform 22
Transform: AffineTransform_float_3_3
Parameters: 1 1.39993e-05 -0.000169 -1.40007e-05 1 -3.99763e-06 0.000169 4.00237e-06 1 0.00379312 0.00268464 0.0320458
FixedParameters: 0 0 0

#Transform 23
Transform: AffineTransform_float_3_3
Parameters: 1 4.39886e-05 -2.40208e-05 -4.40113e-05 1 -0.000472999 2.39792e-05 0.000473001 1 -0.00117848 0.00827989 -0.0609719
FixedParameters: 0 0 0

#Transform 24
Transform: AffineTransform_float_3_3
Parameters: 1 5.19711e-05 -0.000169009 -5.20289e-05 1 -0.000170991 0.000168991 0.000171009 1 -0.00153012 0.00293713 -0.0183198
FixedParameters: 0 0 0

#Transform 25
Transform: AffineTransform_float_3_3
Parameters: 1 0.000242053 7.08182e-05 -0.000241947 0.999999 -0.000751017 -7.11817e-05 0.000750982 0.999999 -0.0159362 0.012972 -0.0156204
FixedParameters: 0 0 0

#Transform 26
Transform: AffineTransform_float_3_3
Parameters: 1 -3.57318e-05 0.00031403 3.62681e-05 0.999999 -0.000853988 -0.000313969 0.000854011 0.999999 -0.0186478 0.023064 -0.0537531
FixedParameters: 0 0 0

#Transform 27
Transform: AffineTransform_float_3_3
Parameters: 1 -0.000137916 0.000156074 0.000138084 1 -0.000537978 -0.000155926 0.000538021 1 -0.00478904 0.0237291 0.00639689
FixedParameters: 0 0 0

#Transform 28
Transform: AffineTransform_float_3_3
Parameters: 1 2.71836e-05 0.000155968 -2.78164e-05 1 -0.00117701 -0.000156033 0.001177 1 -0.0196268 0.0468053 -0.023782
FixedParameters: 0 0 0

#Transform 29
Transform: AffineTransform_float_3_3
Parameters: 1 1.91136e-05 0.000155986 -1.88864e-05 0.999999 -0.000728003 -0.000156014 0.000727997 0.999999 -0.0116138 0.0299564 -0.0162634
FixedParameters: 0 0 0

#Transform 30
Transform: AffineTransform_float_3_3
Parameters: 1 -3.88565e-06 0.000156003 4.11435e-06 0.999999 -0.000732999 -0.000155997 0.000733 0.999999 -0.0132051 0.0302552 -0.00194133
FixedParameters: 0 0 0

#Transform 31
Transform: AffineTransform_float_3_3
Parameters: 1 -4.67909e-05 0.00024404 4.72091e-05 0.999999 -0.000856988 -0.00024396 0.000857011 0.999999 -0.0231131 0.0215157 -0.0461362
FixedParameters: 0 0 0

#Transform 32
Transform: AffineTransform_float_3_3
Parameters: 1 -0.000226929 0.000156103 0.000227071 1 -0.000455964 -0.000155896 0.000456035 1 -0.0120035 0.0210085 0.0204335
FixedParameters: 0 0 0

#Transform 33
Transform: AffineTransform_float_3_3
Parameters: 1 -0.000415443 0.000457507 0.000416558 0.999999 -0.00121981 -0.000457492 0.00121919 0.999999 -0.032167 0.0159997 -0.0637743
FixedParameters: 0 0 0

#Transform 34
Transform: AffineTransform_float_3_3
Parameters: 1 -0.000415879 0.000156322 0.000416121 0.999999 -0.000773934 -0.000156678 0.000774065 0.999999 -0.020729 0.0269777 0.0328924
FixedParameters: 0 0 0

#Transform 35
Transform: AffineTransform_float_3_3
Parameters: 1 -0.000546672 0.000259692 0.000547328 0.999999 -0.00126486 -0.000259308 0.00126514 0.999999 -0.020679 0.035322 -0.0524326
FixedParameters: 0 0 0

#Transform 36
Transform: AffineTransform_float_3_3
Parameters: 1 -0.000415983 2.13349e-05 0.000416017 0.999999 -0.000804991 -2.06651e-05 0.000805008 0.999999 -0.000484986 0.0344155 0.0223493
FixedParameters: 0 0 0

#Transform 37
Transform: AffineTransform_float_3_3
Parameters: 0.999999 -0.000833642 0.000227316 0.000834357 0.999999 -0.00157881 -0.000225683 0.00157819 0.999998 -0.013688 0.0476051 -0.0321978
FixedParameters: 0 0 0

#Transform 38
Transform: AffineTransform_float_3_3
Parameters: 0.999999 -0.000755742 0.000213912 0.000755257 0.999999 -0.00120584 -0.000213089 0.00120616 0.999999 -0.0154035 0.0295368 0.02012
FixedParameters: 0 0 0

#Transform 39
Transform: AffineTransform_float_3_3
Parameters: 1 -0.00067382 0.000156774 0.00067418 0.999999 -0.0011489 -0.000156225 0.00114911 1 -0.0036221 0.0269553 0.00849084
FixedParameters: 0 0 0

#Transform 40
Transform: AffineTransform_float_3_3
Parameters: 0.999999 -0.000776822 0.000156883 0.000777178 0.999999 -0.00113588 -0.000156117 0.00113612 1 -0.0079574 0.0356002 0.00854306
FixedParameters: 0 0 0

#Transform 41
Transform: AffineTransform_float_3_3
Parameters: 1 -0.000617828 0.000156682 0.000618173 0.999999 -0.0011029 -0.000156318 0.0011031 1 -0.00944681 0.0422485 0.0324128
FixedParameters: 0 0 0

#Transform 42
Transform: AffineTransform_float_3_3
Parameters: 1 -0.00041583 0.000156453 0.000416171 1 -0.00108894 -0.000156547 0.00108907 1 -0.0207377 0.0261493 -0.00579423
FixedParameters: 0 0 0

#Transform 43
Transform: AffineTransform_float_3_3
Parameters: 1 -0.000653875 0.000156524 0.000654126 1 -0.000801898 -0.000156475 0.000802103 0.999999 -0.0212639 0.0310066 0.0695157
FixedParameters: 0 0 0

#Transform 44
Transform: AffineTransform_float_3_3
Parameters: 0.999999 -0.000894812 0.000224747 0.000895187 1 -0.000834799 -0.000224252 0.000835201 0.999999 -0.0124826 0.0337214 0.0269277
FixedParameters: 0 0 0

#Transform 45
Transform: AffineTransform_float_3_3
Parameters: 0.999999 -0.000894878 0.000259419 0.00089512 0.999999 -0.000467768 -0.000258581 0.000468231 1 -0.0257852 0.0195237 0.0139614
FixedParameters: 0 0 0

#Transform 46
Transform: AffineTransform_float_3_3
Parameters: 0.999999 -0.000894909 0.000103788 0.000895091 0.999999 -0.000880907 -0.000103211 0.000881093 0.999999 -0.0198672 0.0269626 0.0431265
FixedParameters: 0 0 0

#Transform 47
Transform: AffineTransform_float_3_3
Parameters: 0.999999 -0.000844841 0.000156859 0.000845159 0.999999 -0.00101687 -0.000156141 0.00101713 1 -0.0217652 0.0319293 -0.00246757
FixedParameters: 0 0 0

#Transform 48
Transform: AffineTransform_float_3_3
Parameters: 0.999999 -0.000843916 0.00015645 0.000843083 0.999999 -0.000532868 -0.000156551 0.000532132 1 -0.0217084 0.0242353 0.0527272
FixedParameters: 0 0 0

#Transform 49
Transform: AffineTransform_float_3_3
Parameters: 0.999999 -0.000894625 0.000359932 0.000895374 0.999999 -0.00104168 -0.000359068 0.00104132 1 -0.0296077 0.0338949 -0.0309582
FixedParameters: 0 0 0

#Transform 50
Transform: AffineTransform_float_3_3
Parameters: 0.999999 -0.000894991 1.45603e-05 0.000895009 1 -0.000625987 -1.34397e-05 0.000626012 1 -0.012443 0.0343433 0.0575058
FixedParameters: 0 0 0

#Transform 51
Transform: AffineTransform_float_3_3
Parameters: 0.999999 -0.000894886 0.000156651 0.000895114 1 -0.00072786 -0.000156349 0.00072714 0.999999 -0.0141159 0.0382737 0.010224
FixedParameters: 0 0 0

#Transform 52
Transform: AffineTransform_float_3_3
Parameters: 0.999999 -0.000591683 0.000435431 0.000592316 0.999999 -0.000727742 -0.000434569 0.000727257 0.999999 -0.0317303 0.0366233 0.00608912
FixedParameters: 0 0 0

#Transform 53
Transform: AffineTransform_float_3_3
Parameters: 1 -0.000597886 0.000156435 0.000598114 0.999999 -0.000727906 -0.000156565 0.000727093 0.999999 -0.0211445 0.036655 0.00286091
FixedParameters: 0 0 0

#Transform 54
Transform: AffineTransform_float_3_3
Parameters: 0.999999 -0.000706623 0.000388686 0.000707376 1 -0.000970725 -0.000387314 0.000970274 0.999999 -0.0302208 0.0258474 -0.0110788
FixedParameters: 0 0 0

#Transform 55
Transform: AffineTransform_float_3_3
Parameters: 1 -0.000598822 0.000156681 0.000599178 0.999999 -0.00113691 -0.000156319 0.00113709 1 -0.0211599 0.0403523 0.00629125
FixedParameters: 0 0 0

#Transform 56
Transform: AffineTransform_float_3_3
Parameters: 1 -0.000501473 0.000367719 0.000501525 0.999999 -0.00143282 -0.000366282 0.00143318 0.999999 -0.0224919 0.0434119 -0.0379198
FixedParameters: 0 0 0

#Transform 57
Transform: AffineTransform_float_3_3
Parameters: 0.999999 -0.00055952 0.00044061 0.00056048 0.999999 -0.00108975 -0.00044039 0.00108925 1 -0.0317924 0.0347961 0.00961547
FixedParameters: 0 0 0

#Transform 58
Transform: AffineTransform_float_3_3
Parameters: 1 -0.000894199 0.000497444 0.000894802 0.999999 -0.00161356 -0.000495556 0.00161444 0.999998 -0.0346814 0.0428188 -0.0382292
FixedParameters: 0 0 0

#Transform 59
Transform: AffineTransform_float_3_3
Parameters: 1 -0.000894476 0.000441066 0.000895525 0.999999 -0.00119061 -0.000439934 0.00119139 0.999999 -0.0208429 0.0468874 0.0139047
FixedParameters: 0 0 0

#Transform 60
Transform: AffineTransform_float_3_3
Parameters: 0.999999 -0.000700332 0.00037226 0.000700668 0.999998 -0.00179874 -0.000370741 0.00179826 0.999999 -0.0295143 0.0575775 -0.0292405
FixedParameters: 0 0 0

#Transform 61
Transform: AffineTransform_float_3_3
Parameters: 1 -0.000894439 0.000441139 0.000895561 0.999999 -0.00127261 -0.00043986 0.00127339 0.999999 -0.0325705 0.0500102 -0.00370093
FixedParameters: 0 0 0

#Transform 62
Transform: AffineTransform_float_3_3
Parameters: 1 -0.000724047 0.000768898 0.000724953 0.999999 -0.00123944 -0.000768102 0.00124056 0.999999 -0.0413771 0.047723 0.00498336
FixedParameters: 0 0 0

#Transform 63
Transform: AffineTransform_float_3_3
Parameters: 1 -0.000778671 0.000865198 0.000780331 0.999998 -0.00153732 -0.000864801 0.00153767 0.999998 -0.0367736 0.0341017 -0.0406726
FixedParameters: 0 0 0

#Transform 64
Transform: AffineTransform_float_3_3
Parameters: 1 -0.000894082 0.000694184 0.000894918 0.999998 -0.00132338 -0.000692817 0.00132362 0.999999 -0.0285184 0.0475912 0.00968531
FixedParameters: 0 0 0

#Transform 65
Transform: AffineTransform_float_3_3
Parameters: 1 -0.000893773 0.000752461 0.000895229 0.999999 -0.00163233 -0.000751539 0.00163367 0.999999 -0.0444255 0.0593739 -0.0189239
FixedParameters: 0 0 0

#Transform 66
Transform: AffineTransform_float_3_3
Parameters: 1 -0.000894002 0.000752187 0.000894997 0.999998 -0.00132633 -0.000750813 0.00132767 0.999999 -0.0443799 0.0477221 0.0158613
FixedParameters: 0 0 0

#Transform 67
Transform: AffineTransform_float_3_3
Parameters: 1 -0.000893995 0.000752197 0.000895005 0.999998 -0.00133733 -0.000750804 0.00133767 0.999999 -0.0316825 0.0528614 0.03324
FixedParameters: 0 0 0

#Transform 68
Transform: AffineTransform_float_3_3
Parameters: 0.999999 -0.000893535 0.000923421 0.000895466 0.999999 -0.00158818 -0.000921579 0.00158883 0.999999 -0.0361524 0.0469622 -0.016119
FixedParameters: 0 0 0

#Transform 69
Transform: AffineTransform_float_3_3
Parameters: 1 -0.0010373 0.000593233 0.0010377 0.999999 -0.00118739 -0.000591769 0.00118761 0.999999 -0.0189705 0.0431956 0.0617015
FixedParameters: 0 0 0

#Transform 70
Transform: AffineTransform_float_3_3
Parameters: 0.999999 -0.000893751 0.000994125 0.000895249 0.999999 -0.00125711 -0.000992875 0.00125789 0.999998 -0.0398676 0.0383113 -0.00727155
FixedParameters: 0 0 0

#Transform 71
Transform: AffineTransform_float_3_3
Parameters: 0.999999 -0.00105816 0.000784136 0.00105884 0.999999 -0.00107217 -0.000782865 0.00107283 0.999999 -0.0310795 0.0340173 0.0651531
FixedParameters: 0 0 0

#Transform 72
Transform: AffineTransform_float_3_3
Parameters: 0.999999 -0.00119839 0.000976977 0.00120061 0.999998 -0.00164783 -0.000975022 0.00164917 0.999998 -0.04803 0.0616825 0.0256517
FixedParameters: 0 0 0

#Transform 73
Transform: AffineTransform_float_3_3
Parameters: 0.999999 -0.0012817 0.00112449 0.0012823 0.999999 -0.00115756 -0.00112352 0.00115844 0.999998 -0.0409223 0.0516969 0.0502577
FixedParameters: 0 0 0

#Transform 74
Transform: AffineTransform_float_3_3
Parameters: 0.999999 -0.00132428 0.00117295 0.00132572 0.999998 -0.00146645 -0.00117106 0.00146855 0.999998 -0.0451193 0.0716954 0.0483823
FixedParameters: 0 0 0

#Transform 75
Transform: AffineTransform_float_3_3
Parameters: 0.999998 -0.00132307 0.00151956 0.00132593 0.999998 -0.00192999 -0.00151744 0.00193201 0.999997 -0.0615569 0.0685853 0.00121551
FixedParameters: 0 0 0

#Transform 76
Transform: AffineTransform_float_3_3
Parameters: 0.999999 -0.00126007 0.00126592 0.00126193 0.999998 -0.00152141 -0.00126408 0.0015236 0.999998 -0.0477542 0.0787666 0.0700696
FixedParameters: 0 0 0

#Transform 77
Transform: AffineTransform_float_3_3
Parameters: 0.999998 -0.00132267 0.0015199 0.00132633 0.999996 -0.00218899 -0.0015171 0.00219101 0.999997 -0.0617606 0.0907221 0.0102474
FixedParameters: 0 0 0

#Transform 78
Transform: AffineTransform_float_3_3
Parameters: 0.999998 -0.00132315 0.00151949 0.00132586 0.999998 -0.00187899 -0.00151751 0.00188101 0.999997 -0.0495417 0.0639288 0.034866
FixedParameters: 0 0 0

#Transform 79
Transform: AffineTransform_float_3_3
Parameters: 0.999998 -0.00132296 0.00159852 0.00132604 0.999998 -0.00190288 -0.00159648 0.00190512 0.999997 -0.051666 0.0648158 0.0510355
FixedParameters: 0 0 0

#Transform 80
Transform: AffineTransform_float_3_3
Parameters: 0.999998 -0.00154751 0.00170318 0.00155149 0.999996 -0.00204736 -0.00169983 0.00204964 0.999997 -0.0819633 0.0639515 -0.02545
FixedParameters: 0 0 0

#Transform 81
Transform: AffineTransform_float_3_3
Parameters: 0.999998 -0.00132358 0.00159901 0.00132642 0.999998 -0.00151588 -0.00159699 0.00151812 0.999997 -0.0773754 0.0501529 0.0528529
FixedParameters: 0 0 0

#Transform 82
Transform: AffineTransform_float_3_3
Parameters: 0.999998 -0.00132333 0.00159223 0.00132667 0.999997 -0.00167889 -0.00158977 0.00168111 0.999998 -0.0644456 0.0608853 0.057244
FixedParameters: 0 0 0

#Transform 83
Transform: AffineTransform_float_3_3
Parameters: 0.999997 -0.00132178 0.00200279 0.00132621 0.999997 -0.00210535 -0.00199921 0.00210865 0.999996 -0.0801786 0.0746055 0.0225368
FixedParameters: 0 0 0

#Transform 84
Transform: AffineTransform_float_3_3
Parameters: 0.999996 -0.00170296 0.00200259 0.00170604 0.999998 -0.00151659 -0.00199941 0.00151941 0.999997 -0.071856 0.0701217 0.0723186
FixedParameters: 0 0 0

#Transform 85
Transform: AffineTransform_float_3_3
Parameters: 0.999996 -0.00210518 0.00221264 0.00210882 0.999997 -0.00172434 -0.00220836 0.00172966 0.999996 -0.0671578 0.0688836 0.069497
FixedParameters: 0 0 0

#Transform 86
Transform: AffineTransform_float_3_3
Parameters: 0.999994 -0.00238972 0.00241423 0.00239528 0.999994 -0.00218423 -0.00240976 0.00219077 0.999994 -0.0748677 0.0596027 0.058151
FixedParameters: 0 0 0

#Transform 87
Transform: AffineTransform_float_3_3
Parameters: 0.999994 -0.00228498 0.00256249 0.00229002 0.999996 -0.00195814 -0.00255851 0.00196386 0.999995 -0.0784636 0.050259 0.0863561
FixedParameters: 0 0 0

#Transform 88
Transform: AffineTransform_float_3_3
Parameters: 0.999995 -0.00205382 0.00260988 0.00206018 0.999995 -0.00236764 -0.00260512 0.00237336 0.999994 -0.0829003 0.0645921 0.0254091
FixedParameters: 0 0 0

#Transform 89
Transform: AffineTransform_float_3_3
Parameters: 0.999993 -0.00239019 0.00263337 0.00239481 0.999995 -0.0018247 -0.00262863 0.00183129 0.999995 -0.0838234 0.0459177 0.0607593
FixedParameters: 0 0 0

#Transform 90
Transform: AffineTransform_float_3_3
Parameters: 0.999993 -0.00238723 0.00287646 0.00239476 0.999993 -0.00269913 -0.00286954 0.00270587 0.999992 -0.0874544 0.0789847 0.0978874
FixedParameters: 0 0 0

#Transform 91
Transform: AffineTransform_float_3_3
Parameters: 0.999993 -0.00262701 0.00287732 0.00263499 0.999992 -0.00277644 -0.00286968 0.00278456 0.999992 -0.0928692 0.0834833 0.0448275
FixedParameters: 0 0 0

#Transform 92
Transform: AffineTransform_float_3_3
Parameters: 0.999992 -0.00270275 0.00287588 0.00270825 0.999994 -0.00217123 -0.00286912 0.00217877 0.999993 -0.0839845 0.0831634 0.104709
FixedParameters: 0 0 0

#Transform 93
Transform: AffineTransform_float_3_3
Parameters: 0.999991 -0.00273784 0.00305623 0.00274716 0.999991 -0.00299763 -0.00304777 0.00300537 0.999991 -0.0941707 0.107021 0.0147542
FixedParameters: 0 0 0

#Transform 94
Transform: AffineTransform_float_3_3
Parameters: 0.999991 -0.0028307 0.00293705 0.0028383 0.999993 -0.00248468 -0.00292994 0.00249331 0.999992 -0.0888999 0.0976932 0.0200867
FixedParameters: 0 0 0

#Transform 95
Transform: AffineTransform_float_3_3
Parameters: 0.999993 -0.00283174 0.00263675 0.00283827 0.999993 -0.00237553 -0.00263025 0.00238347 0.999993 -0.0740988 0.099556 0.0675474
FixedParameters: 0 0 0

#Transform 96
Transform: AffineTransform_float_3_3
Parameters: 0.999992 -0.00282951 0.00307783 0.00283849 0.999992 -0.00275829 -0.00307017 0.00276671 0.999992 -0.0949038 0.108074 0.000582145
FixedParameters: 0 0 0

#Transform 97
Transform: AffineTransform_float_3_3
Parameters: 0.999992 -0.00283116 0.00307631 0.00283784 0.999994 -0.00222129 -0.00306969 0.00222971 0.999993 -0.0858894 0.0874989 0.0415979
FixedParameters: 0 0 0

#Transform 98
Transform: AffineTransform_float_3_3
Parameters: 0.99999 -0.00303398 0.00307793 0.00304202 0.999992 -0.00260566 -0.00307007 0.00261434 0.999992 -0.0865642 0.103354 0.0326745
FixedParameters: 0 0 0

#Transform 99
Transform: AffineTransform_float_3_3
Parameters: 0.999989 -0.00282808 0.0035609 0.00283792 0.999992 -0.00278392 -0.0035531 0.00279408 0.99999 -0.106969 0.109027 -0.0132197
FixedParameters: 0 0 0

#Transform 100
Transform: AffineTransform_float_3_3
Parameters: 0.99999 -0.00282846 0.00362148 0.00283855 0.999993 -0.00263275 -0.00361453 0.00264325 0.99999 -0.106479 0.103087 0.0850682
FixedParameters: 0 0 0

#Transform 101
Transform: AffineTransform_float_3_3
Parameters: 0.999989 -0.00300901 0.00363512 0.00301998 0.999991 -0.00302005 -0.00362588 0.00303094 0.999989 -0.107668 0.119078 -0.0111175
FixedParameters: 0 0 0

#Transform 102
Transform: AffineTransform_float_3_3
Parameters: 0.999989 -0.00318983 0.0034904 0.00319917 0.999992 -0.00262487 -0.0034816 0.00263614 0.999991 -0.102411 0.104839 0.0712526
FixedParameters: 0 0 0

#Transform 103
Transform: AffineTransform_float_3_3
Parameters: 0.99999 -0.00311882 0.00341823 0.00313018 0.99999 -0.00327033 -0.00340777 0.00328066 0.999989 -0.119487 0.116602 -0.00577045
FixedParameters: 0 0 0

#Transform 104
Transform: AffineTransform_float_3_3
Parameters: 0.999989 -0.0033051 0.00316333 0.0033139 0.99999 -0.00281355 -0.00315367 0.00282345 0.999991 -0.0989074 0.112689 0.0559642
FixedParameters: 0 0 0

#Transform 105
Transform: AffineTransform_float_3_3
Parameters: 0.999986 -0.00349695 0.00379812 0.00350904 0.999989 -0.00316971 -0.00378687 0.00318328 0.999988 -0.11496 0.113135 0.0368466
FixedParameters: 0 0 0

#Transform 106
Transform: AffineTransform_float_3_3
Parameters: 0.999987 -0.00363175 0.00372598 0.00364425 0.999988 -0.00328546 -0.00371402 0.00329953 0.999987 -0.107203 0.102785 -0.0167384
FixedParameters: 0 0 0

#Transform 107
Transform: AffineTransform_float_3_3
Parameters: 0.999988 -0.00330378 0.00379505 0.00331322 0.999991 -0.00242646 -0.00378695 0.00243854 0.99999 -0.100795 0.0921235 0.0570126
FixedParameters: 0 0 0

#Transform 108
Transform: AffineTransform_float_3_3
Parameters: 0.999985 -0.00394053 0.00375109 0.00395247 0.999987 -0.00305522 -0.00373892 0.00306978 0.999989 -0.0991184 0.113575 0.0309546
FixedParameters: 0 0 0

#Transform 109
Transform: AffineTransform_float_3_3
Parameters: 0.999984 -0.00383769 0.00401081 0.00385031 0.999988 -0.0030656 -0.00399919 0.0030804 0.999988 -0.111556 0.119583 0.00159007
FixedParameters: 0 0 0

#Transform 110
Transform: AffineTransform_float_3_3
Parameters: 0.999986 -0.00400143 0.00365052 0.00401057 0.999989 -0.0026184 -0.00363948 0.0026336 0.99999 -0.0915826 0.103401 0.0669859
FixedParameters: 0 0 0

#Transform 111
Transform: AffineTransform_float_3_3
Parameters: 0.999984 -0.00387793 0.00399675 0.00389007 0.999988 -0.0030175 -0.00398525 0.0030325 0.999988 -0.112503 0.117945 0.0266322
FixedParameters: 0 0 0

#Transform 112
Transform: AffineTransform_float_3_3
Parameters: 0.999984 -0.00400096 0.00394421 0.00401104 0.999988 -0.00254122 -0.00393479 0.00255678 0.999989 -0.101203 0.0888027 0.0107031
FixedParameters: 0 0 0

#Transform 113
Transform: AffineTransform_float_3_3
Parameters: 0.999985 -0.00400156 0.00353472 0.00401045 0.999989 -0.00266886 -0.00352428 0.00268314 0.99999 -0.0759236 0.105667 0.0734268
FixedParameters: 0 0 0

#Transform 114
Transform: AffineTransform_float_3_3
Parameters: 0.999984 -0.00399969 0.00385875 0.0040103 0.999987 -0.00292657 -0.00384725 0.00294143 0.999989 -0.0883418 0.11924 0.0346115
FixedParameters: 0 0 0

#Transform 115
Transform: AffineTransform_float_3_3
Parameters: 0.999985 -0.00400205 0.00377651 0.00401095 0.999989 -0.00236489 -0.00376749 0.00238011 0.99999 -0.0851177 0.0979125 0.0669346
FixedParameters: 0 0 0

#Transform 116
Transform: AffineTransform_float_3_3
Parameters: 0.999985 -0.00400152 0.00353476 0.00401048 0.999989 -0.00267886 -0.00352424 0.00269214 0.99999 -0.0758703 0.109643 0.0899685
FixedParameters: 0 0 0

#Transform 117
Transform: AffineTransform_float_3_3
Parameters: 0.999983 -0.00418396 0.00389505 0.00419704 0.999985 -0.00334571 -0.00388094 0.00336229 0.999987 -0.0901485 0.116731 0.0177327
FixedParameters: 0 0 0

#Transform 118
Transform: AffineTransform_float_3_3
Parameters: 0.999984 -0.00425054 0.0039076 0.00426246 0.999986 -0.0031864 -0.00389441 0.00320261 0.999988 -0.0905745 0.133425 0.0692958
FixedParameters: 0 0 0

#Transform 119
Transform: AffineTransform_float_3_3
Parameters: 0.999984 -0.00399663 0.00398047 0.00401036 0.999986 -0.00360709 -0.00396552 0.00362391 0.999985 -0.0927416 0.142327 0.0698908
FixedParameters: 0 0 0

#Transform 120
Transform: AffineTransform_float_3_3
Parameters: 0.999984 -0.00399594 0.00417447 0.00401106 0.999986 -0.00360632 -0.00415953 0.00362368 0.999985 -0.10004 0.123573 0.0545932
FixedParameters: 0 0 0

#Transform 121
Transform: AffineTransform_float_3_3
Parameters: 0.999984 -0.00399648 0.00381228 0.00401052 0.999984 -0.00380877 -0.00379672 0.00382423 0.999986 -0.0863193 0.150039 0.0997597
FixedParameters: 0 0 0

#Transform 122
Transform: AffineTransform_float_3_3
Parameters: 0.999985 -0.00399687 0.00379593 0.00401112 0.999985 -0.00372183 -0.00378007 0.00373716 0.999986 -0.0857019 0.144847 0.0880646
FixedParameters: 0 0 0

#Transform 123
Transform: AffineTransform_float_3_3
Parameters: 0.999984 -0.00417006 0.0038631 0.00418394 0.999984 -0.00360689 -0.0038479 0.0036231 0.999986 -0.0886869 0.129665 0.0758218
FixedParameters: 0 0 0

#Transform 124
Transform: AffineTransform_float_3_3
Parameters: 0.999985 -0.00399745 0.00375548 0.00401055 0.999986 -0.003608 -0.00374053 0.00362301 0.999987 -0.0840833 0.150652 0.111774
FixedParameters: 0 0 0

#Transform 125
Transform: AffineTransform_float_3_3
Parameters: 0.999984 -0.00399407 0.00394621 0.00401093 0.999982 -0.00429224 -0.00392879 0.00430776 0.999983 -0.0915311 0.155763 0.0402443
FixedParameters: 0 0 0

#Transform 126
Transform: AffineTransform_float_3_3
Parameters: 0.999986 -0.00399558 0.00364 0.00401042 0.999983 -0.00423947 -0.00362301 0.00425354 0.999985 -0.0746592 0.148816 0.0676257
FixedParameters: 0 0 0

#Transform 127
Transform: AffineTransform_float_3_3
Parameters: 0.999983 -0.00429533 0.00382766 0.00431167 0.999983 -0.00409557 -0.00381034 0.00411144 0.999985 -0.0793949 0.144891 0.121995
FixedParameters: 0 0 0

#Transform 128
Transform: AffineTransform_float_3_3
Parameters: 0.999984 -0.00423852 0.00375667 0.00425448 0.999982 -0.00438909 -0.00373833 0.00440492 0.999984 -0.0848472 0.155852 0.0546532
FixedParameters: 0 0 0

#Transform 129
Transform: AffineTransform_float_3_3
Parameters: 0.999984 -0.00422392 0.00393027 0.00423807 0.999983 -0.00383541 -0.00391374 0.00385259 0.999985 -0.0879416 0.153696 0.0828344
FixedParameters: 0 0 0

#Transform 130
Transform: AffineTransform_float_3_3
Parameters: 0.999985 -0.00399443 0.00393988 0.00401058 0.999983 -0.00420827 -0.00392313 0.00422374 0.999984 -0.0910952 0.160246 0.0837131
FixedParameters: 0 0 0

#Transform 131
Transform: AffineTransform_float_3_3
Parameters: 0.999981 -0.00441104 0.00416616 0.00442995 0.99998 -0.00455163 -0.00414584 0.00456937 0.999981 -0.100783 0.163169 0.0515934
FixedParameters: 0 0 0

#Transform 132
Transform: AffineTransform_float_3_3
Parameters: 0.999983 -0.00431946 0.0038653 0.00433354 0.999984 -0.00376031 -0.00384869 0.00377769 0.999985 -0.0888835 0.149283 0.125031
FixedParameters: 0 0 0

#Transform 133
Transform: AffineTransform_float_3_3
Parameters: 0.999984 -0.00399338 0.00416298 0.00401062 0.999983 -0.00423238 -0.00414503 0.00424962 0.999983 -0.0991478 0.153255 0.165701
FixedParameters: 0 0 0

#Transform 134
Transform: AffineTransform_float_3_3
Parameters: 0.999984 -0.00399236 0.00416396 0.00401064 0.999982 -0.00447838 -0.00414505 0.00449462 0.999982 -0.105791 0.154535 0.0853859
FixedParameters: 0 0 0

#Transform 135
Transform: AffineTransform_float_3_3
Parameters: 0.999984 -0.00399687 0.00415963 0.00401114 0.999986 -0.00339537 -0.00414537 0.00341162 0.999985 -0.0992531 0.142027 0.129438
FixedParameters: 0 0 0

#Transform 136
Transform: AffineTransform_float_3_3
Parameters: 0.999983 -0.00399246 0.0043979 0.00401054 0.999983 -0.00421444 -0.0043811 0.00423257 0.999982 -0.108364 0.148362 0.102839
FixedParameters: 0 0 0

#Transform 137
Transform: AffineTransform_float_3_3
Parameters: 0.999981 -0.00399041 0.00456906 0.00401059 0.999982 -0.00450576 -0.00455094 0.00452424 0.99998 -0.115027 0.159542 0.0777895
FixedParameters: 0 0 0

#Transform 138
Transform: AffineTransform_float_3_3
Parameters: 0.999983 -0.00399226 0.00410331 0.00401073 0.999981 -0.00456762 -0.00408469 0.00458438 0.999981 -0.0971134 0.171708 0.140201
FixedParameters: 0 0 0

#Transform 139
Transform: AffineTransform_float_3_3
Parameters: 0.999982 -0.00410773 0.00423972 0.00412826 0.99998 -0.00478158 -0.00421927 0.00479941 0.999979 -0.0984888 0.179139 0.101908
FixedParameters: 0 0 0

#Transform 140
Transform: AffineTransform_float_3_3
Parameters: 0.999982 -0.00409517 0.00424527 0.00411383 0.999982 -0.00420061 -0.00422772 0.00421739 0.999982 -0.095211 0.171994 0.118384
FixedParameters: 0 0 0

#Transform 141
Transform: AffineTransform_float_3_3
Parameters: 0.999982 -0.00439802 0.00418802 0.00441698 0.99998 -0.00453358 -0.00416798 0.00455241 0.999981 -0.101275 0.186208 0.138757
FixedParameters: 0 0 0

#Transform 142
Transform: AffineTransform_float_3_3
Parameters: 0.999982 -0.00394917 0.00465048 0.00397283 0.99998 -0.00490962 -0.00463152 0.00492838 0.999977 -0.118057 0.172994 0.0610307
FixedParameters: 0 0 0

#Transform 143
Transform: AffineTransform_float_3_3
Parameters: 0.999982 -0.0043974 0.0042444 0.0044176 0.999979 -0.00461934 -0.0042236 0.00463766 0.999981 -0.103365 0.177929 0.135292
FixedParameters: 0 0 0

#Transform 144
Transform: AffineTransform_float_3_3
Parameters: 0.99998 -0.00439254 0.00454377 0.00441745 0.999975 -0.00538604 -0.00451923 0.00540596 0.999975 -0.114919 0.196086 0.0779722
FixedParameters: 0 0 0

#Transform 145
Transform: AffineTransform_float_3_3
Parameters: 0.999977 -0.00439179 0.00505202 0.0044172 0.999978 -0.00498879 -0.00502997 0.0050112 0.999975 -0.13409 0.182887 0.114576
FixedParameters: 0 0 0

#Transform 146
Transform: AffineTransform_float_3_3
Parameters: 0.999978 -0.00439145 0.00492192 0.00441755 0.999977 -0.00519237 -0.00489909 0.00521363 0.999975 -0.120702 0.188015 0.12928
FixedParameters: 0 0 0

#Transform 147
Transform: AffineTransform_float_3_3
Parameters: 0.999977 -0.00438938 0.00520342 0.00441762 0.999976 -0.00530814 -0.00517957 0.00533186 0.999973 -0.139876 0.195162 0.0847886
FixedParameters: 0 0 0

#Transform 148
Transform: AffineTransform_float_3_3
Parameters: 0.999976 -0.00462502 0.00505305 0.00464897 0.999978 -0.00474362 -0.00503095 0.00476738 0.999976 -0.126188 0.190047 0.155915
FixedParameters: 0 0 0

#Transform 149
Transform: AffineTransform_float_3_3
Parameters: 0.999975 -0.00438666 0.00554912 0.00441734 0.999976 -0.00546762 -0.00552487 0.00549237 0.999969 -0.153006 0.209126 0.0921786
FixedParameters: 0 0 0

#Transform 150
Transform: AffineTransform_float_3_3
Parameters: 0.999976 -0.00439054 0.00523331 0.00441746 0.999978 -0.005056 -0.00521068 0.005079 0.999973 -0.135695 0.185824 0.134409
FixedParameters: 0 0 0

#Transform 151
Transform: AffineTransform_float_3_3
Parameters: 0.999978 -0.00445064 0.00492901 0.00447635 0.999976 -0.00514505 -0.00490598 0.00516695 0.999974 -0.129195 0.188063 0.172507
FixedParameters: 0 0 0

#Transform 152
Transform: AffineTransform_float_3_3
Parameters: 0.999977 -0.00438864 0.00518115 0.00441736 0.999976 -0.00547524 -0.00515684 0.00549776 0.999971 -0.139019 0.18393 0.0788462
FixedParameters: 0 0 0

#Transform 153
Transform: AffineTransform_float_3_3
Parameters: 0.999977 -0.00483441 0.00490237 0.00485959 0.999975 -0.0050163 -0.00487863 0.0050397 0.999976 -0.111928 0.17246 0.127799
FixedParameters: 0 0 0

#Transform 154
Transform: AffineTransform_float_3_3
Parameters: 0.999978 -0.00433081 0.00514174 0.00436021 0.999975 -0.00568171 -0.00511726 0.00570329 0.99997 -0.124941 0.187769 0.0673083
FixedParameters: 0 0 0

#Transform 155
Transform: AffineTransform_float_3_3
Parameters: 0.999977 -0.00449788 0.00518553 0.00452612 0.999975 -0.00542366 -0.00516147 0.00544734 0.999972 -0.129131 0.186858 0.0836843
FixedParameters: 0 0 0

#Transform 156
Transform: AffineTransform_float_3_3
Parameters: 0.999976 -0.00460982 0.00519713 0.00463818 0.999974 -0.00542302 -0.00517187 0.00544697 0.999972 -0.128426 0.198213 0.135315
FixedParameters: 0 0 0

#Transform 157
Transform: AffineTransform_float_3_3
Parameters: 0.999975 -0.00464625 0.00530333 0.00467476 0.999975 -0.00542235 -0.00527868 0.00544666 0.999971 -0.144462 0.198652 0.0558783
FixedParameters: 0 0 0

#Transform 158
Transform: AffineTransform_float_3_3
Parameters: 0.999974 -0.0049001 0.00533171 0.0049289 0.999973 -0.00542086 -0.00530429 0.00544714 0.999971 -0.13197 0.222783 0.114389
FixedParameters: 0 0 0

#Transform 159
Transform: AffineTransform_float_3_3
Parameters: 0.999971 -0.00483079 0.00579851 0.00486621 0.999969 -0.00607295 -0.00576948 0.00610104 0.999964 -0.154099 0.247447 0.0465377
FixedParameters: 0 0 0

#Transform 160
Transform: AffineTransform_float_3_3
Parameters: 0.999971 -0.0050377 0.00573873 0.00506729 0.999973 -0.00527607 -0.00571126 0.00530593 0.999969 -0.140085 0.218074 0.114522
FixedParameters: 0 0 0

#Transform 161
Transform: AffineTransform_float_3_3
Parameters: 0.999971 -0.00489566 0.00570975 0.00492934 0.999971 -0.00584002 -0.00568124 0.00586798 0.999966 -0.140536 0.218021 0.0784857
FixedParameters: 0 0 0

#Transform 162
Transform: AffineTransform_float_3_3
Parameters: 0.999969 -0.00489416 0.00607324 0.00492885 0.999972 -0.00573524 -0.00604576 0.00576477 0.999965 -0.161587 0.21403 0.05513
FixedParameters: 0 0 0

#Transform 163
Transform: AffineTransform_float_3_3
Parameters: 0.99997 -0.00489476 0.00602597 0.00492923 0.999971 -0.00567946 -0.00599802 0.00570953 0.999965 -0.158288 0.21168 0.122153
FixedParameters: 0 0 0

#Transform 164
Transform: AffineTransform_float_3_3
Parameters: 0.999965 -0.00534808 0.00634472 0.00538892 0.999964 -0.00645003 -0.00631028 0.00648397 0.999959 -0.185559 0.226368 0.0475829
FixedParameters: 0 0 0

#Transform 165
Transform: AffineTransform_float_3_3
Parameters: 0.999968 -0.00505972 0.00627525 0.00509729 0.99997 -0.00594021 -0.00624475 0.00597179 0.999962 -0.159957 0.227142 0.142132
FixedParameters: 0 0 0

#Transform 166
Transform: AffineTransform_float_3_3
Parameters: 0.999969 -0.00474806 0.00637844 0.00478994 0.999967 -0.00657566 -0.00634757 0.00660635 0.999958 -0.16604 0.245433 0.0876884
FixedParameters: 0 0 0

#Transform 167
Transform: AffineTransform_float_3_3
Parameters: 0.999968 -0.00508564 0.00627465 0.00512136 0.99997 -0.00579305 -0.00624435 0.00582494 0.999963 -0.149389 0.208317 0.118889
FixedParameters: 0 0 0

#Transform 168
Transform: AffineTransform_float_3_3
Parameters: 0.99997 -0.00467373 0.00619084 0.00471327 0.999969 -0.00634401 -0.00616115 0.00637298 0.99996 -0.145265 0.219884 0.137008
FixedParameters: 0 0 0

#Transform 169
Transform: AffineTransform_float_3_3
Parameters: 0.999969 -0.00489155 0.00627674 0.00493245 0.999967 -0.00644525 -0.00624427 0.00647575 0.99996 -0.160108 0.225172 0.0950739
FixedParameters: 0 0 0

#Transform 170
Transform: AffineTransform_float_3_3
Parameters: 0.999966 -0.00535117 0.00627745 0.00538883 0.999968 -0.00602538 -0.00624455 0.00605962 0.999962 -0.14992 0.211522 0.158319
FixedParameters: 0 0 0

#Transform 171
Transform: AffineTransform_float_3_3
Parameters: 0.999966 -0.00534802 0.00628013 0.00538898 0.999964 -0.00652738 -0.00624487 0.00656062 0.999959 -0.150368 0.230839 0.102752
FixedParameters: 0 0 0

#Transform 172
Transform: AffineTransform_float_3_3
Parameters: 0.999967 -0.00486567 0.00641249 0.00490232 0.999971 -0.00581776 -0.00638351 0.00584925 0.999963 -0.157974 0.201104 0.106369
FixedParameters: 0 0 0

#Transform 173
Transform: AffineTransform_float_3_3
Parameters: 0.999967 -0.00501849 0.00627438 0.00505551 0.999971 -0.00581647 -0.00624462 0.00584853 0.999964 -0.14899 0.216344 0.180984
FixedParameters: 0 0 0

#Transform 174
Transform: AffineTransform_float_3_3
Parameters: 0.999967 -0.00471838 0.00662567 0.00475662 0.999971 -0.00582468 -0.00659833 0.00585633 0.999961 -0.169353 0.216606 0.120627
FixedParameters: 0 0 0

#Transform 175
Transform: AffineTransform_float_3_3
Parameters: 0.999969 -0.00480523 0.00627102 0.00483877 0.999974 -0.00538082 -0.00624498 0.00541118 0.999966 -0.155823 0.206062 0.161088
FixedParameters: 0 0 0

#Transform 176
Transform: AffineTransform_float_3_3
Parameters: 0.999969 -0.00479092 0.00627349 0.00482807 0.999971 -0.00590789 -0.00624451 0.0059381 0.999963 -0.159908 0.225965 0.148775
FixedParameters: 0 0 0

#Transform 177
Transform: AffineTransform_float_3_3
Parameters: 0.999968 -0.00466965 0.00648877 0.00470835 0.999972 -0.00590764 -0.00646022 0.00593836 0.999961 -0.168577 0.215514 0.0969622
FixedParameters: 0 0 0

#Transform 178
Transform: AffineTransform_float_3_3
Parameters: 0.999969 -0.00479242 0.00627235 0.00482858 0.999973 -0.00566989 -0.00624465 0.00570011 0.999965 -0.148629 0.228007 0.165493
FixedParameters: 0 0 0

#Transform 179
Transform: AffineTransform_float_3_3
Parameters: 0.999969 -0.00512477 0.00599516 0.00516024 0.999969 -0.00604425 -0.00596384 0.00607475 0.999964 -0.14751 0.233614 0.0923801
FixedParameters: 0 0 0
