#Insight Transform File V1.0
#Transform 0
Transform: AffineTransform_float_3_3
Parameters: 0.999999 0.00158576 0.0007735 -0.00158624 0.999998 0.000314773 -0.000772499 -0.000316225 0.999999 -0.0155546 -0.0540485 -0.00253883
FixedParameters: 0 0 0

#Transform 1
Transform: AffineTransform_float_3_3
Parameters: 0.999998 0.00175999 0.00110301 -0.00176001 0.999999 7.05871e-06 -0.00110299 -8.94127e-06 1 -0.0177471 -0.0267768 -0.0312664
FixedParameters: 0 0 0

#Transform 2
Transform: AffineTransform_float_3_3
Parameters: 0.999998 0.00158607 0.0010139 -0.00158593 0.999998 -6.66081e-05 -0.0010141 6.43917e-05 1 -0.000615545 -0.00310685 -0.0379516
FixedParameters: 0 0 0

#Transform 3
Transform: AffineTransform_float_3_3
Parameters: 0.999998 0.00124628 0.00160956 -0.00124672 0.999999 0.000444995 -0.00160944 -0.000447007 0.999999 -0.0107747 -0.0332547 0.0138136
FixedParameters: 0 0 0

#Transform 4
Transform: AffineTransform_float_3_3
Parameters: 0.999997 0.00158593 0.00153607 -0.00158607 0.999998 4.55638e-05 -0.00153592 -4.8436e-05 0.999999 -0.0260314 -0.0188065 -0.0321299
FixedParameters: 0 0 0

#Transform 5
Transform: AffineTransform_float_3_3
Parameters: 0.999997 0.00113365 0.00188121 -0.00113335 1 0.000184868 -0.00188079 -0.000187133 0.999998 -0.0387267 -0.0513869 -0.000755974
FixedParameters: 0 0 0

#Transform 6
Transform: AffineTransform_float_3_3
Parameters: 0.999998 0.00113365 0.00136229 -0.00113335 1 0.000254457 -0.00136171 -0.000255544 0.999999 -0.0190607 -0.0221842 0.0539156
FixedParameters: 0 0 0

#Transform 7
Transform: AffineTransform_float_3_3
Parameters: 0.999998 0.00113224 0.00161324 -0.00113376 0.999999 0.00109317 -0.00161176 -0.00109483 0.999998 -0.0332659 -0.0185616 0.153652
FixedParameters: 0 0 0

#Transform 8
Transform: AffineTransform_float_3_3
Parameters: 0.999997 0.00113433 0.00181379 -0.00113367 1 -0.000183057 -0.00181321 0.000181944 0.999999 -0.0544606 -0.000758616 0.0446611
FixedParameters: 0 0 0

#Transform 9
Transform: AffineTransform_float_3_3
Parameters: 0.999998 0.00113283 0.00115615 -0.00113317 0.999999 0.00101469 -0.00115485 -0.00101631 0.999999 -0.0421721 -0.00469034 0.103182
FixedParameters: 0 0 0

#Transform 10
Transform: AffineTransform_float_3_3
Parameters: 0.999997 0.00128832 0.00181191 -0.00129068 0.999998 0.00147967 -0.00181009 -0.00148234 0.999998 -0.0321666 -0.0385577 0.0538673
FixedParameters: 0 0 0

#Transform 11
Transform: AffineTransform_float_3_3
Parameters: 0.999997 0.00113132 0.00181168 -0.00113368 0.999999 0.00148095 -0.00181032 -0.00148305 0.999998 -0.067048 -0.0380398 0.0367558
FixedParameters: 0 0 0

#Transform 12
Transform: AffineTransform_float_3_3
Parameters: 0.999997 0.00176999 0.00133667 -0.00177201 0.999998 0.00150564 -0.00133433 -0.00150837 0.999998 -0.0522239 -0.0408119 0.00872878
FixedParameters: 0 0 0

#Transform 13
Transform: AffineTransform_float_3_3
Parameters: 0.999998 0.00113173 0.00128101 -0.00113327 0.999998 0.00177255 -0.00127899 -0.00177445 0.999997 -0.0567849 -0.0435488 -0.00984819
FixedParameters: 0 0 0

#Transform 14
Transform: AffineTransform_float_3_3
Parameters: 0.999998 0.00147453 0.000938306 -0.00147546 0.999997 0.00156262 -0.000935694 -0.00156438 0.999999 -0.0576787 -0.0406941 0.0152049
FixedParameters: 0 0 0

#Transform 15
Transform: AffineTransform_float_3_3
Parameters: 0.999999 0.00113259 0.000954682 -0.00113341 0.999999 0.00148292 -0.00095232 -0.00148408 0.999999 -0.0353658 -0.0306679 0.0144948
FixedParameters: 0 0 0

#Transform 16
Transform: AffineTransform_float_3_3
Parameters: 0.999998 0.00113214 0.00112188 -0.00113386 0.999998 0.00166173 -0.00112012 -0.00166227 0.999998 -0.0386136 -0.0479678 0.0179589
FixedParameters: 0 0 0

#Transform 17
Transform: AffineTransform_float_3_3
Parameters: 0.999998 0.00113202 0.00126977 -0.00113398 0.999998 0.00156256 -0.00126823 -0.00156444 0.999998 -0.0413436 -0.0273811 0.0412698
FixedParameters: 0 0 0

#Transform 18
Transform: AffineTransform_float_3_3
Parameters: 1 0.000382874 0.00100043 -0.000384127 1 0.00112562 -0.00100057 -0.00112638 0.999999 -0.0357282 -0.00197133 0.0390403
FixedParameters: 0 0 0

#Transform 19
Transform: AffineTransform_float_3_3
Parameters: 1 0.000383905 0.000537068 -0.000384095 1 0.000176794 -0.000536932 -0.000177206 1 -0.0269598 -0.00658181 0.0511104
FixedParameters: 0 0 0

#Transform 20
Transform: AffineTransform_float_3_3
Parameters: 1 -0.000183999 -2.30044e-05 0.000184001 1 2.39958e-05 2.29956e-05 -2.40042e-05 1 -0.00197421 0.00783944 0.00837707
FixedParameters: 0 0 0

#Transform 21
Transform: AffineTransform_float_3_3
Parameters: 1 8.99936e-06 -2.30003e-05 -9.00064e-06 1 -2.79998e-05 2.29997e-05 2.80002e-05 1 0.0144111 0.0213095 0.0635252
FixedParameters: 0 0 0

#Transform 22
Transform: AffineTransform_float_3_3
Parameters: 1 0.00050964 -0.000988186 -0.000510359 1 -0.000363496 0.000987815 0.000364504 1 -0.00599462 0.00307964 0.0523761
FixedParameters: 0 0 0

#Transform 23
Transform: AffineTransform_float_3_3
Parameters: 1 0.000463679 -0.000888167 -0.000464321 1 -0.000360588 0.000887832 0.000361412 0.999999 -0.0237324 0.0245979 0.0587641
FixedParameters: 0 0 0

#Transform 24
Transform: AffineTransform_float_3_3
Parameters: 0.999999 0.000464141 -0.000574886 -0.000463859 1 0.000245267 0.000575113 -0.000244733 1 -0.00498886 -0.0260301 -0.0490222
FixedParameters: 0 0 0

#Transform 25
Transform: AffineTransform_float_3_3
Parameters: 0.999999 0.000463797 -0.000575163 -0.000464202 1 -0.000351733 0.000574836 0.000352267 1 -0.0262411 0.00929779 -0.0532188
FixedParameters: 0 0 0

#Transform 26
Transform: AffineTransform_float_3_3
Parameters: 0.999999 0.000463657 -0.000716222 -0.000464343 1 -0.000478667 0.000715777 0.000479332 0.999999 -0.0235339 0.00697919 -0.115634
FixedParameters: 0 0 0

#Transform 27
Transform: AffineTransform_float_3_3
Parameters: 0.999999 0.000463595 -0.000575326 -0.000464404 0.999999 -0.000703732 0.000574673 0.000704266 0.999999 -0.026209 0.0159956 -0.096633
FixedParameters: 0 0 0

#Transform 28
Transform: AffineTransform_float_3_3
Parameters: 0.999999 0.00068363 -0.00042859 -0.00068337 1 -0.000863707 0.000428409 0.000864293 0.999999 -0.029084 0.0182245 -0.109404
FixedParameters: 0 0 0

#Transform 29
Transform: AffineTransform_float_3_3
Parameters: 0.999999 3.07375e-05 -0.000815049 -3.22624e-05 0.999999 -0.00154897 0.000814951 0.00154903 0.999999 -0.0458422 0.0504702 -0.127614
FixedParameters: 0 0 0

#Transform 30
Transform: AffineTransform_float_3_3
Parameters: 0.999999 -0.000119903 -0.000922755 0.000118098 0.999998 -0.00206211 0.000922245 0.00206189 0.999998 0.00458421 0.0606304 -0.0812537
FixedParameters: 0 0 0

#Transform 31
Transform: AffineTransform_float_3_3
Parameters: 1 -0.000435249 -9.79e-05 0.000435751 0.999996 -0.00252804 9.91019e-05 0.00252796 0.999997 -0.0109306 0.0705174 -0.0608644
FixedParameters: 0 0 0

#Transform 32
Transform: AffineTransform_float_3_3
Parameters: 1 -0.000541256 0.000204975 0.000541744 0.999993 -0.00364589 -0.000203026 0.00364611 0.999994 0.00520081 0.0919959 -0.0989014
FixedParameters: 0 0 0

#Transform 33
Transform: AffineTransform_float_3_3
Parameters: 0.999999 -0.00109139 0.000841704 0.00109461 0.99999 -0.00430209 -0.000837299 0.00430292 0.999991 0.00947659 0.0976864 -0.180181
FixedParameters: 0 0 0

#Transform 34
Transform: AffineTransform_float_3_3
Parameters: 0.999999 -0.00151298 0.00030808 0.00151502 0.999976 -0.00665754 -0.000297921 0.00665746 0.999978 -0.011367 0.121531 -0.143305
FixedParameters: 0 0 0

#Transform 35
Transform: AffineTransform_float_3_3
Parameters: 0.999998 -0.001499 0.000658491 0.001504 0.999969 -0.00765202 -0.00064751 0.00765298 0.999971 -0.000753329 0.116005 -0.292486
FixedParameters: 0 0 0

#Transform 36
Transform: AffineTransform_float_3_3
Parameters: 0.999998 -0.00156794 0.00132223 0.00157906 0.999964 -0.00840493 -0.00130877 0.00840607 0.999964 0.00805397 0.138438 -0.291112
FixedParameters: 0 0 0

#Transform 37
Transform: AffineTransform_float_3_3
Parameters: 0.999997 -0.00146923 0.00183971 0.00148577 0.999962 -0.00860129 -0.00182729 0.00860371 0.999962 0.0132452 0.125921 -0.385208
FixedParameters: 0 0 0

#Transform 38
Transform: AffineTransform_float_3_3
Parameters: 0.999997 -0.00146813 0.00184059 0.00148588 0.999956 -0.00919929 -0.00182741 0.0092017 0.999956 0.0187825 0.125479 -0.385415
FixedParameters: 0 0 0

#Transform 39
Transform: AffineTransform_float_3_3
Parameters: 0.999999 -0.00147449 0.00107062 0.00148551 0.99995 -0.00988042 -0.00105637 0.00988157 0.99995 0.00789501 0.138003 -0.365792
FixedParameters: 0 0 0

#Transform 40
Transform: AffineTransform_float_3_3
Parameters: 0.999996 -0.00279037 0.000263567 0.00279364 0.99994 -0.0105903 -0.000234427 0.0105907 0.999944 0.0175208 0.151741 -0.397217
FixedParameters: 0 0 0

#Transform 41
Transform: AffineTransform_float_3_3
Parameters: 0.999999 -0.00182447 0.000252986 0.00182753 0.999945 -0.0103986 -0.00023401 0.0103984 0.999946 -0.00802238 0.14896 -0.377407
FixedParameters: 0 0 0

#Transform 42
Transform: AffineTransform_float_3_3
Parameters: 0.999998 -0.00170765 0.00117515 0.00172035 0.999943 -0.010588 -0.00115685 0.01059 0.999944 -0.0254405 0.152005 -0.361927
FixedParameters: 0 0 0

#Transform 43
Transform: AffineTransform_float_3_3
Parameters: 0.999995 -0.00216625 0.00201977 0.00218975 0.999927 -0.0118306 -0.00199423 0.0118354 0.999928 -0.00404976 0.159666 -0.380555
FixedParameters: 0 0 0

#Transform 44
Transform: AffineTransform_float_3_3
Parameters: 0.999996 -0.00191413 0.00219087 0.00193987 0.999927 -0.0118658 -0.00216813 0.0118702 0.999927 -0.00475198 0.169613 -0.35771
FixedParameters: 0 0 0

#Transform 45
Transform: AffineTransform_float_3_3
Parameters: 0.999997 -0.00154323 0.0019855 0.00156776 0.99992 -0.0125329 -0.0019655 0.0125361 0.999919 0.00534418 0.164433 -0.365522
FixedParameters: 0 0 0

#Transform 46
Transform: AffineTransform_float_3_3
Parameters: 0.999997 -0.00200635 0.00175524 0.00202865 0.999914 -0.0130015 -0.00172877 0.0130045 0.999914 -0.0132324 0.1576 -0.339649
FixedParameters: 0 0 0

#Transform 47
Transform: AffineTransform_float_3_3
Parameters: 0.999995 -0.002545 0.00176268 0.002568 0.99991 -0.0131705 -0.00172932 0.0131745 0.999911 -0.0234037 0.195041 -0.241507
FixedParameters: 0 0 0

#Transform 48
Transform: AffineTransform_float_3_3
Parameters: 0.999994 -0.00166051 0.003044 0.00170249 0.999905 -0.0136779 -0.00302099 0.0136831 0.999902 -0.00710991 0.183949 -0.232456
FixedParameters: 0 0 0

#Transform 49
Transform: AffineTransform_float_3_3
Parameters: 0.999991 -0.00268394 0.00346913 0.00273006 0.999908 -0.0133417 -0.00343287 0.0133513 0.999905 0.0141753 0.18116 -0.231534
FixedParameters: 0 0 0

#Transform 50
Transform: AffineTransform_float_3_3
Parameters: 0.999992 -0.0026858 0.00315418 0.0027302 0.999897 -0.0140935 -0.00311582 0.0141025 0.999895 0.00810552 0.188722 -0.257643
FixedParameters: 0 0 0

#Transform 51
Transform: AffineTransform_float_3_3
Parameters: 0.99999 -0.00285723 0.00345166 0.00290778 0.999887 -0.0147951 -0.00340934 0.0148049 0.999884 0.0023286 0.19503 -0.319943
FixedParameters: 0 0 0

#Transform 52
Transform: AffineTransform_float_3_3
Parameters: 0.999989 -0.00324397 0.00345066 0.00329603 0.99988 -0.0151808 -0.00340134 0.0151912 0.999879 0.0122041 0.185906 -0.287784
FixedParameters: 0 0 0

#Transform 53
Transform: AffineTransform_float_3_3
Parameters: 0.999982 -0.00402896 0.0043233 0.00410002 0.999854 -0.0165486 -0.00425569 0.0165664 0.999853 0.0269015 0.205344 -0.28807
FixedParameters: 0 0 0

#Transform 54
Transform: AffineTransform_float_3_3
Parameters: 0.99998 -0.00387896 0.00494984 0.00396404 0.999842 -0.0172867 -0.00488217 0.0173063 0.999839 0.0123041 0.212689 -0.29356
FixedParameters: 0 0 0

#Transform 55
Transform: AffineTransform_float_3_3
Parameters: 0.999983 -0.00348182 0.0047076 0.00356118 0.99985 -0.0169165 -0.00464839 0.0169325 0.999846 0.0427108 0.217003 -0.127576
FixedParameters: 0 0 0

#Transform 56
Transform: AffineTransform_float_3_3
Parameters: 0.999984 -0.00402962 0.0040276 0.00409839 0.999845 -0.0171168 -0.0039584 0.0171322 0.999846 0.0155716 0.244132 -0.154656
FixedParameters: 0 0 0

#Transform 57
Transform: AffineTransform_float_3_3
Parameters: 0.999991 -0.0035173 0.00229874 0.00355569 0.999856 -0.016607 -0.00223925 0.016615 0.99986 -0.0111328 0.246129 0.036667
FixedParameters: 0 0 0

#Transform 58
Transform: AffineTransform_float_3_3
Parameters: 0.999991 -0.00304532 0.00300804 0.00309267 0.999867 -0.0159738 -0.00295896 0.0159831 0.999868 -0.0267948 0.257706 -0.0442593
FixedParameters: 0 0 0

#Transform 59
Transform: AffineTransform_float_3_3
Parameters: 0.999988 -0.00328934 0.00377838 0.00335366 0.999851 -0.0169685 -0.00372161 0.0169815 0.999849 -0.0175438 0.264272 -0.203023
FixedParameters: 0 0 0

#Transform 60
Transform: AffineTransform_float_3_3
Parameters: 0.999988 -0.00329174 0.00344852 0.00335324 0.999834 -0.0179096 -0.00338847 0.0179214 0.999833 -0.0242808 0.249301 -0.176301
FixedParameters: 0 0 0

#Transform 61
Transform: AffineTransform_float_3_3
Parameters: 0.999993 -0.00271696 0.00259525 0.00276504 0.999822 -0.018692 -0.00254375 0.0186991 0.999822 -0.0163018 0.239507 -0.0916776
FixedParameters: 0 0 0

#Transform 62
Transform: AffineTransform_float_3_3
Parameters: 0.99999 -0.00310918 0.00326602 0.00316782 0.99983 -0.0181618 -0.00320898 0.0181722 0.999829 -0.013401 0.243705 -0.124578
FixedParameters: 0 0 0

#Transform 63
Transform: AffineTransform_float_3_3
Parameters: 0.999986 -0.00308156 0.00447181 0.00316744 0.999806 -0.0194521 -0.0044112 0.0194669 0.999801 0.00103715 0.256859 -0.313897
FixedParameters: 0 0 0

#Transform 64
Transform: AffineTransform_float_3_3
Parameters: 0.999988 -0.00249526 0.00407433 0.00258573 0.999751 -0.0221697 -0.00401765 0.0221803 0.999746 -0.00116282 0.260277 -0.308268
FixedParameters: 0 0 0

#Transform 65
Transform: AffineTransform_float_3_3
Parameters: 0.99999 -0.00234688 0.00395106 0.00243412 0.999751 -0.0221906 -0.00389793 0.0222004 0.999746 -0.0113113 0.294513 -0.351561
FixedParameters: 0 0 0

#Transform 66
Transform: AffineTransform_float_3_3
Parameters: 0.999991 -0.00168077 0.00393775 0.00177124 0.999734 -0.0230252 -0.00389824 0.0230318 0.999727 -0.0146489 0.264613 -0.402232
FixedParameters: 0 0 0

#Transform 67
Transform: AffineTransform_float_3_3
Parameters: 0.999991 -0.00156083 0.00408592 0.00166414 0.999677 -0.0253684 -0.00404408 0.0253755 0.99967 0.00459588 0.291181 -0.327334
FixedParameters: 0 0 0

#Transform 68
Transform: AffineTransform_float_3_3
Parameters: 0.999993 -0.00170337 0.00339135 0.00177162 0.999791 -0.0203361 -0.00335566 0.0203429 0.999788 -0.0116948 0.240189 -0.445553
FixedParameters: 0 0 0

#Transform 69
Transform: AffineTransform_float_3_3
Parameters: 1 -0.000752247 0.000841426 0.000767763 0.999843 -0.0176724 -0.000828562 0.0176726 0.999844 -0.00934402 0.150382 -0.413188
FixedParameters: 0 0 0

#Transform 70
Transform: AffineTransform_float_3_3
Parameters: 0.999999 -0.000647765 0.00119067 0.000667241 0.999868 -0.0162262 -0.00118033 0.0162268 0.999867 -0.00295147 0.140087 -0.466049
FixedParameters: 0 0 0

#Transform 71
Transform: AffineTransform_float_3_3
Parameters: 1 -0.000223367 0.00111169 0.000240622 0.999874 -0.0158867 -0.00110732 0.0158873 0.999873 -0.0121257 0.185584 -0.466391
FixedParameters: 0 0 0

#Transform 72
Transform: AffineTransform_float_3_3
Parameters: 0.999998 -0.000201364 0.00227286 0.000240637 0.999847 -0.0174515 -0.00226915 0.0174525 0.999845 -0.0165522 0.251132 -0.538464
FixedParameters: 0 0 0

#Transform 73
Transform: AffineTransform_float_3_3
Parameters: 0.999996 -0.000500695 0.002872 0.000555307 0.999821 -0.0189395 -0.00286199 0.0189405 0.999816 -0.00578349 0.255567 -0.565396
FixedParameters: 0 0 0

#Transform 74
Transform: AffineTransform_float_3_3
Parameters: 0.999998 -0.000690785 0.00151613 0.000721213 0.9998 -0.0200199 -0.00150186 0.0200211 0.999799 -0.0471282 0.234267 -0.560932
FixedParameters: 0 0 0

#Transform 75
Transform: AffineTransform_float_3_3
Parameters: 0.999999 -0.00115832 0.000984193 0.00117668 0.999835 -0.0181559 -0.000962794 0.0181571 0.999834 -0.0399904 0.202197 -0.489409
FixedParameters: 0 0 0

#Transform 76
Transform: AffineTransform_float_3_3
Parameters: 0.999999 -0.000640912 0.000621639 0.000652094 0.999837 -0.0180036 -0.000610359 0.0180034 0.999837 -0.0310663 0.220241 -0.442707
FixedParameters: 0 0 0

#Transform 77
Transform: AffineTransform_float_3_3
Parameters: 1 0.000123112 -0.000661916 -0.00013289 0.999888 -0.0149599 0.000660086 0.0149591 0.999888 -0.0245152 0.160514 -0.459772
FixedParameters: 0 0 0

#Transform 78
Transform: AffineTransform_float_3_3
Parameters: 1 -0.00042227 -0.00110391 0.000406729 0.999892 -0.0146975 0.0011101 0.0146965 0.999892 -0.0114777 0.108086 -0.43604
FixedParameters: 0 0 0

#Transform 79
Transform: AffineTransform_float_3_3
Parameters: 0.999999 -0.0014845 0.000295554 0.00148949 0.999874 -0.0158416 -0.000271439 0.0158414 0.999875 -0.0140289 0.182753 -0.525456
FixedParameters: 0 0 0

#Transform 80
Transform: AffineTransform_float_3_3
Parameters: 0.999998 -0.00149773 -0.000562281 0.00148928 0.999883 -0.0152129 0.000584723 0.0152121 0.999884 -0.000343881 0.186601 -0.525404
FixedParameters: 0 0 0

#Transform 81
Transform: AffineTransform_float_3_3
Parameters: 0.999999 -0.00170682 -0.000422351 0.00170018 0.999876 -0.0156437 0.000449652 0.0156433 0.999877 0.0160215 0.194274 -0.437167
FixedParameters: 0 0 0

#Transform 82
Transform: AffineTransform_float_3_3
Parameters: 0.999997 -0.00245967 0.000155656 0.00246233 0.999846 -0.0173327 -0.000113337 0.0173333 0.99985 0.013924 0.229444 -0.480705
FixedParameters: 0 0 0

#Transform 83
Transform: AffineTransform_float_3_3
Parameters: 0.999996 -0.00274801 0.000872087 0.00276399 0.999817 -0.0188967 -0.000819912 0.0188993 0.999821 0.0211591 0.212879 -0.542476
FixedParameters: 0 0 0

#Transform 84
Transform: AffineTransform_float_3_3
Parameters: 0.999997 -0.00226971 0.000807351 0.00228328 0.999833 -0.0181592 -0.00076566 0.0181618 0.999835 0.000412724 0.209952 -0.488716
FixedParameters: 0 0 0

#Transform 85
Transform: AffineTransform_float_3_3
Parameters: 0.999995 -0.00275813 0.00186333 0.00279687 0.999783 -0.0206399 -0.00180565 0.0206451 0.999785 0.000645428 0.236053 -0.632701
FixedParameters: 0 0 0

#Transform 86
Transform: AffineTransform_float_3_3
Parameters: 0.999994 -0.00266369 0.00218012 0.00271031 0.999755 -0.0219952 -0.00212089 0.0220008 0.999755 -0.00590204 0.235038 -0.62884
FixedParameters: 0 0 0

#Transform 87
Transform: AffineTransform_float_3_3
Parameters: 0.999994 -0.00255296 0.00258074 0.00261105 0.999738 -0.0227444 -0.00252226 0.0227506 0.999738 -0.0112197 0.225825 -0.669148
FixedParameters: 0 0 0

#Transform 88
Transform: AffineTransform_float_3_3
Parameters: 0.999992 -0.00278237 0.00310881 0.00285163 0.999748 -0.0222933 -0.00304617 0.0223027 0.999746 -0.0318974 0.178868 -0.640858
FixedParameters: 0 0 0

#Transform 89
Transform: AffineTransform_float_3_3
Parameters: 0.999993 -0.0027256 0.00262876 0.0027824 0.999761 -0.0216948 -0.00256923 0.0217022 0.999761 -0.0173012 0.210852 -0.608468
FixedParameters: 0 0 0

#Transform 90
Transform: AffineTransform_float_3_3
Parameters: 0.999993 -0.00265919 0.00233596 0.00270981 0.999764 -0.0215868 -0.00227803 0.0215932 0.999764 0.00278153 0.221449 -0.665787
FixedParameters: 0 0 0

#Transform 91
Transform: AffineTransform_float_3_3
Parameters: 0.999991 -0.00261512 0.00341133 0.00269287 0.999738 -0.022729 -0.00335065 0.022738 0.999736 0.00591893 0.23243 -0.75224
FixedParameters: 0 0 0

#Transform 92
Transform: AffineTransform_float_3_3
Parameters: 0.999989 -0.00374568 0.00287974 0.00381332 0.999711 -0.0237373 -0.00279025 0.0237477 0.999714 0.0149264 0.236291 -0.694566
FixedParameters: 0 0 0

#Transform 93
Transform: AffineTransform_float_3_3
Parameters: 0.999985 -0.00492308 0.0023045 0.00498591 0.999592 -0.0281449 -0.0021645 0.0281561 0.999601 0.0362038 0.298139 -0.459173
FixedParameters: 0 0 0

#Transform 94
Transform: AffineTransform_float_3_3
Parameters: 0.999984 -0.00514452 0.00257034 0.00521647 0.999576 -0.0286221 -0.00242165 0.0286349 0.999587 0.0102322 0.290122 -0.559669
FixedParameters: 0 0 0

#Transform 95
Transform: AffineTransform_float_3_3
Parameters: 0.999978 -0.0058092 0.00315154 0.00589678 0.999583 -0.028269 -0.00298544 0.028287 0.999596 0.00677657 0.29972 -0.578091
FixedParameters: 0 0 0

#Transform 96
Transform: AffineTransform_float_3_3
Parameters: 0.999986 -0.0050551 0.0015215 0.00509492 0.99961 -0.0274786 -0.0013825 0.0274864 0.999621 -0.00811309 0.23227 -0.543507
FixedParameters: 0 0 0

#Transform 97
Transform: AffineTransform_float_3_3
Parameters: 0.999989 -0.00448131 0.00065764 0.0044967 0.999646 -0.0261993 -0.00054037 0.0262017 0.999657 -0.00158417 0.183396 -0.571829
FixedParameters: 0 0 0

#Transform 98
Transform: AffineTransform_float_3_3
Parameters: 0.999992 -0.00399442 0.000638985 0.00400958 0.999686 -0.0247306 -0.000539999 0.0247334 0.999694 -0.0223566 0.190209 -0.618553
FixedParameters: 0 0 0

#Transform 99
Transform: AffineTransform_float_3_3
Parameters: 0.999993 -0.0035658 0.000621222 0.00357922 0.999735 -0.0227319 -0.000540776 0.0227331 0.999742 -0.0172677 0.207795 -0.555462
FixedParameters: 0 0 0

#Transform 100
Transform: AffineTransform_float_3_3
Parameters: 0.999995 -0.00260022 0.00166524 0.00263578 0.999757 -0.0218577 -0.00160777 0.0218623 0.999759 -0.0569982 0.205245 -0.603657
FixedParameters: 0 0 0

#Transform 101
Transform: AffineTransform_float_3_3
Parameters: 0.999995 -0.00260717 0.00139527 0.00263583 0.999775 -0.0210774 -0.00133974 0.0210806 0.999777 -0.0467382 0.212674 -0.536752
FixedParameters: 0 0 0

#Transform 102
Transform: AffineTransform_float_3_3
Parameters: 0.999998 -0.00205464 0.001121 0.00207737 0.999791 -0.0203287 -0.00107899 0.0203313 0.999792 -0.0566677 0.226685 -0.566085
FixedParameters: 0 0 0

#Transform 103
Transform: AffineTransform_float_3_3
Parameters: 0.999998 -0.00205572 0.00106993 0.00207729 0.999792 -0.0202888 -0.00102807 0.0202902 0.999793 -0.0536909 0.248283 -0.559947
FixedParameters: 0 0 0

#Transform 104
Transform: AffineTransform_float_3_3
Parameters: 0.999998 -0.00205765 0.000942448 0.00207734 0.999777 -0.0210131 -0.000898545 0.0210149 0.999779 -0.0388201 0.255229 -0.500763
FixedParameters: 0 0 0

#Transform 105
Transform: AffineTransform_float_3_3
Parameters: 0.999998 -0.00161556 -0.000356186 0.00160642 0.999737 -0.0228446 0.000393801 0.0228444 0.999739 -0.0280689 0.265263 -0.364536
FixedParameters: 0 0 0

#Transform 106
Transform: AffineTransform_float_3_3
Parameters: 0.999999 -0.0014739 -0.000358173 0.00146508 0.999718 -0.0236976 0.00039383 0.0236975 0.999719 -0.0106383 0.258617 -0.449258
FixedParameters: 0 0 0

#Transform 107
Transform: AffineTransform_float_3_3
Parameters: 0.999997 -0.00199745 0.00139822 0.00203355 0.999663 -0.0259063 -0.00134577 0.0259088 0.999664 0.00163025 0.31436 -0.471818
FixedParameters: 0 0 0

#Transform 108
Transform: AffineTransform_float_3_3
Parameters: 0.999992 -0.00325961 0.0020951 0.00331639 0.999603 -0.0280003 -0.00200291 0.0280077 0.999605 -0.000936058 0.32056 -0.572001
FixedParameters: 0 0 0

#Transform 109
Transform: AffineTransform_float_3_3
Parameters: 0.999996 -0.00282636 0.000663241 0.00284363 0.999595 -0.0282952 -0.000582767 0.0282978 0.9996 0.0274938 0.289748 -0.498095
FixedParameters: 0 0 0

#Transform 110
Transform: AffineTransform_float_3_3
Parameters: 0.999994 -0.00320749 0.00137595 0.00324451 0.999597 -0.0281827 -0.00128507 0.0281863 0.999602 0.0222431 0.294197 -0.60961
FixedParameters: 0 0 0

#Transform 111
Transform: AffineTransform_float_3_3
Parameters: 0.999997 -0.00245987 0.000460334 0.00247115 0.999591 -0.028516 -0.00039069 0.0285171 0.999593 0.0196565 0.287712 -0.597917
FixedParameters: 0 0 0

#Transform 112
Transform: AffineTransform_float_3_3
Parameters: 0.999996 -0.00246435 0.000943907 0.00248965 0.999599 -0.0282138 -0.000874102 0.0282163 0.999602 0.0385637 0.231745 -0.581186
FixedParameters: 0 0 0

#Transform 113
Transform: AffineTransform_float_3_3
Parameters: 0.999997 -0.00243571 0.00108288 0.0024663 0.999579 -0.0289144 -0.00101211 0.0289166 0.999582 0.029517 0.280237 -0.543109
FixedParameters: 0 0 0

#Transform 114
Transform: AffineTransform_float_3_3
Parameters: 0.999996 -0.00297534 0.000589456 0.00299068 0.999586 -0.0286394 -0.000504551 0.0286416 0.999589 0.0209801 0.287941 -0.489256
FixedParameters: 0 0 0

#Transform 115
Transform: AffineTransform_float_3_3
Parameters: 0.999994 -0.00350456 0.000346805 0.00351245 0.99959 -0.028438 -0.000247211 0.0284391 0.999596 0.0466993 0.253068 -0.466013
FixedParameters: 0 0 0

#Transform 116
Transform: AffineTransform_float_3_3
Parameters: 0.999994 -0.00348799 0.000477058 0.00350001 0.9996 -0.0280585 -0.000378939 0.0280605 0.999606 0.0441896 0.26198 -0.493602
FixedParameters: 0 0 0

#Transform 117
Transform: AffineTransform_float_3_3
Parameters: 0.999992 -0.00396364 0.00133159 0.00400035 0.999586 -0.0285189 -0.0012174 0.0285231 0.999593 0.0284889 0.26759 -0.498841
FixedParameters: 0 0 0

#Transform 118
Transform: AffineTransform_float_3_3
Parameters: 0.999992 -0.003723 0.00144463 0.00376297 0.999579 -0.0287468 -0.00133637 0.0287522 0.999585 0.0270851 0.277548 -0.531096
FixedParameters: 0 0 0

#Transform 119
Transform: AffineTransform_float_3_3
Parameters: 0.999992 -0.0035176 0.00183904 0.0035724 0.99953 -0.0304677 -0.00173095 0.0304743 0.999534 -0.00348569 0.27202 -0.51969
FixedParameters: 0 0 0

#Transform 120
Transform: AffineTransform_float_3_3
Parameters: 0.999995 -0.00307405 0.000950398 0.00309997 0.999586 -0.0286282 -0.000862603 0.0286308 0.999589 0.0156142 0.186636 -0.492398
FixedParameters: 0 0 0

#Transform 121
Transform: AffineTransform_float_3_3
Parameters: 0.999994 -0.00355656 0.000595047 0.00357244 0.999592 -0.0283431 -0.000493941 0.0283449 0.999598 0.00943916 0.206855 -0.48922
FixedParameters: 0 0 0

#Transform 122
Transform: AffineTransform_float_3_3
Parameters: 0.999994 -0.00283719 0.00197516 0.0028928 0.999594 -0.0283234 -0.00189382 0.0283295 0.999597 0.020399 0.216926 -0.572855
FixedParameters: 0 0 0

#Transform 123
Transform: AffineTransform_float_3_3
Parameters: 0.999994 -0.00281226 0.00235507 0.00287874 0.99958 -0.0288314 -0.00227294 0.0288386 0.999581 0.0116393 0.237285 -0.536134
FixedParameters: 0 0 0

#Transform 124
Transform: AffineTransform_float_3_3
Parameters: 0.999994 -0.00325583 0.0013147 0.00329118 0.999611 -0.0276999 -0.0012243 0.0277042 0.999616 0.021163 0.235466 -0.403863
FixedParameters: 0 0 0

#Transform 125
Transform: AffineTransform_float_3_3
Parameters: 0.999993 -0.0032501 0.00151973 0.00329088 0.99961 -0.0277332 -0.00142827 0.0277378 0.999614 0.0257158 0.235747 -0.476809
FixedParameters: 0 0 0

#Transform 126
Transform: AffineTransform_float_3_3
Parameters: 0.999993 -0.00323975 0.00195172 0.00329126 0.999634 -0.0268548 -0.00186428 0.0268612 0.999638 0.0263026 0.23411 -0.474488
FixedParameters: 0 0 0

#Transform 127
Transform: AffineTransform_float_3_3
Parameters: 0.999993 -0.00324145 0.00187633 0.00329154 0.999629 -0.027035 -0.00178766 0.027041 0.999632 0.0409161 0.239443 -0.50672
FixedParameters: 0 0 0

#Transform 128
Transform: AffineTransform_float_3_3
Parameters: 0.999994 -0.0030516 0.0015949 0.0030944 0.999622 -0.0272962 -0.00151109 0.0273008 0.999626 0.0376679 0.193671 -0.526963
FixedParameters: 0 0 0

#Transform 129
Transform: AffineTransform_float_3_3
Parameters: 0.999995 -0.00287197 0.000723723 0.00289001 0.99965 -0.026278 -0.000647277 0.02628 0.999655 0.0100013 0.235874 -0.454842
FixedParameters: 0 0 0

#Transform 130
Transform: AffineTransform_float_3_3
Parameters: 0.999996 -0.00237981 -0.00143211 0.00234419 0.999697 -0.0245074 0.00148989 0.0245035 0.999698 0.0466114 0.206174 -0.478995
FixedParameters: 0 0 0

#Transform 131
Transform: AffineTransform_float_3_3
Parameters: 0.999997 -0.00237836 -0.00132721 0.00234364 0.999676 -0.0253182 0.00138678 0.0253158 0.999678 0.0389043 0.251029 -0.383658
FixedParameters: 0 0 0

#Transform 132
Transform: AffineTransform_float_3_3
Parameters: 0.999996 -0.00236929 -0.00103071 0.0023437 0.999712 -0.0238815 0.00108728 0.0238795 0.999715 0.0394638 0.244063 -0.369816
FixedParameters: 0 0 0

#Transform 133
Transform: AffineTransform_float_3_3
Parameters: 0.999997 -0.00236495 -0.000903994 0.00234405 0.999744 -0.0225112 0.000957007 0.0225088 0.999746 0.0451729 0.215288 -0.311053
FixedParameters: 0 0 0

#Transform 134
Transform: AffineTransform_float_3_3
Parameters: 0.999997 -0.00173767 -0.00173512 0.00169933 0.999755 -0.022043 0.00177289 0.02204 0.999755 0.0271745 0.229033 -0.348351
FixedParameters: 0 0 0

#Transform 135
Transform: AffineTransform_float_3_3
Parameters: 0.999996 -0.00174491 -0.00215258 0.00169908 0.999775 -0.0211507 0.00218942 0.0211463 0.999774 0.0306437 0.254725 -0.361711
FixedParameters: 0 0 0

#Transform 136
Transform: AffineTransform_float_3_3
Parameters: 0.999995 -0.00239811 -0.00210775 0.00235288 0.999773 -0.0211521 0.00215824 0.0211469 0.999774 0.0272199 0.262935 -0.361796
FixedParameters: 0 0 0

#Transform 137
Transform: AffineTransform_float_3_3
Parameters: 0.999996 -0.00238542 -0.00145617 0.00235258 0.999758 -0.0218755 0.00150782 0.0218715 0.999759 0.0304117 0.311788 -0.326887
FixedParameters: 0 0 0

#Transform 138
Transform: AffineTransform_float_3_3
Parameters: 0.999997 -0.00236832 -0.000643012 0.00235265 0.999735 -0.0228676 0.000697981 0.0228664 0.999739 0.0153097 0.298661 -0.367085
FixedParameters: 0 0 0

#Transform 139
Transform: AffineTransform_float_3_3
Parameters: 0.999996 -0.0030127 -0.000282303 0.00300431 0.999703 -0.024158 0.00035468 0.024157 0.999708 0.00321262 0.313063 -0.353297
FixedParameters: 0 0 0

#Transform 140
Transform: AffineTransform_float_3_3
Parameters: 0.999994 -0.003034 -0.00117786 0.003005 0.99971 -0.0238887 0.00125013 0.0238843 0.999714 0.0338414 0.324402 -0.30877
FixedParameters: 0 0 0

#Transform 141
Transform: AffineTransform_float_3_3
Parameters: 0.999994 -0.00359931 0.000721665 0.00361768 0.99965 -0.0262306 -0.000626316 0.0262334 0.999655 0.0308939 0.311235 -0.394033
FixedParameters: 0 0 0

#Transform 142
Transform: AffineTransform_float_3_3
Parameters: 0.999991 -0.00417254 0.000969014 0.00419845 0.9996 -0.0279512 -0.000851969 0.0279558 0.999609 0.0337179 0.339804 -0.331185
FixedParameters: 0 0 0

#Transform 143
Transform: AffineTransform_float_3_3
Parameters: 0.999989 -0.0041373 0.00215479 0.00419771 0.999572 -0.0289713 -0.00203422 0.0289797 0.999578 0.0441519 0.337032 -0.414832
FixedParameters: 0 0 0

#Transform 144
Transform: AffineTransform_float_3_3
Parameters: 0.999994 -0.00328992 0.00154808 0.00333309 0.999583 -0.028705 -0.00145291 0.02871 0.999586 0.0293054 0.322561 -0.410134
FixedParameters: 0 0 0

#Transform 145
Transform: AffineTransform_float_3_3
Parameters: 0.999994 -0.00333305 4.49169e-05 0.00333294 0.999597 -0.028172 4.89153e-05 0.028172 0.999603 0.0167491 0.319966 -0.351753
FixedParameters: 0 0 0

#Transform 146
Transform: AffineTransform_float_3_3
Parameters: 0.999995 -0.00333307 4.43168e-05 0.00333293 0.999602 -0.027992 4.93148e-05 0.027992 0.999608 0.0325421 0.298951 -0.408857
FixedParameters: 0 0 0

#Transform 147
Transform: AffineTransform_float_3_3
Parameters: 0.999997 -0.00262932 0.000449642 0.00264069 0.999596 -0.0283189 -0.000375367 0.0283201 0.999599 0.0243866 0.294812 -0.374151
FixedParameters: 0 0 0

#Transform 148
Transform: AffineTransform_float_3_3
Parameters: 0.999991 -0.00371369 0.00199081 0.00377131 0.999554 -0.0296007 -0.00188018 0.0296082 0.99956 0.0233304 0.30469 -0.385359
FixedParameters: 0 0 0

#Transform 149
Transform: AffineTransform_float_3_3
Parameters: 0.999988 -0.00443233 0.00211938 0.00449466 0.999524 -0.0305409 -0.00198263 0.0305502 0.999532 0.0330059 0.289327 -0.446108
FixedParameters: 0 0 0

#Transform 150
Transform: AffineTransform_float_3_3
Parameters: 0.999988 -0.0043739 0.002453 0.0044491 0.999494 -0.0314955 -0.002314 0.0315055 0.999501 0.0264475 0.362334 -0.460014
FixedParameters: 0 0 0

#Transform 151
Transform: AffineTransform_float_3_3
Parameters: 0.999979 -0.00500505 0.00408684 0.00513596 0.999453 -0.0326877 -0.00392116 0.0327083 0.999458 0.0305225 0.374213 -0.475118
FixedParameters: 0 0 0

#Transform 152
Transform: AffineTransform_float_3_3
Parameters: 0.999979 -0.00492032 0.00439035 0.00506868 0.999399 -0.0342875 -0.00421864 0.0343085 0.999403 0.036628 0.357241 -0.517427
FixedParameters: 0 0 0

#Transform 153
Transform: AffineTransform_float_3_3
Parameters: 0.999981 -0.00485005 0.00397875 0.00498596 0.999379 -0.0349029 -0.00380725 0.0349222 0.999383 0.0443621 0.350257 -0.525184
FixedParameters: 0 0 0

#Transform 154
Transform: AffineTransform_float_3_3
Parameters: 0.999967 -0.00559717 0.0057662 0.00580383 0.999324 -0.0363217 -0.00555877 0.0363533 0.999323 0.0588603 0.365233 -0.55524
FixedParameters: 0 0 0

#Transform 155
Transform: AffineTransform_float_3_3
Parameters: 0.999966 -0.00557569 0.00605837 0.0058033 0.999254 -0.0381751 -0.00584062 0.0382089 0.999252 0.0704314 0.399225 -0.525006
FixedParameters: 0 0 0

#Transform 156
Transform: AffineTransform_float_3_3
Parameters: 0.999961 -0.00612138 0.00627295 0.00635762 0.999242 -0.0384216 -0.00603306 0.0384604 0.999242 0.0632527 0.374107 -0.579473
FixedParameters: 0 0 0

#Transform 157
Transform: AffineTransform_float_3_3
Parameters: 0.99996 -0.00610601 0.00656666 0.00635799 0.999216 -0.0390628 -0.00632334 0.0391032 0.999215 0.0708958 0.380449 -0.558265
FixedParameters: 0 0 0

#Transform 158
Transform: AffineTransform_float_3_3
Parameters: 0.999965 -0.00614546 0.00571446 0.00635756 0.99926 -0.037951 -0.00547756 0.037986 0.999264 0.0639863 0.352068 -0.544064
FixedParameters: 0 0 0

#Transform 159
Transform: AffineTransform_float_3_3
Parameters: 0.99997 -0.00618877 0.00477764 0.00635825 0.999322 -0.0362587 -0.00455036 0.0362883 0.999331 0.0635054 0.238713 -0.521336
FixedParameters: 0 0 0

#Transform 160
Transform: AffineTransform_float_3_3
Parameters: 0.999978 -0.00544253 0.00390794 0.00557045 0.999427 -0.033386 -0.00372304 0.033407 0.999435 0.0477688 0.201536 -0.482001
FixedParameters: 0 0 0

#Transform 161
Transform: AffineTransform_float_3_3
Parameters: 0.999985 -0.00484597 0.00259066 0.00492801 0.999454 -0.0326557 -0.00243034 0.0326683 0.999464 0.0423544 0.22054 -0.403924
FixedParameters: 0 0 0

#Transform 162
Transform: AffineTransform_float_3_3
Parameters: 0.999987 -0.00424002 0.00290706 0.00433397 0.999442 -0.0331218 -0.00276494 0.0331342 0.999447 0.0326388 0.234277 -0.442152
FixedParameters: 0 0 0

#Transform 163
Transform: AffineTransform_float_3_3
Parameters: 0.999986 -0.00402198 0.00362862 0.00414203 0.999423 -0.0336964 -0.00349138 0.0337115 0.999425 0.0187769 0.267138 -0.478093
FixedParameters: 0 0 0

#Transform 164
Transform: AffineTransform_float_3_3
Parameters: 0.99998 -0.005077 0.00383611 0.005211 0.999347 -0.0357697 -0.00365189 0.0357893 0.999352 0.0327902 0.337494 -0.503847
FixedParameters: 0 0 0

#Transform 165
Transform: AffineTransform_float_3_3
Parameters: 0.999972 -0.00531597 0.00522072 0.00550505 0.999305 -0.0368873 -0.00502128 0.0369147 0.999306 0.0307652 0.342358 -0.634385
FixedParameters: 0 0 0

#Transform 166
Transform: AffineTransform_float_3_3
Parameters: 0.999964 -0.00615746 0.00593841 0.00637753 0.999269 -0.0376885 -0.00570157 0.0377255 0.999272 0.0430346 0.368213 -0.590084
FixedParameters: 0 0 0

#Transform 167
Transform: AffineTransform_float_3_3
Parameters: 0.999968 -0.00618083 0.00518812 0.00637717 0.999231 -0.0386882 -0.00494488 0.0387198 0.999238 0.0471484 0.341729 -0.505175
FixedParameters: 0 0 0

#Transform 168
Transform: AffineTransform_float_3_3
Parameters: 0.999968 -0.00618722 0.00510418 0.00637677 0.999256 -0.0380427 -0.00486483 0.0380743 0.999263 0.0487883 0.372427 -0.416522
FixedParameters: 0 0 0

#Transform 169
Transform: AffineTransform_float_3_3
Parameters: 0.999972 -0.00614745 0.00442126 0.00630954 0.999267 -0.0377422 -0.00418576 0.0377688 0.999277 0.0564132 0.378376 -0.436446
FixedParameters: 0 0 0

#Transform 170
Transform: AffineTransform_float_3_3
Parameters: 0.999976 -0.00545218 0.0042293 0.00560881 0.999262 -0.0379992 -0.00401871 0.0380218 0.999269 0.0597048 0.302838 -0.443989
FixedParameters: 0 0 0

#Transform 171
Transform: AffineTransform_float_3_3
Parameters: 0.999957 -0.00711671 0.0058281 0.00735929 0.999063 -0.0426649 -0.00551889 0.0427061 0.999073 0.0679487 0.426732 -0.241581
FixedParameters: 0 0 0

#Transform 172
Transform: AffineTransform_float_3_3
Parameters: 0.999948 -0.00894664 0.00474304 0.00914835 0.998977 -0.0442839 -0.00434194 0.0443251 0.999007 0.0713291 0.46475 -0.328281
FixedParameters: 0 0 0

#Transform 173
Transform: AffineTransform_float_3_3
Parameters: 0.999943 -0.00885066 0.00606553 0.00909637 0.999089 -0.0416922 -0.00569146 0.0417448 0.999112 0.0945578 0.428317 -0.658803
FixedParameters: 0 0 0

#Transform 174
Transform: AffineTransform_float_3_3
Parameters: 0.99992 -0.0102486 0.00740462 0.0105714 0.998929 -0.0450483 -0.00693441 0.0451237 0.998958 0.108402 0.476377 -0.736925
FixedParameters: 0 0 0

#Transform 175
Transform: AffineTransform_float_3_3
Parameters: 0.999939 -0.00829584 0.007278 0.00862016 0.998918 -0.045701 -0.00689099 0.0457609 0.998928 0.0896314 0.458279 -0.845477
FixedParameters: 0 0 0

#Transform 176
Transform: AffineTransform_float_3_3
Parameters: 0.999944 -0.00819342 0.00671488 0.00849758 0.998874 -0.0466615 -0.00632515 0.0467154 0.998888 0.0796454 0.421595 -0.819437
FixedParameters: 0 0 0

#Transform 177
Transform: AffineTransform_float_3_3
Parameters: 0.999949 -0.0077041 0.00656826 0.00800488 0.998858 -0.0470868 -0.00619775 0.0471372 0.998869 0.0826376 0.430595 -0.856273
FixedParameters: 0 0 0

#Transform 178
Transform: AffineTransform_float_3_3
Parameters: 0.999945 -0.00819671 0.00661199 0.0084983 0.998863 -0.0469054 -0.00622 0.0469596 0.998878 0.0919917 0.455395 -0.875434
FixedParameters: 0 0 0

#Transform 179
Transform: AffineTransform_float_3_3
Parameters: 0.999941 -0.0084457 0.00685204 0.0087613 0.998839 -0.0473718 -0.00644395 0.0474282 0.998854 0.0854128 0.464652 -0.794689
FixedParameters: 0 0 0
