#Insight Transform File V1.0
#Transform 0
Transform: AffineTransform_float_3_3
Parameters: 0.999997 0.00191133 0.0019148 -0.00189667 0.999971 -0.00745766 -0.0019292 0.00745435 0.999971 0.00680492 0.172528 0.01617
FixedParameters: 0 0 0

#Transform 1
Transform: AffineTransform_float_3_3
Parameters: 0.999996 0.00203134 0.00191784 -0.00201466 0.999962 -0.0084819 -0.00193515 0.0084781 0.999962 -0.00578963 0.157367 -0.0371931
FixedParameters: 0 0 0

#Transform 2
Transform: AffineTransform_float_3_3
Parameters: 0.999997 0.00196717 0.00142874 -0.00195583 0.999968 -0.00778081 -0.00144326 0.00777818 0.999968 0.00583695 0.168888 0.00697499
FixedParameters: 0 0 0

#Transform 3
Transform: AffineTransform_float_3_3
Parameters: 0.999996 0.00186429 0.00217282 -0.00185071 0.999977 -0.00655805 -0.00218518 0.00655495 0.999976 -0.0121003 0.157388 -0.0133312
FixedParameters: 0 0 0

#Transform 4
Transform: AffineTransform_float_3_3
Parameters: 0.999999 0.00131768 0.00121688 -0.00131133 0.999989 -0.00465261 -0.00122311 0.0046504 0.999989 0.017025 0.112678 -0.0296531
FixedParameters: 0 0 0

#Transform 5
Transform: AffineTransform_float_3_3
Parameters: 0.999997 0.00177603 0.0015471 -0.00176996 0.999991 -0.00389275 -0.0015549 0.00388925 0.999991 -0.0305047 0.11495 -0.0192144
FixedParameters: 0 0 0

#Transform 6
Transform: AffineTransform_float_3_3
Parameters: 0.999998 0.00165472 0.00154685 -0.00164729 0.99999 -0.00433256 -0.00155415 0.00433044 0.99999 -0.033842 0.122326 0.00941232
FixedParameters: 0 0 0

#Transform 7
Transform: AffineTransform_float_3_3
Parameters: 0.999997 0.00154511 0.00154892 -0.00153989 0.999994 -0.0032934 -0.00155408 0.00329161 0.999994 -0.0311426 0.110305 0.0222945
FixedParameters: 0 0 0

#Transform 8
Transform: AffineTransform_float_3_3
Parameters: 0.999999 0.00160584 0.000644422 -0.00160415 0.999994 -0.00285304 -0.000649579 0.00285196 0.999995 -0.0347942 0.121441 0.0154948
FixedParameters: 0 0 0

#Transform 9
Transform: AffineTransform_float_3_3
Parameters: 0.999998 0.00154124 0.000646055 -0.00153976 0.999997 -0.001912 -0.000648944 0.001911 0.999998 -0.0213196 0.103127 0.0810155
FixedParameters: 0 0 0

#Transform 10
Transform: AffineTransform_float_3_3
Parameters: 0.999999 0.00110228 0.000646819 -0.00110172 0.999998 -0.00197971 -0.000649182 0.00197929 0.999998 -0.0218973 0.0838229 0.0302454
FixedParameters: 0 0 0

#Transform 11
Transform: AffineTransform_float_3_3
Parameters: 0.999998 0.0012583 0.000960302 -0.0012567 0.999999 -0.00135021 -0.000961696 0.00134879 0.999998 -0.00527694 0.107251 0.0278977
FixedParameters: 0 0 0

#Transform 12
Transform: AffineTransform_float_3_3
Parameters: 0.999998 0.00135246 0.000832628 -0.00135154 0.999997 -0.00175513 -0.000835372 0.00175387 0.999998 -0.0115497 0.127345 0.0130014
FixedParameters: 0 0 0

#Transform 13
Transform: AffineTransform_float_3_3
Parameters: 0.999998 0.00154184 0.000644613 -0.00153916 0.999995 -0.00284699 -0.000649383 0.002846 0.999995 -0.0144641 0.111451 -0.00584761
FixedParameters: 0 0 0

#Transform 14
Transform: AffineTransform_float_3_3
Parameters: 0.999999 0.0011269 0.000956594 -0.0011241 0.999995 -0.00302708 -0.000959406 0.00302592 0.999995 -0.0061751 0.111069 -0.0171097
FixedParameters: 0 0 0

#Transform 15
Transform: AffineTransform_float_3_3
Parameters: 0.999999 0.000438884 0.000648402 -0.000438115 0.999999 -0.00136328 -0.000649597 0.00136272 0.999999 -0.0142613 0.0946998 0.0313876
FixedParameters: 0 0 0

#Transform 16
Transform: AffineTransform_float_3_3
Parameters: 0.999999 0.000501367 0.000820775 -0.000500632 1 -0.000448411 -0.000821224 0.000447588 0.999999 -0.018195 0.0552913 0.0594029
FixedParameters: 0 0 0

#Transform 17
Transform: AffineTransform_float_3_3
Parameters: 0.999999 0.000862461 0.000938746 -0.00085954 0.999996 -0.00261781 -0.000941253 0.00261719 0.999996 -0.042734 0.101648 0.050263
FixedParameters: 0 0 0

#Transform 18
Transform: AffineTransform_float_3_3
Parameters: 1 -0.000357005 -0.00115338 0.000354997 0.999999 -0.00173741 0.00115362 0.00173759 0.999998 0.00146318 -0.00497817 0.115735
FixedParameters: 0 0 0

#Transform 19
Transform: AffineTransform_float_3_3
Parameters: 1 0.000127226 -0.000475208 -0.000127776 0.999998 -0.00162994 0.000475792 0.00163006 0.999998 -0.022089 0.02216 0.0970758
FixedParameters: 0 0 0

#Transform 20
Transform: AffineTransform_float_3_3
Parameters: 1 0.000128042 9.29426e-05 -0.000127958 1 -0.000448012 -9.30573e-05 0.000447988 1 0.00179665 -0.0117707 0.00850645
FixedParameters: 0 0 0

#Transform 21
Transform: AffineTransform_float_3_3
Parameters: 1 -0.000274929 -0.000254077 0.000275071 1 0.00028093 0.000253923 -0.00028107 1 0.00140509 0.0538229 -0.0530068
FixedParameters: 0 0 0

#Transform 22
Transform: AffineTransform_float_3_3
Parameters: 0.999999 -0.000327075 -0.000683443 0.000327924 0.999999 0.00135378 0.000682556 -0.00135422 0.999999 0.00781217 0.0599206 -0.0839655
FixedParameters: 0 0 0

#Transform 23
Transform: AffineTransform_float_3_3
Parameters: 0.999997 0.00168665 -0.00170629 -0.00169535 0.999986 -0.00490412 0.0016977 0.00490687 0.999986 -0.0483125 0.487532 -0.10061
FixedParameters: 0 0 0

#Transform 24
Transform: AffineTransform_float_3_3
Parameters: 0.999996 0.000782314 -0.00246632 -0.000776684 0.999998 0.00215492 0.00246868 -0.00215308 0.999994 -0.0326826 0.769967 -0.352079
FixedParameters: 0 0 0

#Transform 25
Transform: AffineTransform_float_3_3
Parameters: 0.999999 0.000136311 -0.000950253 -0.00013169 0.999985 0.00558713 0.00095075 -0.00558687 0.999984 -0.0879036 0.599464 -0.255679
FixedParameters: 0 0 0

#Transform 26
Transform: AffineTransform_float_3_3
Parameters: 1 0.000131422 -0.000232762 -0.000131578 0.999999 0.00181203 0.000233239 -0.00181197 0.999999 -0.134449 0.481434 -0.105466
FixedParameters: 0 0 0

#Transform 27
Transform: AffineTransform_float_3_3
Parameters: 0.999999 0.000345002 0.00128146 -0.000342998 0.999998 -0.00156144 -0.00128254 0.00156156 0.999998 -0.135115 0.433558 -0.185962
FixedParameters: 0 0 0

#Transform 28
Transform: AffineTransform_float_3_3
Parameters: 1 0.0010643 0.000603241 -0.0010647 0.999999 0.00116536 -0.00060176 -0.00116564 0.999999 -0.117262 0.300473 -0.253813
FixedParameters: 0 0 0

#Transform 29
Transform: AffineTransform_float_3_3
Parameters: 1 0.000129946 -0.000467295 -0.000131054 0.999998 -0.00225694 0.000466706 0.00225606 0.999998 -0.0943433 0.2414 -0.337403
FixedParameters: 0 0 0

#Transform 30
Transform: AffineTransform_float_3_3
Parameters: 0.999999 0.000130894 -0.000704019 -0.000131106 1 -0.000149908 0.00070398 0.000150092 0.999999 -0.0887344 0.240372 -0.342439
FixedParameters: 0 0 0

#Transform 31
Transform: AffineTransform_float_3_3
Parameters: 0.999999 0.000131623 0.000903909 -0.000131377 1 -0.000689119 -0.000904091 0.000688881 1 -0.0882913 0.262893 -0.423045
FixedParameters: 0 0 0

#Transform 32
Transform: AffineTransform_float_3_3
Parameters: 0.999998 0.00113679 0.00160656 -0.00114522 0.999983 0.00574617 -0.00160045 -0.00574783 0.999982 -0.102236 0.345204 -0.337176
FixedParameters: 0 0 0

#Transform 33
Transform: AffineTransform_float_3_3
Parameters: 0.999998 0.00174402 0.00109611 -0.00176498 0.99981 0.0194411 -0.00106189 -0.0194429 0.999811 -0.0975898 0.13224 0.342841
FixedParameters: 0 0 0

#Transform 34
Transform: AffineTransform_float_3_3
Parameters: 0.999986 0.0025925 0.00447047 -0.0026185 0.999979 0.00593238 -0.00445453 -0.00594363 0.999973 -0.211415 0.146402 0.25016
FixedParameters: 0 0 0

#Transform 35
Transform: AffineTransform_float_3_3
Parameters: 0.999975 0.00376478 0.00596551 -0.00365421 0.999822 -0.0184732 -0.00603449 0.0184507 0.999811 -0.185382 0.137382 -0.373917
FixedParameters: 0 0 0

#Transform 36
Transform: AffineTransform_float_3_3
Parameters: 0.999974 0.00410736 0.00592298 -0.00400564 0.999847 -0.0170242 -0.00599201 0.0169998 0.999837 -0.209061 0.321989 -0.245528
FixedParameters: 0 0 0

#Transform 37
Transform: AffineTransform_float_3_3
Parameters: 0.999988 0.00392035 0.0029997 -0.00383164 0.999566 -0.0292339 -0.00311332 0.0292222 0.999568 -0.170574 0.185491 -0.72041
FixedParameters: 0 0 0

#Transform 38
Transform: AffineTransform_float_3_3
Parameters: 0.999984 0.00409303 0.00375809 -0.00399897 0.999687 -0.0246974 -0.00385791 0.0246816 0.999688 -0.18654 0.237754 -0.465385
FixedParameters: 0 0 0

#Transform 39
Transform: AffineTransform_float_3_3
Parameters: 0.999982 0.00393685 0.00456507 -0.00382416 0.999694 -0.0244699 -0.00465994 0.0244521 0.99969 -0.173125 0.241686 -0.503438
FixedParameters: 0 0 0

#Transform 40
Transform: AffineTransform_float_3_3
Parameters: 0.999986 0.00335425 0.00423377 -0.00326075 0.999756 -0.0218421 -0.00430623 0.0218289 0.999753 -0.185963 0.267517 -0.409451
FixedParameters: 0 0 0

#Transform 41
Transform: AffineTransform_float_3_3
Parameters: 0.999989 0.00359289 0.00321114 -0.00353209 0.999817 -0.0187715 -0.00327886 0.0187594 0.999818 -0.148437 0.251323 -0.392045
FixedParameters: 0 0 0

#Transform 42
Transform: AffineTransform_float_3_3
Parameters: 0.999986 0.00406984 0.0031527 -0.00401617 0.999849 -0.0168989 -0.0032203 0.0168861 0.999852 -0.179252 0.209515 0.023968
FixedParameters: 0 0 0

#Transform 43
Transform: AffineTransform_float_3_3
Parameters: 0.999989 0.00308776 0.00356866 -0.00301323 0.99978 -0.020768 -0.00363234 0.020757 0.999778 -0.199047 0.338494 0.218311
FixedParameters: 0 0 0

#Transform 44
Transform: AffineTransform_float_3_3
Parameters: 0.999988 0.0042419 0.00220681 -0.0041911 0.999737 -0.0225775 -0.00230219 0.0225685 0.999742 -0.209292 0.383406 0.311143
FixedParameters: 0 0 0

#Transform 45
Transform: AffineTransform_float_3_3
Parameters: 0.999989 0.00398105 0.00270282 -0.00392395 0.999776 -0.0207949 -0.00278518 0.0207842 0.99978 -0.199446 0.365788 0.213124
FixedParameters: 0 0 0

#Transform 46
Transform: AffineTransform_float_3_3
Parameters: 0.99999 0.00396228 0.00232804 -0.00392372 0.99986 -0.0162243 -0.00239196 0.0162157 0.999865 -0.174474 0.335838 0.141488
FixedParameters: 0 0 0

#Transform 47
Transform: AffineTransform_float_3_3
Parameters: 0.99999 0.00394651 0.00182612 -0.00392449 0.999918 -0.0121703 -0.00187389 0.0121627 0.999925 -0.157633 0.287443 0.118119
FixedParameters: 0 0 0

#Transform 48
Transform: AffineTransform_float_3_3
Parameters: 0.999992 0.00353018 0.00183761 -0.00351182 0.999941 -0.0103385 -0.0018744 0.0103325 0.999945 -0.168489 0.290531 0.124854
FixedParameters: 0 0 0

#Transform 49
Transform: AffineTransform_float_3_3
Parameters: 0.999993 0.00302298 0.00183669 -0.00300001 0.999918 -0.0123906 -0.00187431 0.0123854 0.999921 -0.152924 0.303685 0.0278047
FixedParameters: 0 0 0

#Transform 50
Transform: AffineTransform_float_3_3
Parameters: 0.999993 0.00244047 0.00265097 -0.00241253 0.999944 -0.0103165 -0.00267602 0.0103095 0.999944 -0.144626 0.297807 -0.0200762
FixedParameters: 0 0 0

#Transform 51
Transform: AffineTransform_float_3_3
Parameters: 0.999992 0.00268577 0.00288926 -0.00267223 0.999985 -0.00475976 -0.00290174 0.00475124 0.999984 -0.238504 0.0095444 -0.390457
FixedParameters: 0 0 0

#Transform 52
Transform: AffineTransform_float_3_3
Parameters: 0.999984 0.00405466 0.00394901 -0.00403934 0.999985 -0.00371301 -0.00396399 0.00369699 0.999986 -0.181201 0.312037 -0.792713
FixedParameters: 0 0 0

#Transform 53
Transform: AffineTransform_float_3_3
Parameters: 0.99999 0.00326285 0.00284215 -0.00325614 0.999992 -0.00241328 -0.00284985 0.00240372 0.999993 -0.192373 0.314896 -0.778582
FixedParameters: 0 0 0

#Transform 54
Transform: AffineTransform_float_3_3
Parameters: 0.999991 0.00355428 0.00239466 -0.00354972 0.999992 -0.00178752 -0.00240133 0.00177948 0.999995 -0.187432 0.360994 -0.828254
FixedParameters: 0 0 0

#Transform 55
Transform: AffineTransform_float_3_3
Parameters: 0.999986 0.00461451 0.00252815 -0.00460749 0.999986 -0.00257568 -0.00253984 0.00256331 0.999993 -0.154852 0.412254 -0.872485
FixedParameters: 0 0 0

#Transform 56
Transform: AffineTransform_float_3_3
Parameters: 0.999984 0.00508243 0.00244003 -0.00506557 0.999962 -0.00709647 -0.00247598 0.00708353 0.999972 -0.171118 0.287612 -0.573906
FixedParameters: 0 0 0

#Transform 57
Transform: AffineTransform_float_3_3
Parameters: 0.999987 0.00406936 0.00326193 -0.00405364 0.99998 -0.00470228 -0.00328107 0.00468871 0.999983 -0.151342 0.360462 -0.51425
FixedParameters: 0 0 0

#Transform 58
Transform: AffineTransform_float_3_3
Parameters: 0.999984 0.00450183 0.0032675 -0.00449217 0.999986 -0.00300873 -0.0032815 0.00299428 0.99999 -0.189073 0.339963 -0.531569
FixedParameters: 0 0 0

#Transform 59
Transform: AffineTransform_float_3_3
Parameters: 0.999986 0.00410606 0.00353809 -0.00410694 0.999991 0.000257473 -0.00353691 -0.000272527 0.999993 -0.167917 0.281529 -0.540758
FixedParameters: 0 0 0

#Transform 60
Transform: AffineTransform_float_3_3
Parameters: 0.999983 0.00421055 0.0039783 -0.00420745 0.999991 -0.000648749 -0.00398069 0.00063125 0.999992 -0.146517 0.348329 -0.548162
FixedParameters: 0 0 0

#Transform 61
Transform: AffineTransform_float_3_3
Parameters: 0.999986 0.00404019 0.00337978 -0.00403981 0.999992 -6.16545e-05 -0.00338022 4.83439e-05 0.999995 -0.145474 0.359088 -0.538369
FixedParameters: 0 0 0

#Transform 62
Transform: AffineTransform_float_3_3
Parameters: 0.999989 0.00398235 0.002663 -0.00397865 0.999992 -0.00126161 -0.002668 0.00125039 0.999995 -0.147329 0.363538 -0.80297
FixedParameters: 0 0 0

#Transform 63
Transform: AffineTransform_float_3_3
Parameters: 0.999988 0.00373434 0.00317255 -0.00372766 0.999991 -0.00200285 -0.00317945 0.00199115 0.999993 -0.131164 0.410754 -1.03628
FixedParameters: 0 0 0

#Transform 64
Transform: AffineTransform_float_3_3
Parameters: 0.999984 0.00384975 0.00400456 -0.00384224 0.99999 -0.00194242 -0.00401144 0.00192659 0.99999 -0.162013 0.409419 -0.910353
FixedParameters: 0 0 0

#Transform 65
Transform: AffineTransform_float_3_3
Parameters: 0.999985 0.00352864 0.00418189 -0.00351937 0.999991 -0.00230875 -0.00419011 0.00229425 0.999988 -0.167047 0.421779 -0.909675
FixedParameters: 0 0 0

#Transform 66
Transform: AffineTransform_float_3_3
Parameters: 0.999987 0.00370913 0.00346701 -0.00369587 0.999986 -0.00378586 -0.00348099 0.00377314 0.999987 -0.149779 0.441334 -0.915567
FixedParameters: 0 0 0

#Transform 67
Transform: AffineTransform_float_3_3
Parameters: 0.999982 0.00352887 0.00483902 -0.00351113 0.999987 -0.00369606 -0.00485198 0.00367895 0.999982 -0.162506 0.423081 -1.12377
FixedParameters: 0 0 0

#Transform 68
Transform: AffineTransform_float_3_3
Parameters: 0.99998 0.0031945 0.00545762 -0.00318651 0.999994 -0.00138142 -0.00546138 0.00136458 0.999984 -0.189915 0.404832 -1.33736
FixedParameters: 0 0 0

#Transform 69
Transform: AffineTransform_float_3_3
Parameters: 0.999981 0.00290287 0.00545329 -0.00289413 0.999995 -0.00163381 -0.00545871 0.00161819 0.999984 -0.2001 0.399701 -1.21782
FixedParameters: 0 0 0

#Transform 70
Transform: AffineTransform_float_3_3
Parameters: 0.999981 0.00324026 0.00521911 -0.00323473 0.999994 -0.0012089 -0.00522288 0.0011911 0.999985 -0.179615 0.414442 -1.15459
FixedParameters: 0 0 0

#Transform 71
Transform: AffineTransform_float_3_3
Parameters: 0.999981 0.00289321 0.0054526 -0.00288279 0.999994 -0.00187876 -0.00545841 0.00186324 0.999984 -0.177478 0.434516 -0.958811
FixedParameters: 0 0 0

#Transform 72
Transform: AffineTransform_float_3_3
Parameters: 0.999989 0.00249281 0.00397275 -0.00249319 0.999997 0.000295098 -0.00397125 -0.000304903 0.999992 -0.162339 0.42713 -1.00219
FixedParameters: 0 0 0

#Transform 73
Transform: AffineTransform_float_3_3
Parameters: 0.999997 0.00223348 0.00156902 -0.00223752 0.999995 0.0022445 -0.00156398 -0.0022475 0.999997 -0.122857 0.414321 -0.641113
FixedParameters: 0 0 0

#Transform 74
Transform: AffineTransform_float_3_3
Parameters: 0.999997 0.00123977 0.00201434 -0.00125723 0.999958 0.00907649 -0.00200267 -0.00907851 0.999957 -0.110732 0.393735 -1.44512
FixedParameters: 0 0 0

#Transform 75
Transform: AffineTransform_float_3_3
Parameters: 0.999995 -0.000388878 0.0033435 0.000348128 0.999926 0.0122182 -0.0033475 -0.0122168 0.99992 -0.136985 0.424523 -1.58621
FixedParameters: 0 0 0

#Transform 76
Transform: AffineTransform_float_3_3
Parameters: 0.99996 -0.00181915 0.00869248 0.00163484 0.999775 0.021145 -0.0087295 -0.0211299 0.999738 -0.264178 0.296029 -1.537
FixedParameters: 0 0 0

#Transform 77
Transform: AffineTransform_float_3_3
Parameters: 0.99997 8.7002e-06 0.00767953 -0.000154292 0.999821 0.0189204 -0.00767745 -0.0189206 0.999791 -0.216062 0.288696 -1.6703
FixedParameters: 0 0 0

#Transform 78
Transform: AffineTransform_float_3_3
Parameters: 0.999984 0.00225445 0.00531644 -0.00233356 0.999884 0.0150048 -0.00528257 -0.0150162 0.999874 -0.177934 0.322097 -1.81436
FixedParameters: 0 0 0

#Transform 79
Transform: AffineTransform_float_3_3
Parameters: 0.999987 0.00260087 0.00437051 -0.00265814 0.999911 0.0131176 -0.00433649 -0.0131295 0.999905 -0.131523 0.344285 -1.97857
FixedParameters: 0 0 0

#Transform 80
Transform: AffineTransform_float_3_3
Parameters: 0.999986 0.00272413 0.0043879 -0.00277788 0.999921 0.012319 -0.00435409 -0.012331 0.999914 -0.131905 0.378831 -2.06445
FixedParameters: 0 0 0

#Transform 81
Transform: AffineTransform_float_3_3
Parameters: 0.999986 0.00289569 0.00459481 -0.00296031 0.999894 0.0142706 -0.0045532 -0.0142844 0.999887 -0.153436 0.326319 -1.99909
FixedParameters: 0 0 0

#Transform 82
Transform: AffineTransform_float_3_3
Parameters: 0.99999 0.00221828 0.00392168 -0.00228771 0.999843 0.0176072 -0.00388131 -0.0176158 0.999838 -0.121515 0.288026 -1.96063
FixedParameters: 0 0 0

#Transform 83
Transform: AffineTransform_float_3_3
Parameters: 0.999989 0.00254408 0.00400101 -0.00261192 0.999851 0.0170637 -0.00395699 -0.0170743 0.999847 -0.129168 0.316703 -1.96866
FixedParameters: 0 0 0

#Transform 84
Transform: AffineTransform_float_3_3
Parameters: 0.999992 0.00196624 0.00331129 -0.00201775 0.999874 0.0157004 -0.00327972 -0.0157076 0.999872 -0.0742944 0.3888 -2.04608
FixedParameters: 0 0 0

#Transform 85
Transform: AffineTransform_float_3_3
Parameters: 0.999977 0.00227127 0.00649716 -0.00235273 0.999918 0.0126 -0.00646786 -0.012615 0.9999 -0.180412 0.405365 -1.71015
FixedParameters: 0 0 0

#Transform 86
Transform: AffineTransform_float_3_3
Parameters: 0.999984 0.00237237 0.00523226 -0.00243763 0.999918 0.0125725 -0.00520175 -0.0125856 0.999908 -0.194678 0.333173 -1.62595
FixedParameters: 0 0 0

#Transform 87
Transform: AffineTransform_float_3_3
Parameters: 0.999978 0.00280884 0.00589528 -0.00290616 0.999859 0.0165382 -0.00584771 -0.0165548 0.999846 -0.237885 0.333335 -1.20295
FixedParameters: 0 0 0

#Transform 88
Transform: AffineTransform_float_3_3
Parameters: 0.999978 0.00370226 0.00552734 -0.00379873 0.999841 0.0174114 -0.00546165 -0.0174326 0.999833 -0.234553 0.33959 -0.880211
FixedParameters: 0 0 0

#Transform 89
Transform: AffineTransform_float_3_3
Parameters: 0.999976 0.00258412 0.00632604 -0.00267388 0.999898 0.0140824 -0.00628894 -0.0140986 0.999881 -0.368938 0.258088 -0.888024
FixedParameters: 0 0 0

#Transform 90
Transform: AffineTransform_float_3_3
Parameters: 0.999995 0.00330474 -0.000663633 -0.00330126 0.999979 0.00556222 0.000681369 -0.00555978 0.999985 -0.232478 0.25834 -0.458656
FixedParameters: 0 0 0

#Transform 91
Transform: AffineTransform_float_3_3
Parameters: 0.999993 0.0036788 5.01553e-05 -0.00367921 0.999981 0.00493485 -3.28432e-05 -0.00493515 0.999988 -0.227747 0.261748 -0.423134
FixedParameters: 0 0 0

#Transform 92
Transform: AffineTransform_float_3_3
Parameters: 0.999994 0.00270573 0.0024715 -0.00271827 0.999984 0.00497431 -0.0024585 -0.00498068 0.999984 -0.260559 0.187252 -0.580644
FixedParameters: 0 0 0

#Transform 93
Transform: AffineTransform_float_3_3
Parameters: 0.999988 0.00362071 0.00312634 -0.00364528 0.999963 0.00779669 -0.00309765 -0.0078083 0.999964 -0.296539 0.256032 -0.791938
FixedParameters: 0 0 0

#Transform 94
Transform: AffineTransform_float_3_3
Parameters: 0.99999 0.003054 0.00333301 -0.00308 0.999964 0.00782281 -0.00330899 -0.00783318 0.999964 -0.276911 0.306975 -0.75744
FixedParameters: 0 0 0

#Transform 95
Transform: AffineTransform_float_3_3
Parameters: 0.999989 0.00323399 0.00355495 -0.00327201 0.999937 0.0107385 -0.00352005 -0.0107495 0.999936 -0.259615 0.269253 -0.657865
FixedParameters: 0 0 0

#Transform 96
Transform: AffineTransform_float_3_3
Parameters: 0.999992 0.00292992 0.00291248 -0.00295609 0.999955 0.00899347 -0.00288652 -0.00900154 0.999956 -0.24602 0.274256 -0.682721
FixedParameters: 0 0 0

#Transform 97
Transform: AffineTransform_float_3_3
Parameters: 0.999994 0.00234845 0.00237156 -0.00237255 0.999943 0.0104024 -0.00234744 -0.0104076 0.999943 -0.201691 0.242041 -0.703674
FixedParameters: 0 0 0

#Transform 98
Transform: AffineTransform_float_3_3
Parameters: 0.999994 0.00245172 0.00270597 -0.00247928 0.999945 0.0101234 -0.00268103 -0.0101306 0.999945 -0.196463 0.218456 -0.762655
FixedParameters: 0 0 0

#Transform 99
Transform: AffineTransform_float_3_3
Parameters: 0.999992 0.00255147 0.003127 -0.00258253 0.999946 0.010122 -0.00310101 -0.01013 0.999944 -0.204209 0.235946 -0.772858
FixedParameters: 0 0 0

#Transform 100
Transform: AffineTransform_float_3_3
Parameters: 0.999992 0.00242958 0.00315205 -0.00246342 0.999941 0.0106423 -0.00312595 -0.0106507 0.999939 -0.210523 0.230966 -0.802814
FixedParameters: 0 0 0

#Transform 101
Transform: AffineTransform_float_3_3
Parameters: 0.999993 0.00191344 0.00299208 -0.00194557 0.999939 0.0109193 -0.00297093 -0.0109248 0.999936 -0.210511 0.201202 -0.717745
FixedParameters: 0 0 0

#Transform 102
Transform: AffineTransform_float_3_3
Parameters: 0.999996 0.000770922 0.00244436 -0.000800072 0.999928 0.0119171 -0.00243464 -0.0119189 0.999926 -0.177585 0.20852 -0.711709
FixedParameters: 0 0 0

#Transform 103
Transform: AffineTransform_float_3_3
Parameters: 0.999997 0.00101693 0.00231011 -0.00104407 0.999931 0.0117456 -0.00229789 -0.0117484 0.999929 -0.180039 0.185522 -0.674023
FixedParameters: 0 0 0

#Transform 104
Transform: AffineTransform_float_3_3
Parameters: 0.999996 0.00132692 0.00273729 -0.00135808 0.999935 0.0113853 -0.00272171 -0.0113887 0.999932 -0.198776 0.205363 -0.674309
FixedParameters: 0 0 0

#Transform 105
Transform: AffineTransform_float_3_3
Parameters: 0.999995 0.00135256 0.00279793 -0.00138044 0.999947 0.0101892 -0.00278408 -0.0101928 0.999944 -0.227597 0.208507 -0.759358
FixedParameters: 0 0 0

#Transform 106
Transform: AffineTransform_float_3_3
Parameters: 0.999991 0.00188483 0.00359917 -0.00192117 0.999948 0.0100732 -0.00357982 -0.0100798 0.999943 -0.217542 0.255227 -0.740431
FixedParameters: 0 0 0

#Transform 107
Transform: AffineTransform_float_3_3
Parameters: 0.999992 0.0018334 0.00359992 -0.0018716 0.99994 0.0107473 -0.00358008 -0.0107546 0.999936 -0.225425 0.24271 -0.72994
FixedParameters: 0 0 0

#Transform 108
Transform: AffineTransform_float_3_3
Parameters: 0.999993 0.0016309 0.00318658 -0.00166109 0.999954 0.00946577 -0.00317041 -0.00947123 0.99995 -0.222711 0.241548 -0.70946
FixedParameters: 0 0 0

#Transform 109
Transform: AffineTransform_float_3_3
Parameters: 0.999993 0.00162642 0.00341568 -0.00166158 0.999947 0.0101464 -0.00339831 -0.0101516 0.999942 -0.230638 0.260959 -0.71202
FixedParameters: 0 0 0

#Transform 110
Transform: AffineTransform_float_3_3
Parameters: 0.99999 0.00205192 0.00403161 -0.00209008 0.999953 0.00946267 -0.00401239 -0.00947133 0.999947 -0.259015 0.252769 -0.692946
FixedParameters: 0 0 0

#Transform 111
Transform: AffineTransform_float_3_3
Parameters: 0.999994 0.000887471 0.00317199 -0.000918529 0.99995 0.00995215 -0.00316301 -0.00995487 0.999946 -0.205412 0.205159 -0.765384
FixedParameters: 0 0 0

#Transform 112
Transform: AffineTransform_float_3_3
Parameters: 0.999992 0.0014781 0.00376767 -0.0015109 0.999963 0.00847738 -0.00375532 -0.00848262 0.999957 -0.227412 0.272314 -0.749358
FixedParameters: 0 0 0

#Transform 113
Transform: AffineTransform_float_3_3
Parameters: 0.999989 0.00254845 0.00375094 -0.00257955 0.999964 0.00816241 -0.00373005 -0.00817259 0.999959 -0.219568 0.210057 -0.801133
FixedParameters: 0 0 0

#Transform 114
Transform: AffineTransform_float_3_3
Parameters: 0.999996 0.00208855 -0.00156402 -0.00207845 0.999976 0.00671428 0.00157799 -0.00671073 0.999976 -0.279768 0.660229 -0.802548
FixedParameters: 0 0 0

#Transform 115
Transform: AffineTransform_float_3_3
Parameters: 0.999993 0.00360198 -0.00141855 -0.00358702 0.99994 0.0104202 0.00145645 -0.0104148 0.999944 -0.262755 0.99617 -0.936008
FixedParameters: 0 0 0

#Transform 116
Transform: AffineTransform_float_3_3
Parameters: 0.999995 0.00265143 -0.00164887 -0.00263457 0.999947 0.00988839 0.00167513 -0.0098836 0.99995 -0.208704 0.28055 -1.01112
FixedParameters: 0 0 0

#Transform 117
Transform: AffineTransform_float_3_3
Parameters: 0.999997 0.00214251 0.000267235 -0.00214349 0.999982 0.00570844 -0.000254766 -0.00570956 0.999983 -0.224446 0.263252 -1.06033
FixedParameters: 0 0 0

#Transform 118
Transform: AffineTransform_float_3_3
Parameters: 0.999996 0.00260494 0.00115446 -0.00259806 0.999979 -0.00597302 -0.00116953 0.00596997 0.999981 -0.21603 0.393221 -0.740347
FixedParameters: 0 0 0

#Transform 119
Transform: AffineTransform_float_3_3
Parameters: 0.999996 0.00245158 0.000731116 -0.00244742 0.999985 -0.00485181 -0.000743881 0.00485019 0.999988 -0.184873 0.381322 -0.669151
FixedParameters: 0 0 0

#Transform 120
Transform: AffineTransform_float_3_3
Parameters: 0.999998 0.00196488 -0.000203696 -0.00196412 0.999989 0.00422741 0.000211304 -0.00422659 0.999991 -0.184779 0.293063 -0.654356
FixedParameters: 0 0 0

#Transform 121
Transform: AffineTransform_float_3_3
Parameters: 0.999996 0.002536 0.00123284 -0.002533 0.999994 -0.00243113 -0.00123916 0.00242887 0.999997 -0.206143 0.342334 -0.774109
FixedParameters: 0 0 0

#Transform 122
Transform: AffineTransform_float_3_3
Parameters: 0.999996 0.00280282 0.00111611 -0.00280819 0.999985 0.00467189 -0.00110289 -0.00467511 0.999988 -0.18249 0.220648 -0.687217
FixedParameters: 0 0 0

#Transform 123
Transform: AffineTransform_float_3_3
Parameters: 0.999997 0.00249571 -0.000937821 -0.00249329 0.999992 0.00287935 0.000945182 -0.00287765 0.999995 -0.160784 0.235494 -0.656844
FixedParameters: 0 0 0

#Transform 124
Transform: AffineTransform_float_3_3
Parameters: 0.999992 0.00353915 -0.00141463 -0.00354085 0.999993 -0.001305 0.00141037 0.00131 0.999998 -0.117487 0.289802 -0.656419
FixedParameters: 0 0 0

#Transform 125
Transform: AffineTransform_float_3_3
Parameters: 0.999992 0.00387581 -0.00141327 -0.00387719 0.999992 -0.000839527 0.00140974 0.000844471 0.999998 -0.159197 0.291737 -0.638014
FixedParameters: 0 0 0

#Transform 126
Transform: AffineTransform_float_3_3
Parameters: 0.99999 0.00407929 -0.00143116 -0.0040787 0.999991 0.000208839 0.00143184 -0.000202161 0.999999 -0.142395 0.274221 -0.66221
FixedParameters: 0 0 0

#Transform 127
Transform: AffineTransform_float_3_3
Parameters: 0.99999 0.0042153 -0.00098141 -0.00421369 0.99999 0.00132815 0.000987587 -0.00132385 0.999998 -0.134638 0.257939 -0.629717
FixedParameters: 0 0 0

#Transform 128
Transform: AffineTransform_float_3_3
Parameters: 0.99999 0.00408632 -0.00174358 -0.00408468 0.999991 0.00133114 0.00174942 -0.00132386 0.999998 -0.11681 0.258144 -0.64565
FixedParameters: 0 0 0

#Transform 129
Transform: AffineTransform_float_3_3
Parameters: 0.99999 0.00418963 -0.0014152 -0.00418837 0.99999 0.00114994 0.00141981 -0.00114406 0.999999 -0.109525 0.262193 -0.627757
FixedParameters: 0 0 0

#Transform 130
Transform: AffineTransform_float_3_3
Parameters: 0.999988 0.00434355 -0.0022571 -0.00434145 0.99999 0.00113381 0.0022619 -0.00112319 0.999997 -0.104145 0.244492 -0.605027
FixedParameters: 0 0 0

#Transform 131
Transform: AffineTransform_float_3_3
Parameters: 0.999989 0.00417864 -0.00188336 -0.00417736 0.999991 0.000873876 0.00188763 -0.000865121 0.999998 -0.0972052 0.27606 -0.492604
FixedParameters: 0 0 0

#Transform 132
Transform: AffineTransform_float_3_3
Parameters: 0.99999 0.00391258 -0.00222673 -0.00390942 0.999991 0.00160772 0.00223327 -0.00159928 0.999996 -0.088227 0.251674 -0.529065
FixedParameters: 0 0 0

#Transform 133
Transform: AffineTransform_float_3_3
Parameters: 0.999986 0.0043272 -0.00304209 -0.0043118 0.999976 0.00531119 0.00306492 -0.00529781 0.999982 -0.0658301 0.21032 -0.578157
FixedParameters: 0 0 0

#Transform 134
Transform: AffineTransform_float_3_3
Parameters: 0.99999 0.00382067 -0.00229996 -0.00381433 0.999988 0.0028958 0.00231104 -0.0028872 0.999993 -0.09095 0.195927 -0.581654
FixedParameters: 0 0 0

#Transform 135
Transform: AffineTransform_float_3_3
Parameters: 0.99999 0.00364879 -0.00228378 -0.00364321 0.99999 0.00253334 0.00229322 -0.00252566 0.999994 -0.0901489 0.22598 -0.497565
FixedParameters: 0 0 0

#Transform 136
Transform: AffineTransform_float_3_3
Parameters: 0.99999 0.00366083 -0.00262489 -0.00365417 0.999991 0.00222161 0.0026331 -0.00221138 0.999994 -0.0975186 0.249424 -0.503624
FixedParameters: 0 0 0

#Transform 137
Transform: AffineTransform_float_3_3
Parameters: 0.999991 0.00397447 -0.00182664 -0.00397153 0.999991 0.00135327 0.00183236 -0.00134673 0.999997 -0.0950015 0.253115 -0.537938
FixedParameters: 0 0 0

#Transform 138
Transform: AffineTransform_float_3_3
Parameters: 0.99999 0.00414373 -0.00121672 -0.00414126 0.999989 0.00224306 0.00122628 -0.00223794 0.999996 -0.114236 0.242216 -0.483136
FixedParameters: 0 0 0

#Transform 139
Transform: AffineTransform_float_3_3
Parameters: 0.999991 0.00409925 -0.00152632 -0.00409576 0.99999 0.00212227 0.00153468 -0.00211573 0.999997 -0.099381 0.243905 -0.500887
FixedParameters: 0 0 0

#Transform 140
Transform: AffineTransform_float_3_3
Parameters: 0.999989 0.00424181 -0.00192224 -0.0042362 0.999987 0.00301318 0.00193476 -0.00300583 0.999993 -0.102227 0.20849 -0.525928
FixedParameters: 0 0 0

#Transform 141
Transform: AffineTransform_float_3_3
Parameters: 0.999991 0.00374171 -0.00192588 -0.00373729 0.99999 0.00244322 0.00193513 -0.00243678 0.999995 -0.113704 0.225689 -0.604657
FixedParameters: 0 0 0

#Transform 142
Transform: AffineTransform_float_3_3
Parameters: 0.99999 0.00421902 -0.000996431 -0.00422098 0.999989 -0.00199581 0.000987572 0.00199919 0.999998 -0.100912 0.304182 -0.721667
FixedParameters: 0 0 0

#Transform 143
Transform: AffineTransform_float_3_3
Parameters: 0.99999 0.00458246 0.00069444 -0.00458054 0.999988 -0.0020882 -0.000703558 0.0020848 0.999997 -0.144293 0.305542 -0.725658
FixedParameters: 0 0 0

#Transform 144
Transform: AffineTransform_float_3_3
Parameters: 0.999991 0.00422123 0.000145329 -0.00422176 0.99999 -0.00158063 -0.000152669 0.00157937 0.999998 -0.157749 0.294361 -0.707324
FixedParameters: 0 0 0

#Transform 145
Transform: AffineTransform_float_3_3
Parameters: 0.999991 0.00422097 -5.71649e-05 -0.00422103 0.999991 -0.000512763 5.48341e-05 0.000513236 1 -0.14098 0.268941 -0.655272
FixedParameters: 0 0 0

#Transform 146
Transform: AffineTransform_float_3_3
Parameters: 0.999994 0.00360604 -3.42784e-05 -0.00360596 0.999993 0.00103213 3.77248e-05 -0.00103287 1 -0.128631 0.251102 -0.667186
FixedParameters: 0 0 0

#Transform 147
Transform: AffineTransform_float_3_3
Parameters: 0.999994 0.00348609 -2.83539e-05 -0.00348591 0.99999 0.00276712 3.76455e-05 -0.00276689 0.999996 -0.127584 0.227558 -0.80831
FixedParameters: 0 0 0

#Transform 148
Transform: AffineTransform_float_3_3
Parameters: 0.999992 0.00379919 -0.000551874 -0.00379781 0.99999 0.00214011 0.000560124 -0.00213789 0.999997 -0.136504 0.3598 -0.93633
FixedParameters: 0 0 0

#Transform 149
Transform: AffineTransform_float_3_3
Parameters: 0.99999 0.00461856 -0.000408653 -0.00461944 0.999983 -0.00360415 0.00039235 0.00360585 0.999994 -0.142229 0.683524 -1.2481
FixedParameters: 0 0 0

#Transform 150
Transform: AffineTransform_float_3_3
Parameters: 0.999987 0.00491028 0.00143643 -0.00490571 0.999983 -0.00297309 -0.00145157 0.00296591 0.999995 -0.19395 0.549656 -1.24133
FixedParameters: 0 0 0

#Transform 151
Transform: AffineTransform_float_3_3
Parameters: 0.999991 0.00420155 0.000355396 -0.00420245 0.999991 0.00128352 -0.000349605 -0.00128448 0.999999 -0.162166 0.338009 -1.07979
FixedParameters: 0 0 0

#Transform 152
Transform: AffineTransform_float_3_3
Parameters: 0.99999 0.00426003 0.000763102 -0.00426197 0.999988 0.00260377 -0.000751902 -0.00260623 0.999997 -0.165516 0.277585 -0.636448
FixedParameters: 0 0 0

#Transform 153
Transform: AffineTransform_float_3_3
Parameters: 0.99999 0.00426015 0.00145564 -0.00425885 0.99999 -0.000792207 -0.00145936 0.00078579 0.999998 -0.204205 0.31541 -0.657677
FixedParameters: 0 0 0

#Transform 154
Transform: AffineTransform_float_3_3
Parameters: 0.999993 0.00348281 -0.00179671 -0.0034782 0.999991 0.00267227 0.00180529 -0.00266673 0.999995 -0.128815 0.269797 -0.481383
FixedParameters: 0 0 0

#Transform 155
Transform: AffineTransform_float_3_3
Parameters: 0.999989 0.00475022 -0.000692399 -0.00475079 0.999988 -0.00113472 0.000686601 0.00113827 0.999999 -0.15391 0.297407 -0.0271151
FixedParameters: 0 0 0

#Transform 156
Transform: AffineTransform_float_3_3
Parameters: 0.999991 0.0042549 -0.000215028 -0.0042541 0.999991 -0.000476089 0.000212969 0.00047791 1 -0.0910273 0.318574 -1.05329
FixedParameters: 0 0 0

#Transform 157
Transform: AffineTransform_float_3_3
Parameters: 0.999993 0.0038361 0.000616195 -0.0038349 0.999991 -0.00177538 -0.000622804 0.00177262 0.999998 -0.111336 0.380773 -1.32792
FixedParameters: 0 0 0

#Transform 158
Transform: AffineTransform_float_3_3
Parameters: 0.999994 0.003446 5.19515e-05 -0.003446 0.999994 -1.41791e-05 -5.20479e-05 1.38207e-05 1 -0.0929074 0.36744 -1.45899
FixedParameters: 0 0 0

#Transform 159
Transform: AffineTransform_float_3_3
Parameters: 0.999992 0.00385882 0.00105531 -0.00386018 0.999992 0.00111593 -0.00105168 -0.00112007 0.999999 -0.0958354 0.355895 -2.03907
FixedParameters: 0 0 0

#Transform 160
Transform: AffineTransform_float_3_3
Parameters: 0.999994 0.00347372 0.00011316 -0.00347429 0.999991 0.00263662 -0.000103838 -0.00263738 0.999996 -0.096422 0.358741 -1.74049
FixedParameters: 0 0 0

#Transform 161
Transform: AffineTransform_float_3_3
Parameters: 0.999994 0.00303494 -0.00125692 -0.00303206 0.999992 0.00233582 0.00126408 -0.00233218 0.999997 -0.0872365 0.379018 -1.48902
FixedParameters: 0 0 0

#Transform 162
Transform: AffineTransform_float_3_3
Parameters: 0.999993 0.00364082 -0.000795274 -0.00364018 0.999993 0.0010249 0.000798727 -0.0010221 0.999999 -0.0934446 0.422266 -1.63738
FixedParameters: 0 0 0

#Transform 163
Transform: AffineTransform_float_3_3
Parameters: 0.999992 0.00403076 0.000137323 -0.00403124 0.99999 0.00181646 -0.000129674 -0.00181754 0.999999 -0.124516 0.385444 -1.64425
FixedParameters: 0 0 0

#Transform 164
Transform: AffineTransform_float_3_3
Parameters: 0.999991 0.0041445 -0.00106786 -0.00414551 0.999991 -0.00141159 0.00106214 0.00141642 0.999999 -0.096 0.424704 -1.42494
FixedParameters: 0 0 0

#Transform 165
Transform: AffineTransform_float_3_3
Parameters: 0.999992 0.00374358 -0.00145167 -0.00374442 0.999992 -0.000976572 0.00144834 0.00098143 0.999999 -0.0877188 0.445909 -1.44586
FixedParameters: 0 0 0

#Transform 166
Transform: AffineTransform_float_3_3
Parameters: 0.999992 0.00402563 -0.00102152 -0.00402437 0.999991 0.000618116 0.00102448 -0.000613881 1 -0.0968629 0.455298 -1.53547
FixedParameters: 0 0 0

#Transform 167
Transform: AffineTransform_float_3_3
Parameters: 0.999991 0.00406488 -0.000342387 -0.00406511 0.999991 -0.000340611 0.000341611 0.000342391 1 -0.0999544 0.487108 -1.64478
FixedParameters: 0 0 0

#Transform 168
Transform: AffineTransform_float_3_3
Parameters: 0.99999 0.00418169 -0.00101014 -0.00418131 0.999991 0.00068623 0.00101286 -0.000681771 1 -0.0675366 0.480026 -1.64593
FixedParameters: 0 0 0

#Transform 169
Transform: AffineTransform_float_3_3
Parameters: 0.999993 0.00362254 -0.000658019 -0.00362146 0.999993 0.000824389 0.00066098 -0.000821612 1 -0.0913817 0.40215 -1.54079
FixedParameters: 0 0 0

#Transform 170
Transform: AffineTransform_float_3_3
Parameters: 0.999991 0.00410206 -0.000824689 -0.00410194 0.999991 7.73834e-05 0.000825313 -7.46151e-05 0.999999 -0.11129 0.478036 -1.69666
FixedParameters: 0 0 0

#Transform 171
Transform: AffineTransform_float_3_3
Parameters: 0.999989 0.00458455 -0.000799337 -0.00458645 0.999988 -0.00181635 0.000791659 0.00182065 0.999998 -0.137253 0.499918 -1.69732
FixedParameters: 0 0 0

#Transform 172
Transform: AffineTransform_float_3_3
Parameters: 0.99999 0.00429361 -0.000589172 -0.00429538 0.999988 -0.00236749 0.000579824 0.00237051 0.999997 -0.112852 0.522163 -1.68784
FixedParameters: 0 0 0

#Transform 173
Transform: AffineTransform_float_3_3
Parameters: 0.99999 0.00447871 -0.000398742 -0.00448029 0.999984 -0.00329025 0.000384258 0.00329175 0.999995 -0.110215 0.529799 -1.66258
FixedParameters: 0 0 0

#Transform 174
Transform: AffineTransform_float_3_3
Parameters: 0.999991 0.00422557 -0.00127212 -0.00422844 0.999989 -0.00191864 0.00126488 0.00192436 0.999998 -0.0884398 0.507608 -1.60938
FixedParameters: 0 0 0

#Transform 175
Transform: AffineTransform_float_3_3
Parameters: 0.999991 0.00431432 -0.000518695 -0.00431568 0.99999 -0.00131877 0.000513308 0.00132023 0.999999 -0.100378 0.501812 -1.68684
FixedParameters: 0 0 0

#Transform 176
Transform: AffineTransform_float_3_3
Parameters: 0.999991 0.004035 -0.00052602 -0.004035 0.999992 -3.87754e-06 0.000525979 6.12237e-06 1 -0.10434 0.490505 -1.68431
FixedParameters: 0 0 0

#Transform 177
Transform: AffineTransform_float_3_3
Parameters: 0.999994 0.00359812 -0.000612269 -0.00359788 0.999993 0.000204204 0.000612734 -0.000202797 1 -0.0945187 0.488441 -1.74156
FixedParameters: 0 0 0

#Transform 178
Transform: AffineTransform_float_3_3
Parameters: 0.999992 0.00392299 -0.000690053 -0.00392301 0.999993 -1.2293e-05 0.000689947 1.47068e-05 1 -0.0835408 0.48016 -1.70851
FixedParameters: 0 0 0

#Transform 179
Transform: AffineTransform_float_3_3
Parameters: 0.999992 0.004044 1.87619e-06 -0.00404399 0.999991 -0.00126702 -7.12373e-06 0.00126698 0.999999 -0.0945425 0.482397 -1.66324
FixedParameters: 0 0 0
