#Insight Transform File V1.0
#Transform 0
Transform: AffineTransform_float_3_3
Parameters: 1 0 0 0 1 0.000279 0 -0.000279 1 0 0.00524943 0.0660276
FixedParameters: 0 0 0

#Transform 1
Transform: AffineTransform_float_3_3
Parameters: 1 0 0 0 1 0.000533 0 -0.000533 1 0 0.00735244 0.0737531
FixedParameters: 0 0 0

#Transform 2
Transform: AffineTransform_float_3_3
Parameters: 1 1.4484e-07 -0.000284 1.4484e-07 1 0.00051 0.000284 -0.00051 1 0.0117064 0.00834249 0.0746735
FixedParameters: 0 0 0

#Transform 3
Transform: AffineTransform_float_3_3
Parameters: 1 0 0 0 1 0.0004 0 -0.0004 1 0.01608 -0.00203757 0.0732832
FixedParameters: 0 0 0

#Transform 4
Transform: AffineTransform_float_3_3
Parameters: 1 5.346e-08 -0.00011 5.346e-08 1 0.000486 0.00011 -0.000486 1 0.00925152 -0.00761961 0.0654289
FixedParameters: 0 0 0

#Transform 5
Transform: AffineTransform_float_3_3
Parameters: 1 0 0 0 1 0.000616 0 -0.000616 1 -0.005178 -0.00400062 0.0535639
FixedParameters: 0 0 0

#Transform 6
Transform: AffineTransform_float_3_3
Parameters: 1 1.23172e-07 -0.000166 1.23172e-07 0.999999 0.000742 0.000166 -0.000742 0.999999 0.00170154 -0.0188897 0.0720717
FixedParameters: 0 0 0

#Transform 7
Transform: AffineTransform_float_3_3
Parameters: 1 2.94576e-07 -0.000456 2.94576e-07 1 0.000646 0.000456 -0.000646 0.999999 0.0136334 -0.00845992 0.0796313
FixedParameters: 0 0 0

#Transform 8
Transform: AffineTransform_float_3_3
Parameters: 1 2.35832e-07 -0.000328 2.35832e-07 0.999999 0.000719 0.000328 -0.000719 0.999999 0.00834503 -0.020442 0.0526613
FixedParameters: 0 0 0

#Transform 9
Transform: AffineTransform_float_3_3
Parameters: 1 -5.9e-05 -4.2834e-08 5.9e-05 0.999999 0.000726 -4.2834e-08 -0.000726 0.999999 0.00871057 -0.0116606 0.0551015
FixedParameters: 0 0 0

#Transform 10
Transform: AffineTransform_float_3_3
Parameters: 1 5.6161e-08 -0.000113 5.6161e-08 1 0.000497 0.000113 -0.000497 1 0.015166 -0.00239091 0.0576798
FixedParameters: 0 0 0

#Transform 11
Transform: AffineTransform_float_3_3
Parameters: 1 1.23994e-07 -0.000247 1.23994e-07 1 0.000502 0.000247 -0.000502 1 0.00680068 -0.00256843 0.0393775
FixedParameters: 0 0 0

#Transform 12
Transform: AffineTransform_float_3_3
Parameters: 1 8.1606e-08 -0.000203 8.1606e-08 1 0.000402 0.000203 -0.000402 1 -0.000317809 0.00154401 0.0764684
FixedParameters: 0 0 0

#Transform 13
Transform: AffineTransform_float_3_3
Parameters: 1 -0.000174 -5.7594e-08 0.000174 1 0.000331 -5.7594e-08 -0.000331 1 0.000714217 0.00500899 0.0521566
FixedParameters: 0 0 0

#Transform 14
Transform: AffineTransform_float_3_3
Parameters: 1 0 0 0 1 7.3e-05 0 -7.3e-05 1 0.007766 -1.75368e-05 0.0543352
FixedParameters: 0 0 0

#Transform 15
Transform: AffineTransform_float_3_3
Parameters: 1 0 0 0 1 0.000227 0 -0.000227 1 -0.000518 0.00875739 0.0497538
FixedParameters: 0 0 0

#Transform 16
Transform: AffineTransform_float_3_3
Parameters: 1 -0.000241 0 0.000241 1 0 0 0 1 0.0010406 0.0189159 0.042724
FixedParameters: 0 0 0

#Transform 17
Transform: AffineTransform_float_3_3
Parameters: 1 0 0 0 1 0 0 0 1 0.002396 0.0181 0.023728
FixedParameters: 0 0 0

#Transform 18
Transform: AffineTransform_float_3_3
Parameters: 1 0 0 0 1 0.00025 0 -0.00025 1 -0.015769 0.00781202 0.0247699
FixedParameters: 0 0 0

#Transform 19
Transform: AffineTransform_float_3_3
Parameters: 1 -0.0001 -5.13e-08 0.0001 1 0.000513 -5.13e-08 -0.000513 1 -0.0153834 -0.00269574 0.00949194
FixedParameters: 0 0 0

#Transform 20
Transform: AffineTransform_float_3_3
Parameters: 1 6.4e-05 -0.000137 -6.4e-05 1 8.768e-09 0.000137 8.768e-09 1 0.00566269 0.00903969 0.00781277
FixedParameters: 0 0 0

#Transform 21
Transform: AffineTransform_float_3_3
Parameters: 1 0 -6.4e-05 0 1 0 6.4e-05 0 1 0.00291044 0.033986 0.0272531
FixedParameters: 0 0 0

#Transform 22
Transform: AffineTransform_float_3_3
Parameters: 1 -0.000107 -0.000118 0.000107 1 -1.2626e-08 0.000118 -1.2626e-08 1 -0.0111936 0.0394465 0.0212812
FixedParameters: 0 0 0

#Transform 23
Transform: AffineTransform_float_3_3
Parameters: 1 0 0 0 1 0 0 0 1 -0.016551 0.035132 0.01295
FixedParameters: 0 0 0

#Transform 24
Transform: AffineTransform_float_3_3
Parameters: 1 0 0 0 1 5.3e-05 0 -5.3e-05 1 0.001076 0.00594157 0.0108404
FixedParameters: 0 0 0

#Transform 25
Transform: AffineTransform_float_3_3
Parameters: 1 2.6182e-08 0.000106 2.6182e-08 1 -0.000247 -0.000106 0.000247 1 -0.0032622 0.0182985 0.0359902
FixedParameters: 0 0 0

#Transform 26
Transform: AffineTransform_float_3_3
Parameters: 1 -0.000179981 7.20463e-05 0.000180019 1 -0.000256987 -7.29537e-05 0.000257013 1 -0.00123485 0.0192436 0.0410795
FixedParameters: 0 0 0

#Transform 27
Transform: AffineTransform_float_3_3
Parameters: 1 -0.000255 0.000103 0.000255 1 2.6265e-08 -0.000103 2.6265e-08 1 -0.022778 0.0138617 0.012747
FixedParameters: 0 0 0

#Transform 28
Transform: AffineTransform_float_3_3
Parameters: 1 8.54e-09 7e-05 8.54e-09 1 -0.000122 -7e-05 0.000122 1 -0.0225007 0.0130648 0.000286292
FixedParameters: 0 0 0

#Transform 29
Transform: AffineTransform_float_3_3
Parameters: 1 0 0 0 1 -0.000314 0 0.000314 1 -0.001266 0.00758353 -0.013277
FixedParameters: 0 0 0

#Transform 30
Transform: AffineTransform_float_3_3
Parameters: 1 -0.000401771 0.00039923 0.000402229 1 -0.000573839 -0.000399769 0.00057416 1 -0.01139 0.0270708 -0.00648359
FixedParameters: 0 0 0

#Transform 31
Transform: AffineTransform_float_3_3
Parameters: 1 -0.000329912 0.00020614 0.000330087 1 -0.000424932 -0.00020586 0.000425068 1 -0.00838244 0.0391289 0.0107282
FixedParameters: 0 0 0

#Transform 32
Transform: AffineTransform_float_3_3
Parameters: 1 -0.000401939 0.000557044 0.000402061 1 -0.000108776 -0.000556956 0.000109224 1 -0.0226459 0.0457174 0.0109615
FixedParameters: 0 0 0

#Transform 33
Transform: AffineTransform_float_3_3
Parameters: 1 -0.000401763 0.00055717 0.000402237 1 -0.000424776 -0.000557829 0.000425224 1 -0.0226554 0.0452296 -0.00655802
FixedParameters: 0 0 0

#Transform 34
Transform: AffineTransform_float_3_3
Parameters: 1 -0.000401763 0.00055717 0.000402237 1 -0.000424776 -0.000557829 0.000425224 1 -0.0226543 0.0366373 -0.0106417
FixedParameters: 0 0 0

#Transform 35
Transform: AffineTransform_float_3_3
Parameters: 1 -0.000231885 0.000271099 0.000232115 1 -0.000424937 -0.000270901 0.000425063 1 -0.00150434 0.0293441 0.00963944
FixedParameters: 0 0 0

#Transform 36
Transform: AffineTransform_float_3_3
Parameters: 1 -0.000247763 0.000557105 0.000247237 1 -0.000424862 -0.000557895 0.000425138 1 -0.0232455 0.0259057 -0.0086859
FixedParameters: 0 0 0

#Transform 37
Transform: AffineTransform_float_3_3
Parameters: 1 -0.000218878 0.000287093 0.000219122 1 -0.000424937 -0.000286907 0.000425063 1 -0.0122428 0.025825 -0.00830344
FixedParameters: 0 0 0

#Transform 38
Transform: AffineTransform_float_3_3
Parameters: 1 -0.000218997 0.000209003 0.000219002 1 -1.19542e-05 -0.000208997 1.20458e-05 1 -0.00905488 0.0188051 0.0136731
FixedParameters: 0 0 0

#Transform 39
Transform: AffineTransform_float_3_3
Parameters: 1 -7.77116e-05 0.000283079 7.82884e-05 1 -0.00101898 -0.00028292 0.00101902 1 -0.0126604 0.0782853 -0.00854009
FixedParameters: 0 0 0

#Transform 40
Transform: AffineTransform_float_3_3
Parameters: 1 -0.000218431 0.000557224 0.00021957 1 -0.00102188 -0.000557776 0.00102212 1 -0.00983194 0.059324 -0.0171262
FixedParameters: 0 0 0

#Transform 41
Transform: AffineTransform_float_3_3
Parameters: 1 -0.00021817 0.000557325 0.000219831 0.999999 -0.00148888 -0.000557673 0.00148912 0.999998 -0.00402469 0.0722052 0.00634396
FixedParameters: 0 0 0

#Transform 42
Transform: AffineTransform_float_3_3
Parameters: 1 -0.000218171 0.000648279 0.000219829 0.999999 -0.00127886 -0.000647719 0.00127914 0.999999 -0.0102597 0.0762591 0.00704745
FixedParameters: 0 0 0

#Transform 43
Transform: AffineTransform_float_3_3
Parameters: 1 -0.000218287 0.00055728 0.000219713 0.999999 -0.00127888 -0.000557719 0.00127912 0.999999 -0.00104058 0.0736192 0.0609659
FixedParameters: 0 0 0

#Transform 44
Transform: AffineTransform_float_3_3
Parameters: 1 -0.000218248 0.000557295 0.000219753 0.999999 -0.00134988 -0.000557704 0.00135012 0.999999 -0.00476076 0.0862971 0.0584382
FixedParameters: 0 0 0

#Transform 45
Transform: AffineTransform_float_3_3
Parameters: 1 -0.000218442 0.000557219 0.000219558 0.999999 -0.00100088 -0.000557781 0.00100112 1 -0.0203517 0.0991277 0.0365783
FixedParameters: 0 0 0

#Transform 46
Transform: AffineTransform_float_3_3
Parameters: 1 -0.000218349 0.000557256 0.000219652 1 -0.00116888 -0.000557744 0.00116912 0.999999 -0.0203358 0.105236 0.0549901
FixedParameters: 0 0 0

#Transform 47
Transform: AffineTransform_float_3_3
Parameters: 1 -0.000218328 0.000557264 0.000219673 0.999999 -0.00120588 -0.000557735 0.00120612 0.999999 -0.0203317 0.107571 0.0489295
FixedParameters: 0 0 0

#Transform 48
Transform: AffineTransform_float_3_3
Parameters: 1 -0.000218353 0.000557254 0.000219648 1 -0.00116188 -0.000557745 0.00116212 0.999999 -0.0336684 0.0988773 0.00301206
FixedParameters: 0 0 0

#Transform 49
Transform: AffineTransform_float_3_3
Parameters: 1 -0.000218287 0.00055728 0.000219713 0.999999 -0.00127888 -0.000557719 0.00127912 0.999999 -0.0261766 0.0876763 0.0143389
FixedParameters: 0 0 0

#Transform 50
Transform: AffineTransform_float_3_3
Parameters: 1 -0.000218287 0.00055728 0.000219713 0.999999 -0.00127888 -0.000557719 0.00127912 0.999999 -0.0240684 0.0727968 0.0143187
FixedParameters: 0 0 0

#Transform 51
Transform: AffineTransform_float_3_3
Parameters: 1 -0.000218287 0.00055728 0.000219713 0.999999 -0.00127888 -0.000557719 0.00127912 0.999999 -0.0261734 0.0727963 0.0143209
FixedParameters: 0 0 0

#Transform 52
Transform: AffineTransform_float_3_3
Parameters: 1 -0.000218282 0.000557282 0.000219719 0.999999 -0.00128888 -0.000557717 0.00128912 0.999999 -0.026189 0.0732363 -0.0135561
FixedParameters: 0 0 0

#Transform 53
Transform: AffineTransform_float_3_3
Parameters: 1 -0.000218324 0.000557265 0.000219677 0.999999 -0.00121288 -0.000557734 0.00121312 0.999999 -0.029041 0.0757026 -0.0268903
FixedParameters: 0 0 0

#Transform 54
Transform: AffineTransform_float_3_3
Parameters: 0.999999 -0.000218159 0.000697263 0.00021884 0.999999 -0.00120585 -0.000696736 0.00120615 0.999999 -0.0319199 0.0758591 -0.0336486
FixedParameters: 0 0 0

#Transform 55
Transform: AffineTransform_float_3_3
Parameters: 1 -0.000218338 0.00055726 0.000219663 1 -0.00118788 -0.000557739 0.00118812 0.999999 -0.026188 0.0690129 -0.0332257
FixedParameters: 0 0 0

#Transform 56
Transform: AffineTransform_float_3_3
Parameters: 1 -0.000218149 0.000557333 0.000218852 0.999999 -0.00152688 -0.000557666 0.00152712 0.999998 -0.0262106 0.0739232 -0.0377312
FixedParameters: 0 0 0

#Transform 57
Transform: AffineTransform_float_3_3
Parameters: 1 -0.000218109 0.000557349 0.000218892 0.999998 -0.00159888 -0.000557651 0.00159812 0.999998 -0.0262001 0.0768426 -0.0321255
FixedParameters: 0 0 0

#Transform 58
Transform: AffineTransform_float_3_3
Parameters: 1 -0.000218255 0.000496328 0.000219745 0.999999 -0.00150189 -0.00049567 0.00150211 0.999998 -0.0236408 0.0729611 -0.0277981
FixedParameters: 0 0 0

#Transform 59
Transform: AffineTransform_float_3_3
Parameters: 1 -0.000218181 0.000557321 0.000219819 0.999999 -0.00146888 -0.000557677 0.00146912 0.999999 -0.0367401 0.096707 -0.0278768
FixedParameters: 0 0 0

#Transform 60
Transform: AffineTransform_float_3_3
Parameters: 1 -0.00012511 0.0005572 0.000125891 0.999998 -0.00159793 -0.000557799 0.00159807 0.999998 -0.0338606 0.0925524 -0.0284771
FixedParameters: 0 0 0

#Transform 61
Transform: AffineTransform_float_3_3
Parameters: 0.999999 -0.00021804 0.000697301 0.000218959 0.999999 -0.00137685 -0.000696699 0.00137715 0.999999 -0.039229 0.0847652 -0.0066208
FixedParameters: 0 0 0

#Transform 62
Transform: AffineTransform_float_3_3
Parameters: 1 -0.000328176 0.000557485 0.000328824 0.999999 -0.00147782 -0.000557514 0.00147818 0.999999 -0.0167532 0.0898721 0.00217213
FixedParameters: 0 0 0

#Transform 63
Transform: AffineTransform_float_3_3
Parameters: 1 -0.000218233 0.000557301 0.000219768 0.999999 -0.00137688 -0.000557698 0.00137712 0.999999 -0.0159879 0.0709067 -0.00163762
FixedParameters: 0 0 0

#Transform 64
Transform: AffineTransform_float_3_3
Parameters: 1 -0.000218233 0.000557301 0.000219768 0.999999 -0.00137688 -0.000557698 0.00137712 0.999999 -0.0159827 0.080077 0.011276
FixedParameters: 0 0 0

#Transform 65
Transform: AffineTransform_float_3_3
Parameters: 1 -0.000218233 0.000557301 0.000219768 0.999999 -0.00137688 -0.000557698 0.00137712 0.999999 -0.0188236 0.0877289 0.00727114
FixedParameters: 0 0 0

#Transform 66
Transform: AffineTransform_float_3_3
Parameters: 1 -7.21616e-05 0.000557109 7.28397e-05 0.999999 -0.00150496 -0.000557891 0.00150504 0.999998 -0.0165013 0.0844676 0.00670915
FixedParameters: 0 0 0

#Transform 67
Transform: AffineTransform_float_3_3
Parameters: 1 -0.000218233 0.000557301 0.000219768 0.999999 -0.00137688 -0.000557698 0.00137712 0.999999 -0.0282268 0.0900011 -0.0227275
FixedParameters: 0 0 0

#Transform 68
Transform: AffineTransform_float_3_3
Parameters: 1 -9.02329e-05 0.000557125 9.07683e-05 0.999999 -0.00137695 -0.000557875 0.00137705 0.999999 -0.0376094 0.0795042 -0.0390728
FixedParameters: 0 0 0

#Transform 69
Transform: AffineTransform_float_3_3
Parameters: 1 -0.000218138 0.000557338 0.000218863 0.999999 -0.00154688 -0.000557662 0.00154712 0.999998 -0.0232778 0.0927267 -0.0199738
FixedParameters: 0 0 0

#Transform 70
Transform: AffineTransform_float_3_3
Parameters: 1 -0.000218372 0.000557246 0.000219629 1 -0.00112688 -0.000557753 0.00112712 0.999999 -0.0232687 0.0903089 -0.00458555
FixedParameters: 0 0 0

#Transform 71
Transform: AffineTransform_float_3_3
Parameters: 1 -0.000218128 0.000557342 0.000218872 0.999999 -0.00156388 -0.000557658 0.00156412 0.999998 -0.0255512 0.100359 -0.00322686
FixedParameters: 0 0 0

#Transform 72
Transform: AffineTransform_float_3_3
Parameters: 1 -0.000217849 0.000635396 0.00021915 0.999999 -0.00181186 -0.000634604 0.00181214 0.999998 -0.0279545 0.110576 -0.0122071
FixedParameters: 0 0 0

#Transform 73
Transform: AffineTransform_float_3_3
Parameters: 1 -0.000218048 0.000557374 0.000218953 0.999998 -0.00170888 -0.000557627 0.00170912 0.999999 -0.0247725 0.106404 -0.0211393
FixedParameters: 0 0 0

#Transform 74
Transform: AffineTransform_float_3_3
Parameters: 1 -0.000219192 0.000556924 0.000219808 1 0.000345122 -0.000557076 -0.000344878 1 -0.00517545 0.0577302 0.0316145
FixedParameters: 0 0 0

#Transform 75
Transform: AffineTransform_float_3_3
Parameters: 1 -0.000218567 0.00055717 0.000219433 0.999999 -0.000776877 -0.000557829 0.000777121 0.999999 -0.0258715 0.0840418 0.0310816
FixedParameters: 0 0 0

#Transform 76
Transform: AffineTransform_float_3_3
Parameters: 1 -0.00010493 0.000557203 0.000106072 0.999998 -0.00192094 -0.000557797 0.00192106 0.999998 -0.0382958 0.117583 0.00764438
FixedParameters: 0 0 0

#Transform 77
Transform: AffineTransform_float_3_3
Parameters: 1 -0.00015903 0.000557278 0.000159971 0.999998 -0.00173991 -0.000557723 0.00174009 0.999999 -0.0412815 0.115845 0.0185165
FixedParameters: 0 0 0

#Transform 78
Transform: AffineTransform_float_3_3
Parameters: 1 -0.000218253 0.000557293 0.000219748 0.999999 -0.00134088 -0.000557706 0.00134112 0.999999 -0.0197514 0.121395 0.0297895
FixedParameters: 0 0 0

#Transform 79
Transform: AffineTransform_float_3_3
Parameters: 1 -0.00021733 0.00108834 0.000219671 0.999999 -0.00153476 -0.00108866 0.00153524 0.999998 -0.0177836 0.10754 -0.00365052
FixedParameters: 0 0 0

#Transform 80
Transform: AffineTransform_float_3_3
Parameters: 0.999999 -0.000142496 0.000870247 0.000143505 0.999998 -0.00172788 -0.000870753 0.00172812 0.999998 -0.0275457 0.123088 -0.00442653
FixedParameters: 0 0 0

#Transform 81
Transform: AffineTransform_float_3_3
Parameters: 1 -0.000217119 0.00108838 0.000218881 0.999998 -0.00172776 -0.00108862 0.00172824 0.999998 -0.0295433 0.118608 0.00623115
FixedParameters: 0 0 0

#Transform 82
Transform: AffineTransform_float_3_3
Parameters: 1 -0.000216769 0.00108845 0.000219233 0.999998 -0.00205076 -0.00108855 0.00205024 0.999998 -0.0458975 0.12401 -0.00112228
FixedParameters: 0 0 0

#Transform 83
Transform: AffineTransform_float_3_3
Parameters: 1 -0.000217855 0.00108823 0.000219146 1 -0.00105176 -0.00108877 0.00105224 0.999999 -0.0252044 0.111187 0.0147433
FixedParameters: 0 0 0

#Transform 84
Transform: AffineTransform_float_3_3
Parameters: 1 -0.000217621 0.00108828 0.00021938 0.999999 -0.00126676 -0.00108872 0.00126724 0.999998 -0.0259728 0.0988009 0.0137578
FixedParameters: 0 0 0

#Transform 85
Transform: AffineTransform_float_3_3
Parameters: 1 -0.000217542 0.00108829 0.000219459 0.999999 -0.00133976 -0.00108871 0.00134024 0.999998 -0.0284971 0.113382 0.0375031
FixedParameters: 0 0 0

#Transform 86
Transform: AffineTransform_float_3_3
Parameters: 1 -0.000161693 0.0010882 0.000163309 1 -0.00120182 -0.0010888 0.00120118 0.999998 -0.0287217 0.107415 0.0415801
FixedParameters: 0 0 0

#Transform 87
Transform: AffineTransform_float_3_3
Parameters: 1 -0.000217581 0.00108828 0.00021942 0.999999 -0.00130376 -0.00108871 0.00130424 0.999998 -0.0315944 0.104472 0.0621446
FixedParameters: 0 0 0

#Transform 88
Transform: AffineTransform_float_3_3
Parameters: 0.999999 -0.000217487 0.000875377 0.000219511 0.999998 -0.00172781 -0.000874622 0.00172819 0.999998 -0.0303464 0.093395 0.0611385
FixedParameters: 0 0 0

#Transform 89
Transform: AffineTransform_float_3_3
Parameters: 0.999999 -0.000217939 0.000744311 0.000219062 0.999999 -0.00142584 -0.000744688 0.00142516 0.999998 -0.0264453 0.104236 0.0254158
FixedParameters: 0 0 0

#Transform 90
Transform: AffineTransform_float_3_3
Parameters: 1 -0.000217432 0.00108832 0.000219569 0.999999 -0.00144076 -0.00108869 0.00144124 0.999999 -0.0277283 0.0875948 0.00279369
FixedParameters: 0 0 0

#Transform 91
Transform: AffineTransform_float_3_3
Parameters: 1 -0.00012112 0.00108821 0.000122882 0.999998 -0.00172787 -0.00108879 0.00172813 0.999998 -0.0269408 0.0885728 -0.0243916
FixedParameters: 0 0 0

#Transform 92
Transform: AffineTransform_float_3_3
Parameters: 1 -0.000148237 0.00108824 0.000149764 0.999998 -0.00161984 -0.00108876 0.00162016 0.999998 -0.0232202 0.107113 0.00837938
FixedParameters: 0 0 0

#Transform 93
Transform: AffineTransform_float_3_3
Parameters: 1 -0.000217551 0.00108829 0.00021945 0.999999 -0.00133176 -0.00108871 0.00133224 0.999998 -0.0229518 0.0954889 0.0241315
FixedParameters: 0 0 0

#Transform 94
Transform: AffineTransform_float_3_3
Parameters: 1 -0.000217465 0.00108831 0.000219536 0.999999 -0.00141076 -0.00108869 0.00141124 0.999999 -0.00468302 0.0988116 0.00248949
FixedParameters: 0 0 0

#Transform 95
Transform: AffineTransform_float_3_3
Parameters: 1 -0.000217467 0.00108831 0.000219534 0.999999 -0.00140876 -0.00108869 0.00140924 0.999999 -0.00463424 0.0986664 0.0353502
FixedParameters: 0 0 0

#Transform 96
Transform: AffineTransform_float_3_3
Parameters: 1 -0.000156401 0.00102625 0.000158598 0.999999 -0.00155784 -0.00102575 0.00155816 0.999999 0.00862426 0.0979554 0.0218484
FixedParameters: 0 0 0

#Transform 97
Transform: AffineTransform_float_3_3
Parameters: 0.999999 -0.000217368 0.00132127 0.000219634 0.999999 -0.00123571 -0.00132173 0.00123529 0.999999 0.00892789 0.0915152 0.0283625
FixedParameters: 0 0 0

#Transform 98
Transform: AffineTransform_float_3_3
Parameters: 0.999999 -0.000217282 0.00128729 0.000219719 0.999999 -0.00133572 -0.00128671 0.00133528 0.999999 0.0058244 0.0904147 -0.000546957
FixedParameters: 0 0 0

#Transform 99
Transform: AffineTransform_float_3_3
Parameters: 0.999998 0.000158049 0.00170599 -0.00015795 1 -2.92695e-05 -0.001706 2.87304e-05 0.999998 -0.0413645 0.0807481 0.0361427
FixedParameters: 0 0 0

#Transform 100
Transform: AffineTransform_float_3_3
Parameters: 0.999998 -0.000218946 0.00158001 0.000219053 1 -3.36539e-05 -0.00157999 3.4346e-05 0.999999 -0.0242073 0.0374311 0.0917309
FixedParameters: 0 0 0

#Transform 101
Transform: AffineTransform_float_3_3
Parameters: 0.999999 -0.000295758 0.00137027 0.000296241 0.999999 -0.000905594 -0.00136973 0.000906405 0.999998 -0.0326588 0.0729673 0.0298348
FixedParameters: 0 0 0

#Transform 102
Transform: AffineTransform_float_3_3
Parameters: 0.999999 -0.000217574 0.00148621 0.000219425 0.999999 -0.000958675 -0.00148579 0.000959324 0.999999 -0.0315978 0.126945 0.0378162
FixedParameters: 0 0 0

#Transform 103
Transform: AffineTransform_float_3_3
Parameters: 0.999999 -0.00021783 0.00141618 0.00021917 0.999999 -0.00082569 -0.00141682 0.000826309 0.999998 -0.0321287 0.11782 0.0384925
FixedParameters: 0 0 0

#Transform 104
Transform: AffineTransform_float_3_3
Parameters: 0.999999 -0.000143655 0.00140214 0.000145345 0.999999 -0.000958796 -0.00140286 0.000959202 0.999998 -0.0369365 0.100258 0.0379938
FixedParameters: 0 0 0

#Transform 105
Transform: AffineTransform_float_3_3
Parameters: 0.999999 -0.000159402 0.0012972 0.000161599 0.999999 -0.00123279 -0.0012968 0.00123221 0.999999 -0.0325163 0.111454 0.0373199
FixedParameters: 0 0 0

#Transform 106
Transform: AffineTransform_float_3_3
Parameters: 0.999999 -0.000217778 0.00127421 0.000219222 1 -0.000958722 -0.00127379 0.000959278 0.999998 -0.0352051 0.100347 0.0384462
FixedParameters: 0 0 0

#Transform 107
Transform: AffineTransform_float_3_3
Parameters: 0.999999 -0.000217624 0.00143421 0.000219375 0.999999 -0.000958685 -0.00143379 0.000959312 0.999998 -0.0379151 0.100436 0.0543389
FixedParameters: 0 0 0

#Transform 108
Transform: AffineTransform_float_3_3
Parameters: 0.999999 -0.000217726 0.00142519 0.000219274 0.999999 -0.000893688 -0.0014248 0.00089431 0.999998 -0.017797 0.0977181 0.035173
FixedParameters: 0 0 0

#Transform 109
Transform: AffineTransform_float_3_3
Parameters: 0.999999 -0.000127713 0.00134212 0.000129287 0.999999 -0.000958827 -0.00134188 0.000959171 0.999998 -0.0146778 0.093364 0.050937
FixedParameters: 0 0 0

#Transform 110
Transform: AffineTransform_float_3_3
Parameters: 0.999999 0.000147598 0.000791889 -0.000146402 0.999999 -0.000755116 -0.000792111 0.000754883 1 -0.0109484 0.0830438 0.0602666
FixedParameters: 0 0 0

#Transform 111
Transform: AffineTransform_float_3_3
Parameters: 1 -0.000218115 0.00100819 0.000218885 0.999999 -0.00087778 -0.00100781 0.00087822 0.999999 -0.02622 0.107707 0.0542427
FixedParameters: 0 0 0

#Transform 112
Transform: AffineTransform_float_3_3
Parameters: 0.999999 -1.01235e-05 0.00091401 1.08765e-05 1 -0.000958991 -0.00091399 0.00095901 0.999999 -0.0160173 0.110374 0.0495581
FixedParameters: 0 0 0

#Transform 113
Transform: AffineTransform_float_3_3
Parameters: 0.999999 0.0002848 0.000833727 -0.000284201 1 -0.000959238 -0.000833273 0.000959764 0.999999 -0.0211535 0.109396 0.0399605
FixedParameters: 0 0 0

#Transform 114
Transform: AffineTransform_float_3_3
Parameters: 0.999999 0.000103263 0.0013159 -0.000101739 0.999999 -0.000959134 -0.0013151 0.000959864 0.999998 -0.0402099 0.11008 0.0682851
FixedParameters: 0 0 0

#Transform 115
Transform: AffineTransform_float_3_3
Parameters: 1 -0.000217464 0.00107631 0.000219535 0.999999 -0.00142677 -0.00107569 0.00142724 0.999999 -0.0159879 0.130358 0.0656444
FixedParameters: 0 0 0

#Transform 116
Transform: AffineTransform_float_3_3
Parameters: 0.999999 0.000185844 0.000878822 -0.000185157 0.999999 -0.000959163 -0.000879178 0.000959837 0.999999 -0.0225561 0.109844 0.0685554
FixedParameters: 0 0 0

#Transform 117
Transform: AffineTransform_float_3_3
Parameters: 0.999999 -0.000217974 0.000736304 0.000219026 0.999999 -0.00139384 -0.000735695 0.00139416 0.999999 -0.0150379 0.128921 0.0818557
FixedParameters: 0 0 0

#Transform 118
Transform: AffineTransform_float_3_3
Parameters: 0.999999 0.000193414 0.000918703 -0.000191585 0.999999 -0.00153918 -0.000919296 0.00153882 0.999999 -0.0242688 0.133674 0.0542524
FixedParameters: 0 0 0

#Transform 119
Transform: AffineTransform_float_3_3
Parameters: 1 0.000306972 0.00101271 -0.000306028 0.999999 -0.00095931 -0.00101329 0.000959689 0.999999 -0.0284693 0.137385 0.0554878
FixedParameters: 0 0 0

#Transform 120
Transform: AffineTransform_float_3_3
Parameters: 0.999999 0.000298919 0.000663586 -0.00029808 0.999999 -0.0013852 -0.000664413 0.0013848 0.999999 -0.0142228 0.126924 0.0562536
FixedParameters: 0 0 0

#Transform 121
Transform: AffineTransform_float_3_3
Parameters: 0.999999 0.00015837 0.00103879 -0.000157631 0.999999 -0.00131916 -0.00103821 0.00131884 0.999998 -0.0269004 0.124651 0.07217
FixedParameters: 0 0 0

#Transform 122
Transform: AffineTransform_float_3_3
Parameters: 0.999999 0.000210097 0.000844727 -0.000209902 0.999999 -0.00129918 -0.000845273 0.00129882 0.999999 -0.0212036 0.120143 0.104266
FixedParameters: 0 0 0

#Transform 123
Transform: AffineTransform_float_3_3
Parameters: 0.999999 0.000127198 0.00084482 -0.000125802 0.999999 -0.00141711 -0.000845179 0.00141789 0.999998 -0.032964 0.105225 0.0887951
FixedParameters: 0 0 0

#Transform 124
Transform: AffineTransform_float_3_3
Parameters: 1 0.000126576 0.000599879 -0.000126424 0.999999 -0.000959076 -0.000600122 0.000959924 1 -0.0188 0.0951241 0.0797424
FixedParameters: 0 0 0

#Transform 125
Transform: AffineTransform_float_3_3
Parameters: 0.999999 0.000127287 0.000844806 -0.000125713 0.999999 -0.00152311 -0.000845192 0.00152289 0.999998 -0.0247791 0.104796 0.0485185
FixedParameters: 0 0 0

#Transform 126
Transform: AffineTransform_float_3_3
Parameters: 0.999999 0.000127228 0.000844815 -0.000125771 0.999999 -0.00145411 -0.000845183 0.00145389 0.999998 -0.0269632 0.101948 0.0488171
FixedParameters: 0 0 0

#Transform 127
Transform: AffineTransform_float_3_3
Parameters: 0.999999 0.000178216 0.000844744 -0.000176785 0.999999 -0.00143815 -0.000845255 0.00143885 0.999998 -0.0249765 0.120252 0.0488191
FixedParameters: 0 0 0

#Transform 128
Transform: AffineTransform_float_3_3
Parameters: 0.999999 0.000127386 0.000962817 -0.000126615 0.999999 -0.00143812 -0.000963182 0.00143888 0.999998 -0.0296476 0.133999 0.0581609
FixedParameters: 0 0 0

#Transform 129
Transform: AffineTransform_float_3_3
Parameters: 0.999999 0.000127443 0.000844783 -0.000126556 0.999998 -0.00170811 -0.000845217 0.00170789 0.999998 -0.0247529 0.122201 0.068681
FixedParameters: 0 0 0

#Transform 130
Transform: AffineTransform_float_3_3
Parameters: 0.999999 0.000127993 0.0012768 -0.000126006 0.999999 -0.00156116 -0.0012772 0.00156084 0.999998 -0.0425416 0.116176 0.0715008
FixedParameters: 0 0 0

#Transform 131
Transform: AffineTransform_float_3_3
Parameters: 0.999999 0.000127654 0.000978785 -0.000126348 0.999998 -0.00168912 -0.000978215 0.00168988 0.999998 -0.0303044 0.115064 0.0443252
FixedParameters: 0 0 0

#Transform 132
Transform: AffineTransform_float_3_3
Parameters: 1 0.000128092 0.00112276 -0.000125908 0.999999 -0.00186314 -0.00112324 0.00186286 0.999997 -0.0399488 0.110219 0.044919
FixedParameters: 0 0 0

#Transform 133
Transform: AffineTransform_float_3_3
Parameters: 1 0.000128444 0.00116773 -0.000126557 0.999998 -0.00209315 -0.00116727 0.00209285 0.999997 -0.0379709 0.10603 0.0825617
FixedParameters: 0 0 0

#Transform 134
Transform: AffineTransform_float_3_3
Parameters: 0.999999 0.000128427 0.00127676 -0.000126572 0.999998 -0.00190116 -0.00127724 0.00190084 0.999998 -0.042523 0.115211 0.0829896
FixedParameters: 0 0 0

#Transform 135
Transform: AffineTransform_float_3_3
Parameters: 1 0.000128197 0.00115576 -0.000125802 0.999998 -0.00190115 -0.00115624 0.00190085 0.999997 -0.0375406 0.111133 0.0683193
FixedParameters: 0 0 0

#Transform 136
Transform: AffineTransform_float_3_3
Parameters: 1 0.000128266 0.00119176 -0.000125736 0.999998 -0.00190115 -0.00119124 0.00190085 0.999998 -0.0360101 0.124597 0.0839875
FixedParameters: 0 0 0

#Transform 137
Transform: AffineTransform_float_3_3
Parameters: 0.999999 0.000128642 0.00127674 -0.000126358 0.999998 -0.00206916 -0.00127726 0.00206884 0.999997 -0.0425648 0.131545 0.0518178
FixedParameters: 0 0 0

#Transform 138
Transform: AffineTransform_float_3_3
Parameters: 0.999999 0.000128923 0.00127671 -0.000126077 0.999998 -0.00228916 -0.00127729 0.00228884 0.999996 -0.0511065 0.140634 0.0362682
FixedParameters: 0 0 0

#Transform 139
Transform: AffineTransform_float_3_3
Parameters: 0.999999 0.000128797 0.00127672 -0.000126202 0.999997 -0.00219116 -0.00127728 0.00219084 0.999997 -0.0478561 0.136685 0.0119039
FixedParameters: 0 0 0

#Transform 140
Transform: AffineTransform_float_3_3
Parameters: 0.999999 0.000128855 0.00127671 -0.000126144 0.999998 -0.00223616 -0.00127729 0.00223584 0.999996 -0.0468561 0.138472 0.0125312
FixedParameters: 0 0 0

#Transform 141
Transform: AffineTransform_float_3_3
Parameters: 0.999999 0.000324809 0.00127629 -0.00032219 0.999998 -0.00220041 -0.00127771 0.00219959 0.999997 -0.0475935 0.126733 0.0413402
FixedParameters: 0 0 0

#Transform 142
Transform: AffineTransform_float_3_3
Parameters: 0.999999 0.000129554 0.0015267 -0.000126445 0.999998 -0.0023282 -0.0015273 0.00232781 0.999996 -0.059777 0.122952 0.0367825
FixedParameters: 0 0 0

#Transform 143
Transform: AffineTransform_float_3_3
Parameters: 1 0.000128747 0.00121571 -0.000126253 0.999998 -0.00225916 -0.00121629 0.00225885 0.999996 -0.0460816 0.130034 0.0412285
FixedParameters: 0 0 0

#Transform 144
Transform: AffineTransform_float_3_3
Parameters: 0.999999 0.000128965 0.00141673 -0.000126036 0.999998 -0.00209318 -0.00141627 0.00209282 0.999997 -0.0353817 0.132579 0.0413336
FixedParameters: 0 0 0

#Transform 145
Transform: AffineTransform_float_3_3
Parameters: 0.999999 5.42757e-06 0.00127699 -3.57241e-06 0.999998 -0.00190101 -0.00127701 0.001901 0.999998 -0.0254179 0.0996916 0.0907383
FixedParameters: 0 0 0

#Transform 146
Transform: AffineTransform_float_3_3
Parameters: 0.999999 0.000128427 0.00127676 -0.000126572 0.999998 -0.00190116 -0.00127724 0.00190084 0.999998 -0.0378148 0.125165 0.0602265
FixedParameters: 0 0 0

#Transform 147
Transform: AffineTransform_float_3_3
Parameters: 0.999999 4.53649e-05 0.00135992 -4.26348e-05 0.999998 -0.00173906 -0.00136008 0.00173894 0.999997 -0.0368993 0.126168 0.047098
FixedParameters: 0 0 0

#Transform 148
Transform: AffineTransform_float_3_3
Parameters: 1 0.000128246 0.00121376 -0.000125754 0.999999 -0.00185015 -0.00121423 0.00184985 0.999997 -0.035828 0.127219 0.0577962
FixedParameters: 0 0 0

#Transform 149
Transform: AffineTransform_float_3_3
Parameters: 0.999999 0.000128007 0.0012768 -0.000125992 0.999999 -0.00157216 -0.0012772 0.00157184 0.999998 -0.051455 0.128956 0.0659778
FixedParameters: 0 0 0

#Transform 150
Transform: AffineTransform_float_3_3
Parameters: 1 0.000127993 0.00107877 -0.000126007 0.999999 -0.00184714 -0.00107923 0.00184686 0.999997 -0.0454188 0.128471 0.0476175
FixedParameters: 0 0 0

#Transform 151
Transform: AffineTransform_float_3_3
Parameters: 0.999999 0.000128914 0.00127671 -0.000126086 0.999998 -0.00228216 -0.00127729 0.00228184 0.999996 -0.0311003 0.123058 0.0451953
FixedParameters: 0 0 0

#Transform 152
Transform: AffineTransform_float_3_3
Parameters: 0.999999 4.99459e-05 0.00127689 -4.70538e-05 0.999998 -0.00230706 -0.00127711 0.00230694 0.999997 -0.0378972 0.121842 0.0612223
FixedParameters: 0 0 0

#Transform 153
Transform: AffineTransform_float_3_3
Parameters: 0.999999 0.000128941 0.00127671 -0.000126059 0.999998 -0.00230316 -0.00127729 0.00230284 0.999996 -0.0360676 0.137828 0.0920413
FixedParameters: 0 0 0

#Transform 154
Transform: AffineTransform_float_3_3
Parameters: 0.999999 2.29409e-05 0.00127695 -2.0059e-05 0.999998 -0.00230303 -0.00127705 0.00230297 0.999996 -0.0449866 0.138094 0.112518
FixedParameters: 0 0 0

#Transform 155
Transform: AffineTransform_float_3_3
Parameters: 0.999999 0.000129592 0.00143568 -0.000126407 0.999997 -0.00250218 -0.00143632 0.00250182 0.999996 -0.030931 0.146097 0.0815352
FixedParameters: 0 0 0

#Transform 156
Transform: AffineTransform_float_3_3
Parameters: 0.999999 0.000128941 0.00127671 -0.000126059 0.999998 -0.00230316 -0.00127729 0.00230284 0.999996 -0.0290448 0.156079 0.0830054
FixedParameters: 0 0 0

#Transform 157
Transform: AffineTransform_float_3_3
Parameters: 0.999999 0.000129017 0.00130971 -0.000125983 0.999998 -0.00230317 -0.00131029 0.00230283 0.999996 -0.0412269 0.134271 0.0718857
FixedParameters: 0 0 0

#Transform 158
Transform: AffineTransform_float_3_3
Parameters: 0.999999 7.88877e-05 0.00125382 -7.61118e-05 0.999998 -0.0023031 -0.00125418 0.0023029 0.999996 -0.0255668 0.138692 0.027643
FixedParameters: 0 0 0

#Transform 159
Transform: AffineTransform_float_3_3
Parameters: 0.999999 0.000129173 0.00137771 -0.000125828 0.999998 -0.00230318 -0.00137729 0.00230283 0.999997 -0.0308382 0.156187 0.0464527
FixedParameters: 0 0 0

#Transform 160
Transform: AffineTransform_float_3_3
Parameters: 0.999999 0.000128968 0.00128871 -0.000126033 0.999998 -0.00230316 -0.00128829 0.00230284 0.999996 -0.0299377 0.156161 0.0467052
FixedParameters: 0 0 0

#Transform 161
Transform: AffineTransform_float_3_3
Parameters: 0.999999 -4.35631e-05 0.00134312 4.64365e-05 0.999996 -0.00255894 -0.00134289 0.00255906 0.999996 -0.0286627 0.149205 0.0619876
FixedParameters: 0 0 0

#Transform 162
Transform: AffineTransform_float_3_3
Parameters: 0.999999 0.000129513 0.00136667 -0.000126486 0.999996 -0.00257017 -0.00136733 0.00256982 0.999996 -0.0303619 0.159708 0.0809393
FixedParameters: 0 0 0

#Transform 163
Transform: AffineTransform_float_3_3
Parameters: 0.999999 0.000129535 0.00145469 -0.000126468 0.999997 -0.00242919 -0.00145431 0.00242981 0.999996 -0.0339799 0.146676 0.0691996
FixedParameters: 0 0 0

#Transform 164
Transform: AffineTransform_float_3_3
Parameters: 0.999999 0.00013004 0.0017117 -0.000125961 0.999997 -0.00235922 -0.0017123 0.00235978 0.999996 -0.0445939 0.140447 0.0623917
FixedParameters: 0 0 0

#Transform 165
Transform: AffineTransform_float_3_3
Parameters: 0.999999 0.00012962 0.00141767 -0.000126382 0.999996 -0.00255318 -0.00141733 0.00255282 0.999995 -0.0324921 0.155505 0.047346
FixedParameters: 0 0 0

#Transform 166
Transform: AffineTransform_float_3_3
Parameters: 0.999999 0.000128942 0.0012267 -0.00012606 0.999997 -0.00239816 -0.00122631 0.00239784 0.999997 -0.015804 0.159994 0.104405
FixedParameters: 0 0 0

#Transform 167
Transform: AffineTransform_float_3_3
Parameters: 0.999999 0.000129149 0.00122667 -0.000125852 0.999996 -0.00256716 -0.00122633 0.00256684 0.999996 -0.0245324 0.167091 0.0853933
FixedParameters: 0 0 0

#Transform 168
Transform: AffineTransform_float_3_3
Parameters: 0.999999 2.85913e-06 0.001482 8.59139e-07 0.999996 -0.002604 -0.001482 0.002604 0.999995 -0.0345787 0.164091 0.0843627
FixedParameters: 0 0 0

#Transform 169
Transform: AffineTransform_float_3_3
Parameters: 0.999999 0.000129737 0.00143167 -0.000126262 0.999996 -0.00261018 -0.00143233 0.00260981 0.999995 -0.0399536 0.164424 0.0988175
FixedParameters: 0 0 0

#Transform 170
Transform: AffineTransform_float_3_3
Parameters: 1 2.43057e-05 0.00122294 -2.16941e-05 0.999997 -0.00270303 -0.00122306 0.00270297 0.999995 -0.0355084 0.168175 0.0847681
FixedParameters: 0 0 0

#Transform 171
Transform: AffineTransform_float_3_3
Parameters: 0.999999 3.67188e-05 0.00140793 -3.42811e-05 0.999998 -0.00193105 -0.00140807 0.00193095 0.999997 -0.0355648 0.140995 0.109289
FixedParameters: 0 0 0

#Transform 172
Transform: AffineTransform_float_3_3
Parameters: 0.999999 0.000129099 0.00148273 -0.000125902 0.999998 -0.00209019 -0.00148227 0.00208981 0.999996 -0.0389979 0.147336 0.110276
FixedParameters: 0 0 0

#Transform 173
Transform: AffineTransform_float_3_3
Parameters: 0.999999 6.58672e-05 0.00143779 -6.11319e-05 0.999995 -0.00338509 -0.00143822 0.00338491 0.999993 -0.0540245 0.200959 0.0727187
FixedParameters: 0 0 0

#Transform 174
Transform: AffineTransform_float_3_3
Parameters: 0.999998 -0.000193468 0.00167765 0.000198533 0.999994 -0.00329767 -0.00167735 0.00329833 0.999993 -0.0509165 0.163414 0.0842144
FixedParameters: 0 0 0

#Transform 175
Transform: AffineTransform_float_3_3
Parameters: 0.999998 -0.000285049 0.00167802 0.000290953 0.999993 -0.00354652 -0.00167798 0.00354748 0.999993 -0.0455482 0.187126 0.0592385
FixedParameters: 0 0 0

#Transform 176
Transform: AffineTransform_float_3_3
Parameters: 0.999999 -0.000284195 0.0017801 0.000290804 0.999992 -0.00382349 -0.0017789 0.00382451 0.999991 -0.0430263 0.21401 0.0680788
FixedParameters: 0 0 0

#Transform 177
Transform: AffineTransform_float_3_3
Parameters: 0.999998 -0.000285049 0.00167802 0.000290953 0.999993 -0.00354652 -0.00167798 0.00354748 0.999993 -0.0503223 0.200171 0.084113
FixedParameters: 0 0 0

#Transform 178
Transform: AffineTransform_float_3_3
Parameters: 0.999998 0.000205078 0.00167627 -0.000198921 0.999994 -0.00362434 -0.00167773 0.00362466 0.999992 -0.0689766 0.207898 0.10236
FixedParameters: 0 0 0

#Transform 179
Transform: AffineTransform_float_3_3
Parameters: 0.999998 5.82579e-06 0.00163599 -1.74156e-07 0.999993 -0.003561 -0.00163601 0.003561 0.999993 -0.0634369 0.207973 0.0877793
FixedParameters: 0 0 0
