#Insight Transform File V1.0
#Transform 0
Transform: AffineTransform_float_3_3
Parameters: 0.999999 0.000143463 0.00142636 -0.000147536 0.999997 0.00247979 -0.00142564 -0.00248021 0.999996 -0.0857713 -0.0834789 0.00233144
FixedParameters: 0 0 0

#Transform 1
Transform: AffineTransform_float_3_3
Parameters: 0.999999 -2.65394e-06 0.001003 3.4605e-07 0.999997 0.002646 -0.001003 -0.002646 0.999996 -0.0828391 -0.0785205 -0.00675793
FixedParameters: 0 0 0

#Transform 2
Transform: AffineTransform_float_3_3
Parameters: 0.999999 0.000226661 0.00093457 -0.000228337 0.999997 0.00250279 -0.000933431 -0.00250321 0.999997 -0.0790234 -0.0681319 -0.0251984
FixedParameters: 0 0 0

#Transform 3
Transform: AffineTransform_float_3_3
Parameters: 1 0.000287436 0.000626719 -0.000288562 0.999997 0.00249682 -0.000625281 -0.00249618 0.999996 -0.0682601 -0.0843511 -0.0384717
FixedParameters: 0 0 0

#Transform 4
Transform: AffineTransform_float_3_3
Parameters: 1 0.000385868 0.00053981 -0.000387132 0.999997 0.00209779 -0.000539189 -0.00209821 0.999997 -0.0605931 -0.07124 -0.0332241
FixedParameters: 0 0 0

#Transform 5
Transform: AffineTransform_float_3_3
Parameters: 1 -1.24488e-06 0.000519998 -2.44883e-07 0.999997 0.002394 -0.000520001 -0.002394 0.999997 -0.0666586 -0.0724564 -0.0264881
FixedParameters: 0 0 0

#Transform 6
Transform: AffineTransform_float_3_3
Parameters: 1 0.000551555 0.000177389 -0.000551446 0.999996 0.0025179 -0.000176612 -0.0025181 0.999997 -0.0492972 -0.090972 -0.00587044
FixedParameters: 0 0 0

#Transform 7
Transform: AffineTransform_float_3_3
Parameters: 1 0.000491361 0.000242301 -0.000492641 0.999997 0.00264488 -0.000241698 -0.00264512 0.999997 -0.0538856 -0.0781934 -0.00902847
FixedParameters: 0 0 0

#Transform 8
Transform: AffineTransform_float_3_3
Parameters: 1 0.000657721 0.000129428 -0.000658279 0.999998 0.00217092 -0.000127571 -0.00217108 0.999997 -0.0413344 -0.0742235 -0.019356
FixedParameters: 0 0 0

#Transform 9
Transform: AffineTransform_float_3_3
Parameters: 1 0.000505135 0.000399097 -0.000505865 0.999998 0.0021708 -0.000397902 -0.0021712 0.999997 -0.0590683 -0.0739 -0.0221535
FixedParameters: 0 0 0

#Transform 10
Transform: AffineTransform_float_3_3
Parameters: 1 0.000615488 0.000236337 -0.000615513 0.999998 0.00217086 -0.000235664 -0.00217115 0.999997 -0.0528711 -0.0741045 -0.0213645
FixedParameters: 0 0 0

#Transform 11
Transform: AffineTransform_float_3_3
Parameters: 0.999999 0.000697308 0.000399211 -0.000697692 0.999998 0.00173572 -0.000397789 -0.00173628 0.999999 -0.0577431 -0.0596628 -0.00804767
FixedParameters: 0 0 0

#Transform 12
Transform: AffineTransform_float_3_3
Parameters: 1 0.000367543 0.000210798 -0.000368457 0.999997 0.00217092 -0.0002102 -0.00217108 0.999997 -0.0536734 -0.0735636 -0.00995453
FixedParameters: 0 0 0

#Transform 13
Transform: AffineTransform_float_3_3
Parameters: 0.999999 0.000613355 0.000398992 -0.000613644 0.999998 0.00161675 -0.000398008 -0.00161724 0.999998 -0.0583692 -0.0597389 -0.000616829
FixedParameters: 0 0 0

#Transform 14
Transform: AffineTransform_float_3_3
Parameters: 1 0.000622204 0.000858306 -0.000623798 0.999997 0.00209447 -0.000857696 -0.00209453 0.999998 -0.0536428 -0.0915234 0.00603488
FixedParameters: 0 0 0

#Transform 15
Transform: AffineTransform_float_3_3
Parameters: 1 -4.76804e-07 0.000398 -4.76804e-07 1 0.001198 -0.000398 -0.001198 0.999999 0.0234764 -0.0274523 0.0130048
FixedParameters: 0 0 0

#Transform 16
Transform: AffineTransform_float_3_3
Parameters: 1 -5.47305e-07 0.000535 4.52694e-07 0.999999 0.001023 -0.000535001 -0.001023 1 -0.0230696 -0.0414158 0.0139921
FixedParameters: 0 0 0

#Transform 17
Transform: AffineTransform_float_3_3
Parameters: 1 -0.000173349 0.000290792 0.000172652 1 0.00119905 -0.000290207 -0.00119995 0.999999 0.00617939 -0.0279884 0.0203331
FixedParameters: 0 0 0

#Transform 18
Transform: AffineTransform_float_3_3
Parameters: 1 7.44929e-08 -8.89999e-05 7.44929e-08 0.999999 0.000836999 8.89999e-05 -0.000836999 0.999999 0.0159308 -0.0290394 0.0128231
FixedParameters: 0 0 0

#Transform 19
Transform: AffineTransform_float_3_3
Parameters: 1 0.000510074 -8.8573e-05 -0.000509925 0.999999 0.000837045 8.94268e-05 -0.000836954 0.999999 -0.0436749 -0.0104984 -0.00257172
FixedParameters: 0 0 0

#Transform 20
Transform: AffineTransform_float_3_3
Parameters: 1 3.3019e-08 -8.9e-05 3.3019e-08 1 0.000371 8.9e-05 -0.000371 1 0.0081641 -0.00591668 -0.00198724
FixedParameters: 0 0 0

#Transform 21
Transform: AffineTransform_float_3_3
Parameters: 1 -2.1182e-08 -8.9e-05 -2.1182e-08 1 -0.000238 8.9e-05 0.000238 1 -0.0112282 0.0263992 0.0237863
FixedParameters: 0 0 0

#Transform 22
Transform: AffineTransform_float_3_3
Parameters: 1 0.000496966 -8.91873e-05 -0.000497033 1 -0.000376956 8.88126e-05 0.000377044 1 -0.0398125 0.00767069 0.0226895
FixedParameters: 0 0 0

#Transform 23
Transform: AffineTransform_float_3_3
Parameters: 1 0.000669977 -8.91701e-05 -0.000670022 0.999999 -0.00025394 8.88298e-05 0.000254059 1 -0.0456913 0.0256366 0.040071
FixedParameters: 0 0 0

#Transform 24
Transform: AffineTransform_float_3_3
Parameters: 0.999999 0.000737007 -2.78054e-05 -0.000736992 0.999999 0.00026402 2.81946e-05 -0.000263979 1 -0.0472737 -0.0327699 0.0364191
FixedParameters: 0 0 0

#Transform 25
Transform: AffineTransform_float_3_3
Parameters: 0.999999 0.000802102 -0.000189568 -0.000801897 0.999999 0.000539152 0.000190432 -0.000538847 1 -0.0413998 -0.0234566 0.0111909
FixedParameters: 0 0 0

#Transform 26
Transform: AffineTransform_float_3_3
Parameters: 1 0.000959042 -8.85617e-05 -0.00095896 1 0.000457085 8.94383e-05 -0.000456915 1 -0.04357 0.0137585 0.0108183
FixedParameters: 0 0 0

#Transform 27
Transform: AffineTransform_float_3_3
Parameters: 0.999999 0.000800049 -8.85519e-05 -0.000799949 0.999999 0.000560071 8.94487e-05 -0.000560928 1 -0.0448019 0.0106538 0.0192383
FixedParameters: 0 0 0

#Transform 28
Transform: AffineTransform_float_3_3
Parameters: 1 0.000959157 -0.000345567 -0.000958845 1 0.000451332 0.000346432 -0.000450668 1 -0.0349593 0.0140297 0.0314133
FixedParameters: 0 0 0

#Transform 29
Transform: AffineTransform_float_3_3
Parameters: 1 0.000958917 -0.000332243 -0.000959085 1 -0.000252682 0.000331758 0.000252318 1 -0.035472 0.0150749 0.0205076
FixedParameters: 0 0 0

#Transform 30
Transform: AffineTransform_float_3_3
Parameters: 0.999999 0.000852011 -8.88849e-05 -0.000851987 0.999999 0.000135076 8.9115e-05 -0.000134924 1 -0.0333695 0.0251952 0.00447717
FixedParameters: 0 0 0

#Transform 31
Transform: AffineTransform_float_3_3
Parameters: 1 0.000574962 -8.92443e-05 -0.000574038 0.999999 -0.000424949 8.87566e-05 0.000424051 1 0.0154508 0.0304694 -0.0166497
FixedParameters: 0 0 0

#Transform 32
Transform: AffineTransform_float_3_3
Parameters: 0.999999 0.000752836 -0.000245503 -0.000752163 0.999999 -0.000667815 0.000244497 0.000668184 0.999999 -0.0240838 0.0438218 0.00446015
FixedParameters: 0 0 0

#Transform 33
Transform: AffineTransform_float_3_3
Parameters: 1 0.000958876 -0.000295408 -0.000959126 1 -0.000424717 0.000294593 0.000424283 1 -0.0323242 -0.00429735 0.0139005
FixedParameters: 0 0 0

#Transform 34
Transform: AffineTransform_float_3_3
Parameters: 0.999999 0.00095881 -0.000337539 -0.00095919 1 -0.000562677 0.000337461 0.000562324 1 -0.0309347 0.0388185 0.0171458
FixedParameters: 0 0 0

#Transform 35
Transform: AffineTransform_float_3_3
Parameters: 0.999999 0.00139032 -0.000454087 -0.00139168 0.999998 -0.00150037 0.000451912 0.00150063 0.999999 -0.0316728 0.0485116 0.00181978
FixedParameters: 0 0 0

#Transform 36
Transform: AffineTransform_float_3_3
Parameters: 0.999999 0.00114521 -0.000869042 -0.00114679 0.999999 -0.000909004 0.000867958 0.000909995 0.999999 -0.0117939 0.0535574 0.0205872
FixedParameters: 0 0 0

#Transform 37
Transform: AffineTransform_float_3_3
Parameters: 0.999998 0.00144986 -0.000869903 -0.00145014 0.999998 -0.00131174 0.000868097 0.00131326 0.999999 -0.00973971 0.0695021 0.00357887
FixedParameters: 0 0 0

#Transform 38
Transform: AffineTransform_float_3_3
Parameters: 0.999998 0.00144709 -0.000810412 -0.00144891 0.999996 -0.00235583 0.000807587 0.00235717 0.999997 -0.0117328 0.0823248 0.00713927
FixedParameters: 0 0 0

#Transform 39
Transform: AffineTransform_float_3_3
Parameters: 0.999998 0.00135842 -0.000870465 -0.00136058 0.999998 -0.00181282 0.000868534 0.00181418 0.999998 -0.0103031 0.0892493 0.0269372
FixedParameters: 0 0 0

#Transform 40
Transform: AffineTransform_float_3_3
Parameters: 0.999999 0.00155383 -0.000953549 -0.00155617 0.999996 -0.00228152 0.000950452 0.00228248 0.999997 -0.00607763 0.104626 0.0180608
FixedParameters: 0 0 0

#Transform 41
Transform: AffineTransform_float_3_3
Parameters: 0.999998 0.00139769 -0.000871717 -0.00139931 0.999995 -0.00265678 0.000868284 0.00265822 0.999996 -0.0100747 0.0573295 0.00813429
FixedParameters: 0 0 0

#Transform 42
Transform: AffineTransform_float_3_3
Parameters: 0.999998 0.00185595 -0.000825615 -0.00185804 0.999995 -0.00248447 0.000820385 0.00248553 0.999996 -0.0297135 0.0504829 0.0145986
FixedParameters: 0 0 0

#Transform 43
Transform: AffineTransform_float_3_3
Parameters: 0.999998 0.00185608 -0.000861149 -0.00185792 0.999996 -0.0022334 0.00085685 0.00223559 0.999997 -0.0284336 0.0849389 0.0373073
FixedParameters: 0 0 0

#Transform 44
Transform: AffineTransform_float_3_3
Parameters: 0.999997 0.00205481 -0.000586194 -0.00205519 0.999996 -0.0020398 0.000582807 0.0020412 0.999997 -0.0362178 0.100516 0.0302461
FixedParameters: 0 0 0

#Transform 45
Transform: AffineTransform_float_3_3
Parameters: 0.999998 0.00185591 -0.000864505 -0.00185709 0.999996 -0.0024254 0.000860497 0.0024266 0.999996 -0.0282661 0.10034 0.0124931
FixedParameters: 0 0 0

#Transform 46
Transform: AffineTransform_float_3_3
Parameters: 0.999998 0.0018561 -0.000851149 -0.0018579 0.999996 -0.00223342 0.00084685 0.00223558 0.999997 -0.0449145 0.0650542 0.0110362
FixedParameters: 0 0 0

#Transform 47
Transform: AffineTransform_float_3_3
Parameters: 0.999998 0.00185636 -0.000879473 -0.00185764 0.999996 -0.00186937 0.000876528 0.00187063 0.999998 -0.0438086 0.0834209 0.00970092
FixedParameters: 0 0 0

#Transform 48
Transform: AffineTransform_float_3_3
Parameters: 0.999997 0.0021738 -0.000985859 -0.0021762 0.999995 -0.00223286 0.000981141 0.00223514 0.999997 -0.0155565 0.0948807 0.01879
FixedParameters: 0 0 0

#Transform 49
Transform: AffineTransform_float_3_3
Parameters: 0.999998 0.0018558 -0.000985148 -0.0018572 0.999996 -0.00223317 0.000980852 0.00223582 0.999997 -0.0335652 0.0895007 0.0257007
FixedParameters: 0 0 0

#Transform 50
Transform: AffineTransform_float_3_3
Parameters: 0.999998 0.00185576 -0.000925514 -0.00185725 0.999996 -0.00243029 0.000921486 0.00243272 0.999996 -0.0287292 0.102139 0.0365391
FixedParameters: 0 0 0

#Transform 51
Transform: AffineTransform_float_3_3
Parameters: 0.999997 0.00217803 -0.00115662 -0.00218098 0.999995 -0.00257649 0.00115138 0.00257852 0.999996 -0.0268168 0.106359 0.0380979
FixedParameters: 0 0 0

#Transform 52
Transform: AffineTransform_float_3_3
Parameters: 0.999998 0.00185554 -0.00098564 -0.00185746 0.999995 -0.00249818 0.000981362 0.00249983 0.999997 -0.0301969 0.0903454 0.0371586
FixedParameters: 0 0 0

#Transform 53
Transform: AffineTransform_float_3_3
Parameters: 0.999998 0.00185565 -0.000985436 -0.00185735 0.999996 -0.00238818 0.000980565 0.00238983 0.999996 -0.0341827 0.0900538 0.0629293
FixedParameters: 0 0 0

#Transform 54
Transform: AffineTransform_float_3_3
Parameters: 0.999996 0.00228497 -0.00126649 -0.00228704 0.999995 -0.00239911 0.00126151 0.00240189 0.999997 -0.0280097 0.0767322 0.0737426
FixedParameters: 0 0 0

#Transform 55
Transform: AffineTransform_float_3_3
Parameters: 0.999997 0.00228539 -0.000987053 -0.0022876 0.999994 -0.00264575 0.000980948 0.00264825 0.999996 -0.0373496 0.105707 0.0960301
FixedParameters: 0 0 0

#Transform 56
Transform: AffineTransform_float_3_3
Parameters: 0.999997 0.0022853 -0.000987263 -0.00228769 0.999993 -0.00273775 0.000980739 0.00273925 0.999996 -0.0329478 0.111468 0.0678723
FixedParameters: 0 0 0

#Transform 57
Transform: AffineTransform_float_3_3
Parameters: 0.999996 0.00228484 -0.00119804 -0.00228716 0.999994 -0.00264027 0.00119196 0.00264273 0.999996 -0.0261944 0.114998 0.0665317
FixedParameters: 0 0 0

#Transform 58
Transform: AffineTransform_float_3_3
Parameters: 0.999996 0.00228396 -0.00122257 -0.00228704 0.999992 -0.00331021 0.00121543 0.00331279 0.999994 -0.0197251 0.127775 0.0583605
FixedParameters: 0 0 0

#Transform 59
Transform: AffineTransform_float_3_3
Parameters: 0.999997 0.00228472 -0.00110878 -0.00228728 0.999993 -0.00296447 0.00110122 0.00296653 0.999995 -0.0332251 0.135355 0.0472834
FixedParameters: 0 0 0

#Transform 60
Transform: AffineTransform_float_3_3
Parameters: 0.999997 0.00228612 -0.000855041 -0.00228788 0.999995 -0.00220305 0.00084996 0.00220495 0.999997 -0.0416319 0.122554 0.0176803
FixedParameters: 0 0 0

#Transform 61
Transform: AffineTransform_float_3_3
Parameters: 0.999997 0.00228404 -0.00136367 -0.00228797 0.999993 -0.00291389 0.00135634 0.00291711 0.999995 -0.0223589 0.133153 0.0223504
FixedParameters: 0 0 0

#Transform 62
Transform: AffineTransform_float_3_3
Parameters: 0.999997 0.00228418 -0.00136342 -0.00228782 0.999994 -0.00280689 0.00135658 0.00281011 0.999995 -0.0192318 0.122761 0.0216791
FixedParameters: 0 0 0

#Transform 63
Transform: AffineTransform_float_3_3
Parameters: 0.999997 0.00228469 -0.00136257 -0.00228731 0.999995 -0.00243389 0.00135643 0.00243711 0.999996 -0.0231145 0.104585 0.0401946
FixedParameters: 0 0 0

#Transform 64
Transform: AffineTransform_float_3_3
Parameters: 0.999997 0.00228454 -0.00136281 -0.00228746 0.999994 -0.00254089 0.00135619 0.00254411 0.999996 -0.0231401 0.0942164 0.0408845
FixedParameters: 0 0 0

#Transform 65
Transform: AffineTransform_float_3_3
Parameters: 0.999996 0.00228412 -0.00151587 -0.00228788 0.999994 -0.00256454 0.00150913 0.00256746 0.999995 -0.017984 0.116587 0.0414715
FixedParameters: 0 0 0

#Transform 66
Transform: AffineTransform_float_3_3
Parameters: 0.999997 0.00228389 -0.00136391 -0.00228712 0.999993 -0.00302289 0.00135709 0.00302611 0.999994 -0.0231408 0.110611 0.0719546
FixedParameters: 0 0 0

#Transform 67
Transform: AffineTransform_float_3_3
Parameters: 0.999995 0.0026439 -0.00158853 -0.0026491 0.999992 -0.00321981 0.00157947 0.00322419 0.999993 -0.0357178 0.114559 0.0698836
FixedParameters: 0 0 0

#Transform 68
Transform: AffineTransform_float_3_3
Parameters: 0.999996 0.00254873 -0.001365 -0.00255327 0.999992 -0.00313553 0.001357 0.00313847 0.999994 -0.0365999 0.11851 0.0927847
FixedParameters: 0 0 0

#Transform 69
Transform: AffineTransform_float_3_3
Parameters: 0.999996 0.00228113 -0.00178254 -0.00228787 0.999992 -0.00329894 0.00177446 0.00330306 0.999993 -0.0213059 0.128097 0.102405
FixedParameters: 0 0 0

#Transform 70
Transform: AffineTransform_float_3_3
Parameters: 0.999995 0.00254802 -0.00178358 -0.00255398 0.999991 -0.00335946 0.00177442 0.00336454 0.999993 -0.0140574 0.142686 0.07495
FixedParameters: 0 0 0

#Transform 71
Transform: AffineTransform_float_3_3
Parameters: 0.999995 0.00263201 -0.00178386 -0.00263798 0.999991 -0.00336131 0.00177413 0.00336669 0.999993 -0.0217608 0.142665 0.0723468
FixedParameters: 0 0 0

#Transform 72
Transform: AffineTransform_float_3_3
Parameters: 0.999995 0.00268837 -0.0016227 -0.00269363 0.999993 -0.00285864 0.0016153 0.00286336 0.999994 -0.0446306 0.125687 0.065798
FixedParameters: 0 0 0

#Transform 73
Transform: AffineTransform_float_3_3
Parameters: 0.999995 0.00267993 -0.00120287 -0.00268307 0.999993 -0.00256078 0.00119613 0.00256422 0.999996 -0.0562896 0.136964 0.0669872
FixedParameters: 0 0 0

#Transform 74
Transform: AffineTransform_float_3_3
Parameters: 0.999994 0.00280598 -0.00163664 -0.00281103 0.999992 -0.00307542 0.00162836 0.00307959 0.999994 -0.0462923 0.123544 0.0646733
FixedParameters: 0 0 0

#Transform 75
Transform: AffineTransform_float_3_3
Parameters: 0.999996 0.00228351 -0.00163429 -0.00228749 0.999993 -0.00275127 0.00162771 0.00275473 0.999995 -0.0236465 0.1209 0.0644084
FixedParameters: 0 0 0

#Transform 76
Transform: AffineTransform_float_3_3
Parameters: 0.999996 0.00228143 -0.00205919 -0.00228757 0.999993 -0.0027063 0.00205281 0.0027107 0.999994 -0.0161165 0.119307 0.0912438
FixedParameters: 0 0 0

#Transform 77
Transform: AffineTransform_float_3_3
Parameters: 0.999996 0.0022812 -0.00203752 -0.00228781 0.999994 -0.00285135 0.00203048 0.00285665 0.999994 0.00704133 0.124132 0.0780789
FixedParameters: 0 0 0

#Transform 78
Transform: AffineTransform_float_3_3
Parameters: 0.999996 0.00229486 -0.00155964 -0.00229814 0.999996 -0.00201742 0.00155436 0.00202057 0.999996 -0.0239842 0.105051 0.0487286
FixedParameters: 0 0 0

#Transform 79
Transform: AffineTransform_float_3_3
Parameters: 0.999996 0.00247063 -0.00154002 -0.00247536 0.999993 -0.0028392 0.00153297 0.0028428 0.999995 -0.0539817 0.12067 0.0706342
FixedParameters: 0 0 0

#Transform 80
Transform: AffineTransform_float_3_3
Parameters: 0.999995 0.00296261 -0.00151364 -0.0029674 0.999992 -0.00291052 0.00150536 0.00291548 0.999994 -0.0448981 0.10667 0.0586081
FixedParameters: 0 0 0

#Transform 81
Transform: AffineTransform_float_3_3
Parameters: 0.999993 0.00314366 -0.00201493 -0.00314934 0.99999 -0.00315368 0.00200407 0.00315932 0.999993 -0.0269884 0.116017 0.0367121
FixedParameters: 0 0 0

#Transform 82
Transform: AffineTransform_float_3_3
Parameters: 0.999994 0.00306943 -0.00155405 -0.00307457 0.999991 -0.00294424 0.00154495 0.00294876 0.999995 -0.0215907 0.140604 0.008266
FixedParameters: 0 0 0

#Transform 83
Transform: AffineTransform_float_3_3
Parameters: 0.999995 0.00287202 -0.00146185 -0.00287598 0.999992 -0.00272781 0.00145416 0.00273119 0.999995 -0.020178 0.131647 0.0181856
FixedParameters: 0 0 0

#Transform 84
Transform: AffineTransform_float_3_3
Parameters: 0.999995 0.00313578 -0.00128335 -0.00314022 0.999989 -0.00329699 0.00127265 0.00330101 0.999993 -0.0337023 0.15846 0.0364172
FixedParameters: 0 0 0

#Transform 85
Transform: AffineTransform_float_3_3
Parameters: 0.999994 0.0031842 -0.00146665 -0.00318979 0.999987 -0.00396735 0.00145335 0.00397165 0.999991 -0.0321963 0.18277 0.044124
FixedParameters: 0 0 0

#Transform 86
Transform: AffineTransform_float_3_3
Parameters: 0.999994 0.00303997 -0.00123743 -0.00304503 0.999987 -0.00408425 0.00122457 0.00408774 0.999991 -0.0359174 0.188336 0.0444932
FixedParameters: 0 0 0

#Transform 87
Transform: AffineTransform_float_3_3
Parameters: 0.999995 0.00303294 -0.00146661 -0.00303906 0.999987 -0.00414957 0.00145339 0.00415443 0.999991 -0.0217704 0.200955 0.0453957
FixedParameters: 0 0 0

#Transform 88
Transform: AffineTransform_float_3_3
Parameters: 0.999994 0.00307735 -0.00170904 -0.00308465 0.999987 -0.00390475 0.00169696 0.00390924 0.999991 -0.0301671 0.192661 0.0443028
FixedParameters: 0 0 0

#Transform 89
Transform: AffineTransform_float_3_3
Parameters: 0.999992 0.00342857 -0.00204053 -0.00343542 0.999987 -0.00364602 0.00202748 0.00365298 0.999992 -0.0248979 0.183455 0.0430792
FixedParameters: 0 0 0

#Transform 90
Transform: AffineTransform_float_3_3
Parameters: 0.999992 0.00344409 -0.002104 -0.00345191 0.999987 -0.00376777 0.00209099 0.00377523 0.99999 -0.0250683 0.185256 0.0440454
FixedParameters: 0 0 0

#Transform 91
Transform: AffineTransform_float_3_3
Parameters: 0.999992 0.00349536 -0.00192294 -0.00350363 0.999986 -0.0039813 0.00190905 0.00398871 0.99999 -0.0276484 0.151401 0.0677559
FixedParameters: 0 0 0

#Transform 92
Transform: AffineTransform_float_3_3
Parameters: 0.999994 0.00321558 -0.00176873 -0.00322242 0.999988 -0.00364032 0.00175727 0.00364568 0.999992 -0.026513 0.177837 0.0652341
FixedParameters: 0 0 0

#Transform 93
Transform: AffineTransform_float_3_3
Parameters: 0.999992 0.00351483 -0.0019311 -0.00352217 0.999987 -0.00372023 0.0019179 0.00372677 0.999991 -0.026257 0.186444 0.0420979
FixedParameters: 0 0 0

#Transform 94
Transform: AffineTransform_float_3_3
Parameters: 0.999993 0.00341773 -0.0018783 -0.00342527 0.999986 -0.00388359 0.0018647 0.0038894 0.99999 -0.038563 0.191683 0.0309567
FixedParameters: 0 0 0

#Transform 95
Transform: AffineTransform_float_3_3
Parameters: 0.999991 0.0035744 -0.00228211 -0.00358361 0.999984 -0.00421786 0.00226789 0.00422614 0.999988 -0.0239581 0.211284 0.0300578
FixedParameters: 0 0 0

#Transform 96
Transform: AffineTransform_float_3_3
Parameters: 0.999991 0.0036095 -0.00228051 -0.0036175 0.999987 -0.00373479 0.00226749 0.00374322 0.999991 -0.030738 0.201709 0.0188728
FixedParameters: 0 0 0

#Transform 97
Transform: AffineTransform_float_3_3
Parameters: 0.999991 0.00353734 -0.00228204 -0.00354765 0.999984 -0.00424094 0.00226696 0.00424906 0.999989 -0.0349197 0.197998 0.0222575
FixedParameters: 0 0 0

#Transform 98
Transform: AffineTransform_float_3_3
Parameters: 0.999992 0.00346376 -0.00227958 -0.00347225 0.999988 -0.00362412 0.00226742 0.00363189 0.999991 -0.024763 0.184279 0.0292075
FixedParameters: 0 0 0

#Transform 99
Transform: AffineTransform_float_3_3
Parameters: 0.999991 0.00355373 -0.0022815 -0.00356227 0.999986 -0.00407191 0.0022675 0.0040801 0.999989 -0.0241228 0.186362 0.02111
FixedParameters: 0 0 0

#Transform 100
Transform: AffineTransform_float_3_3
Parameters: 0.999991 0.00363621 -0.00244512 -0.00364479 0.999987 -0.00359912 0.00243188 0.00360788 0.999991 -0.0180286 0.178006 0.0181791
FixedParameters: 0 0 0

#Transform 101
Transform: AffineTransform_float_3_3
Parameters: 0.99999 0.00360039 -0.00241886 -0.00360961 0.999987 -0.0035633 0.00240613 0.0035727 0.99999 -0.0280743 0.174269 0.0178059
FixedParameters: 0 0 0

#Transform 102
Transform: AffineTransform_float_3_3
Parameters: 0.99999 0.00375415 -0.00261222 -0.00376386 0.999986 -0.00377721 0.00259879 0.0037868 0.99999 -0.0350261 0.161547 0.0363047
FixedParameters: 0 0 0

#Transform 103
Transform: AffineTransform_float_3_3
Parameters: 0.999991 0.0035746 -0.00228021 -0.0035824 0.999987 -0.00368786 0.00226779 0.00369614 0.99999 -0.0447854 0.167129 0.0349116
FixedParameters: 0 0 0

#Transform 104
Transform: AffineTransform_float_3_3
Parameters: 0.999991 0.00351711 -0.00239411 -0.00352589 0.999987 -0.00371859 0.00238089 0.00372641 0.99999 -0.0384116 0.163822 0.0548187
FixedParameters: 0 0 0

#Transform 105
Transform: AffineTransform_float_3_3
Parameters: 0.999991 0.00376773 -0.00228238 -0.00377727 0.999984 -0.00407142 0.00226763 0.00407958 0.999989 -0.0505218 0.155626 0.0789067
FixedParameters: 0 0 0

#Transform 106
Transform: AffineTransform_float_3_3
Parameters: 0.999991 0.00343533 -0.0022786 -0.00344267 0.999989 -0.00337018 0.00226739 0.00337882 0.999991 -0.0360464 0.183191 0.0741623
FixedParameters: 0 0 0

#Transform 107
Transform: AffineTransform_float_3_3
Parameters: 0.999991 0.00360471 -0.00228016 -0.00361329 0.999987 -0.00364179 0.00226784 0.00364921 0.999991 -0.0238353 0.19198 0.0541354
FixedParameters: 0 0 0

#Transform 108
Transform: AffineTransform_float_3_3
Parameters: 0.999991 0.00360373 -0.00228171 -0.00361327 0.999985 -0.00407179 0.00226729 0.00408021 0.999989 -0.0290803 0.186557 0.065318
FixedParameters: 0 0 0

#Transform 109
Transform: AffineTransform_float_3_3
Parameters: 0.999991 0.00360373 -0.00228171 -0.00361327 0.999985 -0.00407179 0.00226729 0.00408021 0.999989 -0.0239016 0.181647 0.0673738
FixedParameters: 0 0 0

#Transform 110
Transform: AffineTransform_float_3_3
Parameters: 0.999991 0.00360393 -0.00228139 -0.00361307 0.999986 -0.0039828 0.00226761 0.00399121 0.99999 -0.0305186 0.173564 0.066803
FixedParameters: 0 0 0

#Transform 111
Transform: AffineTransform_float_3_3
Parameters: 0.999991 0.00360487 -0.00227991 -0.00361313 0.999987 -0.0035728 0.00226709 0.00358121 0.999991 -0.035746 0.165171 0.0659307
FixedParameters: 0 0 0

#Transform 112
Transform: AffineTransform_float_3_3
Parameters: 0.999991 0.0036045 -0.00254707 -0.0036135 0.999988 -0.00334083 0.00253493 0.00335017 0.999991 -0.0332449 0.168789 0.0524751
FixedParameters: 0 0 0

#Transform 113
Transform: AffineTransform_float_3_3
Parameters: 0.999991 0.00350093 -0.00218636 -0.00350807 0.999988 -0.00323836 0.00217464 0.00324664 0.999993 -0.0375449 0.179255 0.0316184
FixedParameters: 0 0 0

#Transform 114
Transform: AffineTransform_float_3_3
Parameters: 0.999991 0.00344758 -0.00248811 -0.00345742 0.999987 -0.00379243 0.00247489 0.00380156 0.999989 -0.0179887 0.179199 0.0408699
FixedParameters: 0 0 0

#Transform 115
Transform: AffineTransform_float_3_3
Parameters: 0.999991 0.00306389 -0.00273151 -0.0030751 0.999987 -0.00407163 0.00271849 0.00407936 0.999988 -0.000485191 0.194255 0.0434281
FixedParameters: 0 0 0

#Transform 116
Transform: AffineTransform_float_3_3
Parameters: 0.999991 0.00306273 -0.00301651 -0.00307527 0.999987 -0.00407076 0.00300349 0.00408024 0.999987 0.0126447 0.194215 0.040337
FixedParameters: 0 0 0

#Transform 117
Transform: AffineTransform_float_3_3
Parameters: 0.99999 0.00345244 -0.00291037 -0.00346255 0.999988 -0.00328496 0.00289862 0.00329504 0.999991 -0.0317338 0.148406 0.0676181
FixedParameters: 0 0 0

#Transform 118
Transform: AffineTransform_float_3_3
Parameters: 0.99999 0.00347502 -0.00283504 -0.00348397 0.999989 -0.00316715 0.00282396 0.00317684 0.999991 -0.0254895 0.170904 0.066798
FixedParameters: 0 0 0

#Transform 119
Transform: AffineTransform_float_3_3
Parameters: 0.999989 0.00363767 -0.00315181 -0.00364634 0.999989 -0.00296154 0.0031412 0.00297246 0.99999 -0.0396805 0.159614 -0.107059
FixedParameters: 0 0 0

#Transform 120
Transform: AffineTransform_float_3_3
Parameters: 0.999986 0.00368589 -0.0038047 -0.00370111 0.999986 -0.00397197 0.0037893 0.00398602 0.999985 -0.0287423 0.179739 -0.0170434
FixedParameters: 0 0 0

#Transform 121
Transform: AffineTransform_float_3_3
Parameters: 0.999988 0.00372247 -0.00334663 -0.00373153 0.999989 -0.00284455 0.00333538 0.00285745 0.999991 -0.0315203 0.173581 0.0993608
FixedParameters: 0 0 0

#Transform 122
Transform: AffineTransform_float_3_3
Parameters: 0.999987 0.00378728 -0.00334703 -0.00379672 0.999988 -0.00290133 0.00333598 0.00291367 0.99999 -0.0372255 0.175317 0.120528
FixedParameters: 0 0 0

#Transform 123
Transform: AffineTransform_float_3_3
Parameters: 0.999985 0.00386299 -0.00370351 -0.00387401 0.999988 -0.00296969 0.00369248 0.00298431 0.999988 -0.0328127 0.177439 0.119308
FixedParameters: 0 0 0

#Transform 124
Transform: AffineTransform_float_3_3
Parameters: 0.999986 0.00347368 -0.00385323 -0.00348532 0.999989 -0.00293461 0.00384376 0.00294839 0.999989 0.00116802 0.177011 0.121901
FixedParameters: 0 0 0

#Transform 125
Transform: AffineTransform_float_3_3
Parameters: 0.999988 0.00347341 -0.0034258 -0.00348559 0.999988 -0.0033841 0.00341321 0.0033959 0.999989 -0.00329514 0.173976 0.107468
FixedParameters: 0 0 0

#Transform 126
Transform: AffineTransform_float_3_3
Parameters: 0.999987 0.00347294 -0.00356179 -0.00348505 0.999988 -0.00338363 0.0035492 0.00339637 0.999988 -0.0159339 0.167324 0.16312
FixedParameters: 0 0 0

#Transform 127
Transform: AffineTransform_float_3_3
Parameters: 0.999987 0.00347245 -0.00356227 -0.00348554 0.999987 -0.00352063 0.00354973 0.00353337 0.999988 -0.0229574 0.181595 0.163717
FixedParameters: 0 0 0

#Transform 128
Transform: AffineTransform_float_3_3
Parameters: 0.999987 0.00375412 -0.00351174 -0.00376588 0.999987 -0.00338282 0.00349925 0.00339618 0.999988 -0.0187681 0.199813 0.133775
FixedParameters: 0 0 0

#Transform 129
Transform: AffineTransform_float_3_3
Parameters: 0.999985 0.00400298 -0.0035658 -0.00401701 0.999984 -0.00393273 0.0035492 0.00394726 0.999986 -0.0154746 0.178899 0.144383
FixedParameters: 0 0 0

#Transform 130
Transform: AffineTransform_float_3_3
Parameters: 0.999985 0.00388055 -0.00368017 -0.00389345 0.999986 -0.00338172 0.00366683 0.00339628 0.999988 -0.0198806 0.171949 0.132052
FixedParameters: 0 0 0

#Transform 131
Transform: AffineTransform_float_3_3
Parameters: 0.999986 0.00371738 -0.00356426 -0.00373062 0.999985 -0.00382175 0.00354975 0.00383425 0.999987 -0.0249254 0.191243 0.143764
FixedParameters: 0 0 0

#Transform 132
Transform: AffineTransform_float_3_3
Parameters: 0.999986 0.00393147 -0.00356609 -0.00394653 0.999984 -0.00407698 0.00354991 0.00409101 0.999986 -0.0202538 0.20056 0.145899
FixedParameters: 0 0 0

#Transform 133
Transform: AffineTransform_float_3_3
Parameters: 0.999986 0.00387739 -0.00356486 -0.00389061 0.999985 -0.00381919 0.00354914 0.00383282 0.999987 -0.0223505 0.209217 0.16259
FixedParameters: 0 0 0

#Transform 134
Transform: AffineTransform_float_3_3
Parameters: 0.999985 0.00423859 -0.00351324 -0.00425241 0.999983 -0.00381812 0.00349676 0.00383288 0.999987 -0.025987 0.224347 0.202518
FixedParameters: 0 0 0

#Transform 135
Transform: AffineTransform_float_3_3
Parameters: 0.999988 0.00430333 -0.00237512 -0.00431066 0.999987 -0.0028088 0.00236288 0.0028192 0.999993 -0.0813469 0.171419 0.31372
FixedParameters: 0 0 0

#Transform 136
Transform: AffineTransform_float_3_3
Parameters: 0.999986 0.00485462 -0.00173686 -0.00485638 0.999988 -0.000791576 0.00173314 0.000799424 0.999998 -0.0683992 0.0852995 0.544683
FixedParameters: 0 0 0

#Transform 137
Transform: AffineTransform_float_3_3
Parameters: 0.999976 0.00606901 -0.00326616 -0.00607499 0.99998 -0.0018282 0.00325484 0.0018478 0.999993 -0.0398321 0.0770848 0.307107
FixedParameters: 0 0 0

#Transform 138
Transform: AffineTransform_float_3_3
Parameters: 0.999974 0.00686259 -0.00214733 -0.00686342 0.999977 -0.000186267 0.00214567 0.00020173 0.999997 -0.02722 0.0362021 -0.0371004
FixedParameters: 0 0 0

#Transform 139
Transform: AffineTransform_float_3_3
Parameters: 0.99998 0.0063572 0.000235623 -0.0063568 0.99998 -0.000846515 -0.000240379 0.000845489 0.999999 -0.038332 0.109704 -0.00314896
FixedParameters: 0 0 0

#Transform 140
Transform: AffineTransform_float_3_3
Parameters: 0.999979 0.00635557 -0.00106557 -0.00635643 0.999979 -0.00134425 0.00105744 0.00135075 0.999998 -0.0236292 0.126574 0.0693843
FixedParameters: 0 0 0

#Transform 141
Transform: AffineTransform_float_3_3
Parameters: 0.999979 0.00621408 -0.00189263 -0.00621693 0.99998 -0.00154327 0.00188337 0.00155474 0.999997 -0.0277422 0.157983 0.0525926
FixedParameters: 0 0 0

#Transform 142
Transform: AffineTransform_float_3_3
Parameters: 0.99998 0.00596347 -0.00199557 -0.00596653 0.99998 -0.00176613 0.00198543 0.00177788 0.999997 -0.0133761 0.166 0.0612125
FixedParameters: 0 0 0

#Transform 143
Transform: AffineTransform_float_3_3
Parameters: 0.99998 0.00588765 -0.0023758 -0.00589135 0.999981 -0.00182704 0.0023652 0.00184096 0.999995 -0.00562601 0.159601 0.0436161
FixedParameters: 0 0 0

#Transform 144
Transform: AffineTransform_float_3_3
Parameters: 0.999981 0.00573223 -0.00192824 -0.00573677 0.999981 -0.00247698 0.00191376 0.00248802 0.999995 -0.0175412 0.160808 0.0810941
FixedParameters: 0 0 0

#Transform 145
Transform: AffineTransform_float_3_3
Parameters: 0.999982 0.00567477 -0.00152877 -0.00567923 0.99998 -0.00277437 0.00151323 0.00278264 0.999995 -0.0340214 0.187154 0.0824582
FixedParameters: 0 0 0

#Transform 146
Transform: AffineTransform_float_3_3
Parameters: 0.999983 0.00554826 -0.00186713 -0.00555373 0.99998 -0.00308068 0.00184988 0.00309032 0.999994 -0.0417283 0.222854 0.0852683
FixedParameters: 0 0 0

#Transform 147
Transform: AffineTransform_float_3_3
Parameters: 0.999983 0.00563135 -0.00183159 -0.00563766 0.999978 -0.00364974 0.00181041 0.00366026 0.999991 -0.0212155 0.224337 0.0780058
FixedParameters: 0 0 0

#Transform 148
Transform: AffineTransform_float_3_3
Parameters: 0.999982 0.00568771 -0.00195139 -0.00569529 0.999976 -0.00375195 0.00192961 0.00376304 0.999991 -0.0281321 0.226643 0.0774294
FixedParameters: 0 0 0

#Transform 149
Transform: AffineTransform_float_3_3
Parameters: 0.999982 0.00568716 -0.00195298 -0.00569484 0.999975 -0.00403195 0.00193002 0.00404305 0.99999 -0.0167005 0.254343 0.0921016
FixedParameters: 0 0 0

#Transform 150
Transform: AffineTransform_float_3_3
Parameters: 0.999981 0.0056358 -0.00251201 -0.0056462 0.999976 -0.00407189 0.00248899 0.0040861 0.999988 -0.0197262 0.238435 0.093412
FixedParameters: 0 0 0

#Transform 151
Transform: AffineTransform_float_3_3
Parameters: 0.999981 0.00552019 -0.00276966 -0.00553181 0.999976 -0.00427376 0.00274634 0.00428924 0.999987 -0.0264299 0.232543 0.116509
FixedParameters: 0 0 0

#Transform 152
Transform: AffineTransform_float_3_3
Parameters: 0.999983 0.00540671 -0.00242607 -0.0054163 0.999977 -0.00425594 0.00240294 0.00426907 0.999988 -0.0348416 0.262428 0.122081
FixedParameters: 0 0 0

#Transform 153
Transform: AffineTransform_float_3_3
Parameters: 0.999981 0.00567873 -0.00268397 -0.00568927 0.999975 -0.00420981 0.00266003 0.00422519 0.999987 -0.0258679 0.25169 0.146306
FixedParameters: 0 0 0

#Transform 154
Transform: AffineTransform_float_3_3
Parameters: 0.999981 0.00558474 -0.00251194 -0.00559526 0.999976 -0.00409702 0.00248906 0.00411098 0.999989 -0.029502 0.268615 0.142377
FixedParameters: 0 0 0

#Transform 155
Transform: AffineTransform_float_3_3
Parameters: 0.999981 0.00563367 -0.00251455 -0.00564533 0.999974 -0.00452289 0.00248945 0.00453711 0.999986 -0.0237701 0.283139 0.124072
FixedParameters: 0 0 0

#Transform 156
Transform: AffineTransform_float_3_3
Parameters: 0.999981 0.00562161 -0.00251685 -0.00563439 0.999972 -0.00494191 0.00248914 0.00495608 0.999984 -0.0159636 0.270571 0.108998
FixedParameters: 0 0 0

#Transform 157
Transform: AffineTransform_float_3_3
Parameters: 0.999982 0.00554519 -0.0025174 -0.00555781 0.999971 -0.0051091 0.0024896 0.0051229 0.999984 -0.0158361 0.262642 0.0985889
FixedParameters: 0 0 0

#Transform 158
Transform: AffineTransform_float_3_3
Parameters: 0.999982 0.00544921 -0.00251906 -0.0054638 0.99997 -0.00550233 0.00248994 0.00551567 0.999981 -0.017747 0.289703 0.0998654
FixedParameters: 0 0 0

#Transform 159
Transform: AffineTransform_float_3_3
Parameters: 0.999984 0.00510221 -0.00251715 -0.00511579 0.999972 -0.00550321 0.00248985 0.00551579 0.999981 -0.0182766 0.282201 0.0913251
FixedParameters: 0 0 0

#Transform 160
Transform: AffineTransform_float_3_3
Parameters: 0.999983 0.0053919 -0.00251726 -0.00540511 0.999971 -0.00522749 0.00248975 0.00524052 0.999983 -0.00841999 0.261766 0.0771165
FixedParameters: 0 0 0

#Transform 161
Transform: AffineTransform_float_3_3
Parameters: 0.999979 0.00556888 -0.00308382 -0.00558213 0.999976 -0.00426387 0.00306018 0.00428113 0.999986 -0.00500585 0.248134 0.0795935
FixedParameters: 0 0 0

#Transform 162
Transform: AffineTransform_float_3_3
Parameters: 0.999977 0.00552844 -0.00388965 -0.00554456 0.999975 -0.00425953 0.00386636 0.00428047 0.999984 0.010089 0.215181 0.0971949
FixedParameters: 0 0 0

#Transform 163
Transform: AffineTransform_float_3_3
Parameters: 0.99998 0.00533573 -0.00358582 -0.00535126 0.999976 -0.0042619 0.00356217 0.00428109 0.999984 -0.00739468 0.237789 0.112832
FixedParameters: 0 0 0

#Transform 164
Transform: AffineTransform_float_3_3
Parameters: 0.999983 0.0049454 -0.00329301 -0.00495861 0.999981 -0.00383074 0.00327399 0.00384726 0.999987 -0.00967062 0.239784 0.07699
FixedParameters: 0 0 0

#Transform 165
Transform: AffineTransform_float_3_3
Parameters: 0.999982 0.00494178 -0.00346822 -0.00495821 0.999976 -0.00468289 0.00344478 0.00470011 0.999983 -0.00470725 0.243801 0.109637
FixedParameters: 0 0 0

#Transform 166
Transform: AffineTransform_float_3_3
Parameters: 0.999983 0.00494512 -0.00302416 -0.00495788 0.999978 -0.00426608 0.00300284 0.00428092 0.999987 -0.00383905 0.238875 0.105841
FixedParameters: 0 0 0

#Transform 167
Transform: AffineTransform_float_3_3
Parameters: 0.999983 0.00494515 -0.00306781 -0.00495785 0.999979 -0.00419386 0.0030472 0.00420914 0.999987 -0.0135296 0.205182 0.113665
FixedParameters: 0 0 0

#Transform 168
Transform: AffineTransform_float_3_3
Parameters: 0.99998 0.00535542 -0.00329455 -0.00536859 0.999979 -0.00382339 0.00327445 0.00384061 0.999988 -0.0165713 0.213113 0.143268
FixedParameters: 0 0 0

#Transform 169
Transform: AffineTransform_float_3_3
Parameters: 0.999979 0.00541417 -0.00375449 -0.00542884 0.999978 -0.00395271 0.00373352 0.0039733 0.999985 -0.00325032 0.203547 0.144991
FixedParameters: 0 0 0

#Transform 170
Transform: AffineTransform_float_3_3
Parameters: 0.99998 0.00550996 -0.00329757 -0.00552404 0.999975 -0.00426287 0.00327443 0.00428113 0.999986 -0.0279042 0.224477 0.119182
FixedParameters: 0 0 0

#Transform 171
Transform: AffineTransform_float_3_3
Parameters: 0.999979 0.00535875 -0.00365243 -0.00537625 0.999975 -0.00472847 0.00362756 0.00474854 0.999982 -0.0171722 0.260269 0.120135
FixedParameters: 0 0 0

#Transform 172
Transform: AffineTransform_float_3_3
Parameters: 0.99998 0.005391 -0.00329006 -0.00540501 0.999977 -0.00426331 0.00326694 0.0042807 0.999986 -0.0286477 0.24479 0.0935852
FixedParameters: 0 0 0

#Transform 173
Transform: AffineTransform_float_3_3
Parameters: 0.999976 0.00568812 -0.00377011 -0.00570588 0.999973 -0.0047486 0.00374289 0.0047694 0.999981 -0.00836119 0.260404 0.078858
FixedParameters: 0 0 0

#Transform 174
Transform: AffineTransform_float_3_3
Parameters: 0.999977 0.00574437 -0.00377307 -0.00576464 0.99997 -0.00521437 0.00374293 0.00523562 0.99998 -0.023972 0.260248 0.0732404
FixedParameters: 0 0 0

#Transform 175
Transform: AffineTransform_float_3_3
Parameters: 0.999978 0.0057068 -0.00355577 -0.00572421 0.999972 -0.00484775 0.00352824 0.00486724 0.999982 -0.0291484 0.247804 0.114237
FixedParameters: 0 0 0

#Transform 176
Transform: AffineTransform_float_3_3
Parameters: 0.999979 0.0055937 -0.00349139 -0.0056063 0.999977 -0.00381051 0.0034696 0.00383049 0.999986 -0.0239487 0.229019 0.131811
FixedParameters: 0 0 0

#Transform 177
Transform: AffineTransform_float_3_3
Parameters: 0.999977 0.00574009 -0.0036446 -0.00575492 0.999975 -0.00409512 0.0036214 0.00411588 0.999985 -0.0262726 0.24875 0.134181
FixedParameters: 0 0 0

#Transform 178
Transform: AffineTransform_float_3_3
Parameters: 0.999977 0.00558475 -0.00366433 -0.00560024 0.999975 -0.00416257 0.00364066 0.00418342 0.999984 -0.0173094 0.250203 0.121575
FixedParameters: 0 0 0

#Transform 179
Transform: AffineTransform_float_3_3
Parameters: 0.999978 0.0054285 -0.00367797 -0.00544449 0.999977 -0.00421607 0.00365502 0.00423594 0.999985 -0.0217602 0.238727 0.133524
FixedParameters: 0 0 0
