#Insight Transform File V1.0
#Transform 0
Transform: AffineTransform_float_3_3
Parameters: 1 -0.000346 3.14168e-07 0.000346 0.999999 -0.000907999 3.14168e-07 0.000907999 0.999999 0.00192828 0.0318805 -0.0556764
FixedParameters: 0 0 0

#Transform 1
Transform: AffineTransform_float_3_3
Parameters: 1 -8.29999e-05 6.7313e-08 8.29999e-05 0.999999 -0.000810999 6.7313e-08 0.000810999 0.999999 -0.0017731 0.0173525 -0.036113
FixedParameters: 0 0 0

#Transform 2
Transform: AffineTransform_float_3_3
Parameters: 1 -8.29999e-05 8.01779e-08 8.29999e-05 0.999999 -0.000965999 8.01779e-08 0.000965999 0.999999 0.000439236 0.0253975 -0.0375232
FixedParameters: 0 0 0

#Transform 3
Transform: AffineTransform_float_3_3
Parameters: 1 -0.000405 4.1472e-07 0.000405 1 -0.001024 4.1472e-07 0.001024 1 -0.00392122 0.0447502 -0.0377916
FixedParameters: 0 0 0

#Transform 4
Transform: AffineTransform_float_3_3
Parameters: 1 -0.000108 9.80639e-08 0.000108 0.999999 -0.000907999 9.80639e-08 0.000907999 0.999999 0.000553551 0.026146 -0.0454726
FixedParameters: 0 0 0

#Transform 5
Transform: AffineTransform_float_3_3
Parameters: 1 -0.000108 1.26144e-07 0.000108 1 -0.001168 1.26144e-07 0.001168 1 0.000546043 0.0401136 -0.0630681
FixedParameters: 0 0 0

#Transform 6
Transform: AffineTransform_float_3_3
Parameters: 1 -0.000108163 -0.000142877 0.000108839 1 -0.00113702 0.000142124 0.00113699 1 0.00702766 0.0373357 -0.0390301
FixedParameters: 0 0 0

#Transform 7
Transform: AffineTransform_float_3_3
Parameters: 1 -0.000108 7.8516e-08 0.000108 0.999999 -0.000727 7.8516e-08 0.000727 0.999999 -0.00405217 0.0143494 -0.042638
FixedParameters: 0 0 0

#Transform 8
Transform: AffineTransform_float_3_3
Parameters: 1 -0.000108 9.80639e-08 0.000108 0.999999 -0.000907999 9.80639e-08 0.000907999 0.999999 0.00336043 0.0179644 -0.0400531
FixedParameters: 0 0 0

#Transform 9
Transform: AffineTransform_float_3_3
Parameters: 1 -0.000108378 -0.000472913 0.000108622 0.999999 -0.000800051 0.000473087 0.000799948 0.999999 0.0220162 0.015294 -0.0287216
FixedParameters: 0 0 0

#Transform 10
Transform: AffineTransform_float_3_3
Parameters: 1 -0.000108252 -0.00055195 0.000108748 1 -0.00045606 0.000552049 0.00045594 0.999999 0.00874623 0.000321183 -0.0497349
FixedParameters: 0 0 0

#Transform 11
Transform: AffineTransform_float_3_3
Parameters: 1 -0.000230267 -0.000367833 0.000229732 0.999999 -0.000727084 0.000368167 0.000726915 0.999999 0.0180075 0.0113056 -0.0520064
FixedParameters: 0 0 0

#Transform 12
Transform: AffineTransform_float_3_3
Parameters: 0.999999 5.51852e-05 0.000826987 -5.58147e-05 1 -0.000224046 -0.000827012 0.000223954 0.999999 -0.0379082 0.00523631 -0.0324426
FixedParameters: 0 0 0

#Transform 13
Transform: AffineTransform_float_3_3
Parameters: 1 2.48807e-05 0.00030901 -2.51193e-05 1 0.000385992 -0.00030899 -0.000386008 1 -0.0142087 -0.0221895 -0.025444
FixedParameters: 0 0 0

#Transform 14
Transform: AffineTransform_float_3_3
Parameters: 1 0.000307933 0.000173119 -0.000308067 1 0.000385947 -0.000173881 -0.000386053 1 -0.00684418 0.013529 -0.0245762
FixedParameters: 0 0 0

#Transform 15
Transform: AffineTransform_float_3_3
Parameters: 1 0.00030797 7.71189e-05 -0.00030803 1 0.000385976 -7.68811e-05 -0.000386024 1 -0.00525236 0.00262182 -0.023871
FixedParameters: 0 0 0

#Transform 16
Transform: AffineTransform_float_3_3
Parameters: 1 0.000120964 9.20467e-05 -0.000121035 1 0.000385989 -9.19533e-05 -0.000386011 1 -0.00495694 -0.00550904 -0.00182041
FixedParameters: 0 0 0

#Transform 17
Transform: AffineTransform_float_3_3
Parameters: 1 -1.80355e-05 9.1993e-05 1.79645e-05 1 0.000386002 -9.20069e-05 -0.000385998 1 -0.00414182 -0.00365514 0.0121688
FixedParameters: 0 0 0

#Transform 18
Transform: AffineTransform_float_3_3
Parameters: 1 -0.00012202 9.19734e-05 0.00012198 1 0.000218011 -9.20266e-05 -0.000217989 1 -0.00353053 0.00306288 -0.00435359
FixedParameters: 0 0 0

#Transform 19
Transform: AffineTransform_float_3_3
Parameters: 1 0.000292998 9.20067e-05 -0.000293002 1 2.2973e-05 -9.19933e-05 -2.3027e-05 1 -0.00590895 -0.00478305 -0.000792434
FixedParameters: 0 0 0

#Transform 20
Transform: AffineTransform_float_3_3
Parameters: 1 1.10154e-05 -3.99957e-05 -1.09846e-05 1 0.000386 4.00042e-05 -0.000386 1 0.00170081 0.000327605 0.00215122
FixedParameters: 0 0 0

#Transform 21
Transform: AffineTransform_float_3_3
Parameters: 1 -0.000375954 9.21853e-05 0.000376046 1 -0.000492965 -9.28146e-05 0.000493035 1 -0.00205952 0.0179359 0.027711
FixedParameters: 0 0 0

#Transform 22
Transform: AffineTransform_float_3_3
Parameters: 1 0.00035274 -0.000384238 -0.00035326 0.999999 -0.000675864 0.000384761 0.000676135 0.999999 0.0153913 0.0240488 0.00786361
FixedParameters: 0 0 0

#Transform 23
Transform: AffineTransform_float_3_3
Parameters: 0.999999 -0.00031922 -0.000738474 0.000317781 0.999998 -0.00165124 0.000738526 0.00165176 0.999999 0.0352207 0.0354733 0.0410743
FixedParameters: 0 0 0

#Transform 24
Transform: AffineTransform_float_3_3
Parameters: 1 0.000426454 -0.000125867 -0.000427547 0.999991 -0.00437495 0.000124131 0.00437506 0.999991 0.0141114 0.133088 -0.12879
FixedParameters: 0 0 0

#Transform 25
Transform: AffineTransform_float_3_3
Parameters: 1 0.000593816 -0.000216278 -0.000595182 0.999984 -0.00551487 0.000212721 0.00551512 0.999985 0.00621706 0.136741 -0.115427
FixedParameters: 0 0 0

#Transform 26
Transform: AffineTransform_float_3_3
Parameters: 1 0.000990037 -0.000253791 -0.000990965 0.999992 -0.00382675 0.000250209 0.00382725 0.999992 0.00571425 0.116601 -0.0975922
FixedParameters: 0 0 0

#Transform 27
Transform: AffineTransform_float_3_3
Parameters: 1 0.00099008 -0.000335727 -0.000990921 0.999995 -0.00275267 0.000333274 0.00275233 0.999996 0.00947479 0.0748217 -0.108365
FixedParameters: 0 0 0

#Transform 28
Transform: AffineTransform_float_3_3
Parameters: 0.999999 0.000836129 -0.000335181 -0.00083787 0.999997 -0.00260672 0.000332816 0.00260728 0.999996 0.0102967 0.0690583 -0.0806048
FixedParameters: 0 0 0

#Transform 29
Transform: AffineTransform_float_3_3
Parameters: 0.999999 0.000796314 -0.000334634 -0.000797685 0.999997 -0.00205173 0.000333364 0.00205227 0.999998 0.0105053 0.0513898 -0.0872658
FixedParameters: 0 0 0

#Transform 30
Transform: AffineTransform_float_3_3
Parameters: 0.999999 0.000991045 2.634e-05 -0.000990955 0.999998 -0.00167503 -2.76599e-05 0.00167497 0.999998 -0.00705127 0.0493116 -0.0902417
FixedParameters: 0 0 0

#Transform 31
Transform: AffineTransform_float_3_3
Parameters: 0.999999 0.000990749 -0.000160553 -0.000990251 0.999999 -0.00156784 0.000159447 0.00156816 0.999999 0.00145442 0.0444377 -0.0664889
FixedParameters: 0 0 0

#Transform 32
Transform: AffineTransform_float_3_3
Parameters: 0.999999 0.000781655 -0.000206312 -0.000782345 0.999999 -0.00167884 0.000204687 0.00167916 0.999998 0.00687902 0.0508231 -0.0738953
FixedParameters: 0 0 0

#Transform 33
Transform: AffineTransform_float_3_3
Parameters: 1 0.000990612 -0.00022571 -0.000990389 0.999998 -0.00172578 0.000224291 0.00172622 0.999998 0.00452019 0.0515491 -0.0484004
FixedParameters: 0 0 0

#Transform 34
Transform: AffineTransform_float_3_3
Parameters: 0.999999 0.00070181 -0.00013003 -0.00070219 0.999998 -0.00146691 0.00012897 0.00146709 0.999999 0.00176432 0.0416889 -0.0287481
FixedParameters: 0 0 0

#Transform 35
Transform: AffineTransform_float_3_3
Parameters: 0.999999 0.000991005 5.01295e-06 -0.000990994 0.999999 -0.000996005 -5.98703e-06 0.000995994 0.999999 -0.00608529 0.0183033 -0.0270231
FixedParameters: 0 0 0

#Transform 36
Transform: AffineTransform_float_3_3
Parameters: 1 0.000990348 -0.000515254 -0.000990651 0.999998 -0.00126549 0.000513746 0.00126651 0.999999 0.0176017 0.0306641 -0.0250585
FixedParameters: 0 0 0

#Transform 37
Transform: AffineTransform_float_3_3
Parameters: 1 0.00099038 -0.000424453 -0.000990622 0.999999 -0.00146658 0.000422548 0.00146642 0.999999 0.0383877 0.0579564 -0.0861201
FixedParameters: 0 0 0

#Transform 38
Transform: AffineTransform_float_3_3
Parameters: 0.999999 0.000565278 -0.00112537 -0.000567721 0.999997 -0.00241936 0.00112363 0.00242064 0.999997 0.0519858 0.0685744 -0.0483337
FixedParameters: 0 0 0

#Transform 39
Transform: AffineTransform_float_3_3
Parameters: 0.999999 0.000682114 -0.00132002 -0.000685887 0.999996 -0.0029461 0.00131798 0.0029469 0.999995 0.055064 0.0808763 -0.0665833
FixedParameters: 0 0 0

#Transform 40
Transform: AffineTransform_float_3_3
Parameters: 0.999999 0.000508715 -0.00131489 -0.000511286 0.999999 -0.00173833 0.00131411 0.00173867 0.999997 0.04257 0.0574641 -0.0596554
FixedParameters: 0 0 0

#Transform 41
Transform: AffineTransform_float_3_3
Parameters: 0.999999 0.000509256 -0.00120274 -0.000511745 0.999999 -0.00145039 0.00120226 0.00145061 0.999998 0.030446 0.0443668 -0.0587757
FixedParameters: 0 0 0

#Transform 42
Transform: AffineTransform_float_3_3
Parameters: 0.999998 0.000508751 -0.00155074 -0.000511249 0.999999 -0.00145021 0.00155026 0.00145079 0.999997 0.0461842 0.0444584 -0.0806392
FixedParameters: 0 0 0

#Transform 43
Transform: AffineTransform_float_3_3
Parameters: 0.999999 0.000508018 -0.0016879 -0.000510983 0.999999 -0.00176714 0.0016871 0.00176786 0.999997 0.0525208 0.0588327 -0.0736299
FixedParameters: 0 0 0

#Transform 44
Transform: AffineTransform_float_3_3
Parameters: 0.999998 0.000508424 -0.00159282 -0.000511574 0.999998 -0.00161619 0.00159217 0.00161781 0.999998 0.0593684 0.0545089 -0.0610556
FixedParameters: 0 0 0

#Transform 45
Transform: AffineTransform_float_3_3
Parameters: 0.999998 0.000642701 -0.00158493 -0.000644298 0.999998 -0.00144998 0.00158407 0.00145102 0.999997 0.0468645 0.0435514 -0.0562942
FixedParameters: 0 0 0

#Transform 46
Transform: AffineTransform_float_3_3
Parameters: 0.999998 0.000509148 -0.00185151 -0.000511853 1 -0.00100005 0.00185149 0.00100094 0.999998 0.0599206 0.08132 -0.0355526
FixedParameters: 0 0 0

#Transform 47
Transform: AffineTransform_float_3_3
Parameters: 0.999999 0.000916629 -0.0015678 -0.000918373 0.999999 -0.000874562 0.0015672 0.000875438 0.999999 0.0446772 0.0425431 -0.0402557
FixedParameters: 0 0 0

#Transform 48
Transform: AffineTransform_float_3_3
Parameters: 0.999998 0.000402305 -0.00156744 -0.000404696 1 -0.00108137 0.00156756 0.00108163 0.999998 0.0475699 0.0553235 -0.0425867
FixedParameters: 0 0 0

#Transform 49
Transform: AffineTransform_float_3_3
Parameters: 0.999998 0.000401377 -0.00189656 -0.000404623 0.999999 -0.00138324 0.00189544 0.00138376 0.999997 0.0376331 0.0608197 -0.0586516
FixedParameters: 0 0 0

#Transform 50
Transform: AffineTransform_float_3_3
Parameters: 0.999998 0.000401782 -0.00152958 -0.000404219 0.999999 -0.00145038 0.00152941 0.00145062 0.999998 0.0532043 0.0596111 -0.0160831
FixedParameters: 0 0 0

#Transform 51
Transform: AffineTransform_float_3_3
Parameters: 0.999999 0.000402664 -0.000921584 -0.000404337 0.999999 -0.00145063 0.000921414 0.00145037 0.999998 0.0256485 0.0721259 -0.0323578
FixedParameters: 0 0 0

#Transform 52
Transform: AffineTransform_float_3_3
Parameters: 1 0.000682738 0.000900932 -0.000680262 0.999995 -0.00303562 -0.00090307 0.00303539 0.999995 -0.0213547 0.112552 -0.0413238
FixedParameters: 0 0 0

#Transform 53
Transform: AffineTransform_float_3_3
Parameters: 1 0.000403255 -0.000251199 -0.000404744 0.999995 -0.0029719 0.000249798 0.0029721 0.999995 -0.010037 0.0918077 -0.0332418
FixedParameters: 0 0 0

#Transform 54
Transform: AffineTransform_float_3_3
Parameters: 1 -0.000107848 0.000170097 0.000107152 0.999999 -0.000894981 -0.000169904 0.000895018 0.999999 -0.0261079 0.0777783 0.00805202
FixedParameters: 0 0 0

#Transform 55
Transform: AffineTransform_float_3_3
Parameters: 1 -0.000265921 6.23375e-05 0.00026608 0.999999 -0.00126898 -6.26624e-05 0.00126902 0.999999 -0.0204069 0.0551455 -0.0275612
FixedParameters: 0 0 0

#Transform 56
Transform: AffineTransform_float_3_3
Parameters: 1 -0.000266109 -9.06797e-05 0.00026589 0.999999 -0.00120402 9.13202e-05 0.00120398 1 -0.00779718 0.0521157 -0.0244333
FixedParameters: 0 0 0

#Transform 57
Transform: AffineTransform_float_3_3
Parameters: 1 -0.000265818 0.000170285 0.000266182 1 -0.00106996 -0.000169715 0.00107005 1 -0.0252459 0.0460951 -0.0424301
FixedParameters: 0 0 0

#Transform 58
Transform: AffineTransform_float_3_3
Parameters: 1 -0.000266072 -5.66624e-05 0.000265927 0.999999 -0.00126902 5.73375e-05 0.00126899 0.999999 -0.00949298 0.0551111 -0.0115779
FixedParameters: 0 0 0

#Transform 59
Transform: AffineTransform_float_3_3
Parameters: 1 -0.00036921 -0.000123374 0.000368789 0.999998 -0.00169704 0.000124626 0.00169695 0.999998 -0.0113456 0.0542581 -0.0163225
FixedParameters: 0 0 0

#Transform 60
Transform: AffineTransform_float_3_3
Parameters: 1 -0.000267011 -0.000278033 0.00026599 0.999994 -0.00362808 0.000278967 0.00362793 0.999994 -0.000805933 0.126919 -0.034134
FixedParameters: 0 0 0

#Transform 61
Transform: AffineTransform_float_3_3
Parameters: 0.999996 -0.00179526 -0.00228453 0.00178673 0.999992 -0.0036141 0.00229147 0.0036099 0.999991 0.151074 0.163839 -0.127349
FixedParameters: 0 0 0

#Transform 62
Transform: AffineTransform_float_3_3
Parameters: 0.999541 -0.0232769 -0.0194285 0.0229022 0.999552 -0.0192988 0.0198685 0.0188452 0.999625 1.12691 0.765487 -0.266075
FixedParameters: 0 0 0

#Transform 63
Transform: AffineTransform_float_3_3
Parameters: 0.99778 -0.0562342 -0.0356762 0.0544977 0.997364 -0.0479036 0.0382767 0.0458523 0.998214 2.30215 1.69801 -0.665243
FixedParameters: 0 0 0

#Transform 64
Transform: AffineTransform_float_3_3
Parameters: 0.999345 -0.0209148 -0.0295262 0.0203402 0.999601 -0.0196344 0.0299249 0.0190206 0.999371 1.37746 0.509433 -0.168479
FixedParameters: 0 0 0

#Transform 65
Transform: AffineTransform_float_3_3
Parameters: 0.999497 -0.0150382 -0.0279182 0.0145638 0.999747 -0.0171462 0.0281688 0.0167308 0.999463 1.22462 0.424215 -0.192397
FixedParameters: 0 0 0

#Transform 66
Transform: AffineTransform_float_3_3
Parameters: 0.999775 -0.0110315 -0.0181262 0.0106355 0.999707 -0.0217707 0.0183608 0.0215733 0.999598 0.85861 0.585418 -0.634209
FixedParameters: 0 0 0

#Transform 67
Transform: AffineTransform_float_3_3
Parameters: 0.999827 -0.00887569 -0.0163453 0.00854731 0.999763 -0.0200102 0.0165187 0.0198668 0.999666 0.741048 0.506867 -0.453552
FixedParameters: 0 0 0

#Transform 68
Transform: AffineTransform_float_3_3
Parameters: 0.999828 -0.00913634 -0.0161059 0.00882766 0.999779 -0.0191125 0.016277 0.0189675 0.999687 0.715048 0.482851 -0.432383
FixedParameters: 0 0 0

#Transform 69
Transform: AffineTransform_float_3_3
Parameters: 0.999838 -0.00866656 -0.0157677 0.00835543 0.99977 -0.0197189 0.0159353 0.0195841 0.999681 0.698483 0.478003 -0.388137
FixedParameters: 0 0 0

#Transform 70
Transform: AffineTransform_float_3_3
Parameters: 0.999838 -0.0086278 -0.015841 0.0083072 0.999762 -0.0201439 0.016011 0.0200091 0.999671 0.700543 0.505586 -0.417836
FixedParameters: 0 0 0

#Transform 71
Transform: AffineTransform_float_3_3
Parameters: 0.999846 -0.00818737 -0.0154868 0.00787762 0.999769 -0.0199971 0.0156472 0.0198719 0.99968 0.698966 0.49817 -0.43768
FixedParameters: 0 0 0

#Transform 72
Transform: AffineTransform_float_3_3
Parameters: 0.99985 -0.00803817 -0.0152929 0.00773581 0.999775 -0.0197172 0.015448 0.0195957 0.999688 0.685528 0.486098 -0.414455
FixedParameters: 0 0 0

#Transform 73
Transform: AffineTransform_float_3_3
Parameters: 0.999855 -0.0081343 -0.0149981 0.00783771 0.999775 -0.0197094 0.015155 0.0195896 0.999693 0.666844 0.486557 -0.425311
FixedParameters: 0 0 0

#Transform 74
Transform: AffineTransform_float_3_3
Parameters: 0.999855 -0.00817447 -0.0149284 0.00787655 0.99977 -0.0199435 0.0150876 0.0198235 0.999689 0.664489 0.497552 -0.431217
FixedParameters: 0 0 0

#Transform 75
Transform: AffineTransform_float_3_3
Parameters: 0.99986 -0.00762158 -0.0149278 0.00732242 0.999772 -0.0200211 0.0150772 0.0199089 0.999688 0.663346 0.496612 -0.384144
FixedParameters: 0 0 0

#Transform 76
Transform: AffineTransform_float_3_3
Parameters: 0.999861 -0.00754635 -0.0148587 0.00725065 0.999777 -0.0198325 0.0150043 0.0197215 0.999693 0.653683 0.487669 -0.398262
FixedParameters: 0 0 0

#Transform 77
Transform: AffineTransform_float_3_3
Parameters: 0.999861 -0.0073743 -0.014909 0.00707971 0.999781 -0.0196963 0.015051 0.0195887 0.999695 0.654908 0.492174 -0.374333
FixedParameters: 0 0 0

#Transform 78
Transform: AffineTransform_float_3_3
Parameters: 0.99987 -0.00706438 -0.0144975 0.00680361 0.999815 -0.018 0.0146225 0.017899 0.999733 0.622072 0.441878 -0.295984
FixedParameters: 0 0 0

#Transform 79
Transform: AffineTransform_float_3_3
Parameters: 0.9999 -0.00540174 -0.0131138 0.00547527 0.999969 0.00563377 0.0130832 -0.00570525 0.999898 0.545194 -0.146927 -0.116032
FixedParameters: 0 0 0

#Transform 80
Transform: AffineTransform_float_3_3
Parameters: 0.999918 -0.00566256 -0.0114746 0.00550544 0.999891 -0.0137173 0.0115504 0.0136527 0.99984 0.488011 0.338917 -0.208224
FixedParameters: 0 0 0

#Transform 81
Transform: AffineTransform_float_3_3
Parameters: 0.999907 -0.00569216 -0.0123817 0.00550484 0.999871 -0.0150986 0.0124653 0.0150284 0.99981 0.526669 0.414879 -0.308816
FixedParameters: 0 0 0

#Transform 82
Transform: AffineTransform_float_3_3
Parameters: 0.9999 -0.00345544 -0.0137267 0.00313654 0.999727 -0.0231534 0.0138032 0.0231076 0.999637 0.512091 0.589171 -0.278484
FixedParameters: 0 0 0

#Transform 83
Transform: AffineTransform_float_3_3
Parameters: 0.999896 -0.00488465 -0.0135566 0.00462936 0.999812 -0.0188257 0.0136454 0.0187613 0.999731 0.517813 0.484805 -0.165254
FixedParameters: 0 0 0

#Transform 84
Transform: AffineTransform_float_3_3
Parameters: 0.99991 -0.00421202 -0.0127776 0.00396297 0.999803 -0.0194524 0.0128574 0.0193996 0.999729 0.501662 0.477412 -0.175937
FixedParameters: 0 0 0

#Transform 85
Transform: AffineTransform_float_3_3
Parameters: 0.99993 -0.00431072 -0.011083 0.00397928 0.999551 -0.0296912 0.011206 0.0296448 0.999497 0.427567 0.655838 -0.318739
FixedParameters: 0 0 0

#Transform 86
Transform: AffineTransform_float_3_3
Parameters: 0.99996 -0.00715738 -0.00537966 0.00652959 0.994047 -0.108749 0.0061263 0.10871 0.994054 0.375615 2.1471 -2.37386
FixedParameters: 0 0 0

#Transform 87
Transform: AffineTransform_float_3_3
Parameters: 0.999936 -0.0105268 -0.00431004 0.00978322 0.989214 -0.146146 0.00580185 0.146094 0.989253 0.431802 3.25137 -2.96851
FixedParameters: 0 0 0

#Transform 88
Transform: AffineTransform_float_3_3
Parameters: 0.999996 -0.00174208 -0.00215108 0.00159392 0.99775 -0.0670217 0.00226291 0.0670183 0.997749 0.112019 1.68841 -1.0764
FixedParameters: 0 0 0

#Transform 89
Transform: AffineTransform_float_3_3
Parameters: 1 0.000425899 -0.000198827 -0.000421097 0.999712 0.0240211 0.000209176 -0.0240209 0.999712 -0.0412311 -0.415443 -0.0214361
FixedParameters: 0 0 0

#Transform 90
Transform: AffineTransform_float_3_3
Parameters: 0.999997 0.00265488 -0.000221414 -0.00263814 0.998379 0.0568558 0.000371595 -0.0568552 0.998383 -0.0191083 -1.11237 0.218381
FixedParameters: 0 0 0

#Transform 91
Transform: AffineTransform_float_3_3
Parameters: 0.999939 -0.00125272 -0.0109848 0.00148329 0.999777 0.021072 0.0109562 -0.021087 0.999717 0.464212 -0.432573 0.0593534
FixedParameters: 0 0 0

#Transform 92
Transform: AffineTransform_float_3_3
Parameters: 0.999985 -0.000645812 -0.00542299 0.000620186 0.999989 -0.00476044 0.00542601 0.00475657 0.999974 0.236374 0.126927 -0.274533
FixedParameters: 0 0 0

#Transform 93
Transform: AffineTransform_float_3_3
Parameters: 0.999991 -0.000682197 -0.00402704 0.000613804 0.999857 -0.0169116 0.00403796 0.0169094 0.999849 0.181428 0.546946 -0.432949
FixedParameters: 0 0 0

#Transform 94
Transform: AffineTransform_float_3_3
Parameters: 0.999971 0.00281394 0.0071811 -0.00283206 0.999993 0.00250574 -0.0071739 -0.00252626 0.999971 -0.28771 0.0215951 -0.855367
FixedParameters: 0 0 0

#Transform 95
Transform: AffineTransform_float_3_3
Parameters: 0.999055 -0.0312951 -0.0301653 0.0303119 0.999011 -0.0325151 0.0311527 0.0315699 0.999016 1.48938 1.00528 -0.255783
FixedParameters: 0 0 0

#Transform 96
Transform: AffineTransform_float_3_3
Parameters: 0.999657 -0.0115241 -0.0234912 0.0112409 0.999863 -0.0121472 0.0236278 0.0118788 0.99965 0.918546 0.434243 -0.160318
FixedParameters: 0 0 0

#Transform 97
Transform: AffineTransform_float_3_3
Parameters: 0.999745 -0.00885969 -0.0207603 0.00852032 0.99983 -0.0163941 0.0209017 0.016213 0.99965 0.805837 0.55676 -0.352381
FixedParameters: 0 0 0

#Transform 98
Transform: AffineTransform_float_3_3
Parameters: 0.999781 -0.00765009 -0.0195112 0.00730493 0.999816 -0.0176964 0.0196428 0.0175506 0.999653 0.723855 0.581984 -0.421281
FixedParameters: 0 0 0

#Transform 99
Transform: AffineTransform_float_3_3
Parameters: 0.999828 -0.00699912 -0.0171733 0.00668486 0.99981 -0.0182809 0.0172987 0.018163 0.999686 0.624023 0.5772 -0.450758
FixedParameters: 0 0 0

#Transform 100
Transform: AffineTransform_float_3_3
Parameters: 0.999804 -0.00747866 -0.0182948 0.00715734 0.99982 -0.0175844 0.0184232 0.0174506 0.999678 0.681917 0.57594 -0.429062
FixedParameters: 0 0 0

#Transform 101
Transform: AffineTransform_float_3_3
Parameters: 0.999813 -0.00683846 -0.0180817 0.00651753 0.99982 -0.0177782 0.0182004 0.0176568 0.999679 0.674953 0.570046 -0.403082
FixedParameters: 0 0 0

#Transform 102
Transform: AffineTransform_float_3_3
Parameters: 0.999814 -0.00670337 -0.0181172 0.00637563 0.999817 -0.0180669 0.0182358 0.0179481 0.999672 0.6752 0.558384 -0.385397
FixedParameters: 0 0 0

#Transform 103
Transform: AffineTransform_float_3_3
Parameters: 0.999813 -0.00680921 -0.0180705 0.0064888 0.999822 -0.0177196 0.0181874 0.0175994 0.999679 0.674918 0.55388 -0.39152
FixedParameters: 0 0 0

#Transform 104
Transform: AffineTransform_float_3_3
Parameters: 0.999758 -0.00736283 -0.0207025 0.00698515 0.999809 -0.018264 0.0208335 0.018115 0.999619 0.736165 0.538835 0.209914
FixedParameters: 0 0 0

#Transform 105
Transform: AffineTransform_float_3_3
Parameters: 0.999833 -0.00564297 -0.0174219 0.00541204 0.999897 -0.0132755 0.0174951 0.0131795 0.99976 0.699909 0.436424 -0.410254
FixedParameters: 0 0 0

#Transform 106
Transform: AffineTransform_float_3_3
Parameters: 0.999877 -0.00338333 -0.0152772 0.00322667 0.999943 -0.0102455 0.0153118 0.0101954 0.999831 0.627338 0.370541 -0.58074
FixedParameters: 0 0 0

#Transform 107
Transform: AffineTransform_float_3_3
Parameters: 0.99989 -0.00336703 -0.0144922 0.00322698 0.999948 -0.00967484 0.0145238 0.00962717 0.999848 0.543605 0.336331 -0.503578
FixedParameters: 0 0 0

#Transform 108
Transform: AffineTransform_float_3_3
Parameters: 0.999901 -0.00386418 -0.0134883 0.00372982 0.999944 -0.0099593 0.0135257 0.00990772 0.99986 0.502426 0.341076 -0.22562
FixedParameters: 0 0 0

#Transform 109
Transform: AffineTransform_float_3_3
Parameters: 0.999902 -0.00375852 -0.0134734 0.00357247 0.999898 -0.0138415 0.0135247 0.0137915 0.999814 0.571225 0.502284 -0.756565
FixedParameters: 0 0 0

#Transform 110
Transform: AffineTransform_float_3_3
Parameters: 0.999906 -0.00429532 -0.0130285 0.00407268 0.999845 -0.0171187 0.0131005 0.0170643 0.999768 0.535117 0.560623 -0.859654
FixedParameters: 0 0 0

#Transform 111
Transform: AffineTransform_float_3_3
Parameters: 0.999903 -0.00377486 -0.0133538 0.00358913 0.999896 -0.0139153 0.0134051 0.0138657 0.999814 0.484181 0.460749 -0.333534
FixedParameters: 0 0 0

#Transform 112
Transform: AffineTransform_float_3_3
Parameters: 0.999908 -0.00381235 -0.0130619 0.00358868 0.999847 -0.0170794 0.0131241 0.0170315 0.999769 0.507027 0.560629 -0.518738
FixedParameters: 0 0 0

#Transform 113
Transform: AffineTransform_float_3_3
Parameters: 0.999921 -0.0033685 -0.012161 0.00314049 0.999819 -0.0187607 0.012222 0.0187203 0.99975 0.501368 0.570531 -0.542665
FixedParameters: 0 0 0

#Transform 114
Transform: AffineTransform_float_3_3
Parameters: 0.99992 -0.00338235 -0.0122064 0.00313964 0.999798 -0.0198189 0.0122716 0.0197791 0.999729 0.498606 0.603038 -0.537058
FixedParameters: 0 0 0

#Transform 115
Transform: AffineTransform_float_3_3
Parameters: 0.999912 -0.00367492 -0.0127041 0.00342407 0.999799 -0.0197172 0.0127739 0.0196718 0.999725 0.515432 0.595583 -0.573611
FixedParameters: 0 0 0

#Transform 116
Transform: AffineTransform_float_3_3
Parameters: 0.999919 -0.00359958 -0.0122056 0.00335841 0.999801 -0.0196746 0.0122744 0.0196314 0.999732 0.504216 0.594061 -0.614665
FixedParameters: 0 0 0

#Transform 117
Transform: AffineTransform_float_3_3
Parameters: 0.999922 -0.0039847 -0.0118243 0.0037783 0.99984 -0.017452 0.0118917 0.017406 0.999778 0.484907 0.513567 -0.680003
FixedParameters: 0 0 0

#Transform 118
Transform: AffineTransform_float_3_3
Parameters: 0.999929 -0.00337865 -0.0114369 0.00316835 0.999826 -0.0183865 0.0114971 0.0183495 0.999765 0.487998 0.53742 -0.625239
FixedParameters: 0 0 0

#Transform 119
Transform: AffineTransform_float_3_3
Parameters: 0.99991 -0.00460964 -0.0126495 0.00436235 0.999799 -0.0195349 0.0127375 0.019478 0.999729 0.510651 0.566386 -0.53986
FixedParameters: 0 0 0

#Transform 120
Transform: AffineTransform_float_3_3
Parameters: 0.999892 -0.00465112 -0.0139922 0.00436186 0.999778 -0.0206233 0.0140858 0.0205597 0.99969 0.569225 0.579561 -0.547488
FixedParameters: 0 0 0

#Transform 121
Transform: AffineTransform_float_3_3
Parameters: 0.999904 -0.00470356 -0.0130433 0.00444045 0.999789 -0.0200859 0.0131347 0.0200262 0.999713 0.54001 0.592957 -0.628447
FixedParameters: 0 0 0

#Transform 122
Transform: AffineTransform_float_3_3
Parameters: 0.999903 -0.00463238 -0.0130945 0.00436261 0.999778 -0.0206021 0.0131875 0.0205429 0.999702 0.531011 0.632308 -0.593171
FixedParameters: 0 0 0

#Transform 123
Transform: AffineTransform_float_3_3
Parameters: 0.999909 -0.0045263 -0.0127647 0.00426671 0.999784 -0.0203463 0.0128533 0.0202897 0.999711 0.51137 0.613002 -0.588137
FixedParameters: 0 0 0

#Transform 124
Transform: AffineTransform_float_3_3
Parameters: 0.999905 -0.00421451 -0.0130754 0.00394849 0.999787 -0.0202665 0.0131576 0.0202125 0.999709 0.541371 0.615297 -0.665942
FixedParameters: 0 0 0

#Transform 125
Transform: AffineTransform_float_3_3
Parameters: 0.999911 -0.0042106 -0.0126741 0.00394841 0.99978 -0.0205949 0.0127579 0.0205431 0.999707 0.499367 0.632858 -0.628435
FixedParameters: 0 0 0

#Transform 126
Transform: AffineTransform_float_3_3
Parameters: 0.999914 -0.00381689 -0.0125317 0.00354611 0.999761 -0.0215673 0.0126113 0.0215217 0.999689 0.495516 0.629713 -0.646563
FixedParameters: 0 0 0

#Transform 127
Transform: AffineTransform_float_3_3
Parameters: 0.999926 -0.00386056 -0.0115461 0.00360245 0.999746 -0.0222442 0.0116289 0.0222018 0.999686 0.448339 0.660959 -0.663161
FixedParameters: 0 0 0

#Transform 128
Transform: AffineTransform_float_3_3
Parameters: 0.9999 -0.00372492 -0.0135969 0.00342708 0.999755 -0.0218698 0.0136741 0.0218202 0.999669 0.581693 0.663938 -0.683083
FixedParameters: 0 0 0

#Transform 129
Transform: AffineTransform_float_3_3
Parameters: 0.999898 -0.00394226 -0.0137166 0.00365072 0.999768 -0.0211952 0.0137974 0.0211428 0.999682 0.575942 0.6341 -0.655628
FixedParameters: 0 0 0

#Transform 130
Transform: AffineTransform_float_3_3
Parameters: 0.999884 -0.00403938 -0.0146356 0.00371561 0.99975 -0.0220559 0.0147214 0.0219991 0.999649 0.621093 0.672613 -0.60505
FixedParameters: 0 0 0

#Transform 131
Transform: AffineTransform_float_3_3
Parameters: 0.999888 -0.00364899 -0.014472 0.00332002 0.999737 -0.0226916 0.014551 0.0226414 0.999638 0.58251 0.70435 -0.736055
FixedParameters: 0 0 0

#Transform 132
Transform: AffineTransform_float_3_3
Parameters: 0.999905 -0.0033356 -0.0133873 0.00301139 0.999703 -0.0241936 0.0134647 0.0241514 0.999617 0.567476 0.726195 -0.811963
FixedParameters: 0 0 0

#Transform 133
Transform: AffineTransform_float_3_3
Parameters: 0.999904 -0.00375443 -0.0133888 0.00343959 0.999719 -0.0234303 0.0134722 0.0233827 0.999636 0.570507 0.687103 -0.754168
FixedParameters: 0 0 0

#Transform 134
Transform: AffineTransform_float_3_3
Parameters: 0.99989 -0.00402626 -0.0142349 0.00368573 0.999707 -0.0239191 0.0143271 0.0238639 0.999612 0.624017 0.730963 -0.810048
FixedParameters: 0 0 0

#Transform 135
Transform: AffineTransform_float_3_3
Parameters: 0.999882 -0.00392034 -0.014807 0.00356365 0.999703 -0.0240836 0.014897 0.0240274 0.999601 0.638219 0.730297 -0.886672
FixedParameters: 0 0 0

#Transform 136
Transform: AffineTransform_float_3_3
Parameters: 0.999885 -0.00452079 -0.0144827 0.00418621 0.999725 -0.0230633 0.0145833 0.0230007 0.999629 0.597338 0.690558 -0.752665
FixedParameters: 0 0 0

#Transform 137
Transform: AffineTransform_float_3_3
Parameters: 0.999888 -0.00450174 -0.0142345 0.00417325 0.999728 -0.022971 0.0143345 0.022909 0.999635 0.596836 0.690917 -0.758787
FixedParameters: 0 0 0

#Transform 138
Transform: AffineTransform_float_3_3
Parameters: 0.999913 -0.00500697 -0.0121622 0.00470803 0.999689 -0.0244874 0.0122808 0.0244286 0.999626 0.552638 0.761639 -1.04598
FixedParameters: 0 0 0

#Transform 139
Transform: AffineTransform_float_3_3
Parameters: 0.999943 -0.00638831 -0.00849107 0.00619166 0.999715 -0.0230649 0.00863694 0.0230111 0.999698 0.407683 0.713387 -0.891683
FixedParameters: 0 0 0

#Transform 140
Transform: AffineTransform_float_3_3
Parameters: 0.999939 -0.00594125 -0.00931203 0.00571074 0.999682 -0.0245617 0.00945496 0.0245063 0.999655 0.445516 0.78061 -1.03604
FixedParameters: 0 0 0

#Transform 141
Transform: AffineTransform_float_3_3
Parameters: 0.999925 -0.00536642 -0.0110542 0.00508659 0.999669 -0.0252412 0.0111858 0.0251829 0.999621 0.497416 0.778305 -0.939284
FixedParameters: 0 0 0

#Transform 142
Transform: AffineTransform_float_3_3
Parameters: 0.999928 -0.0058158 -0.0104375 0.00555821 0.999683 -0.0245608 0.0105765 0.0245012 0.999644 0.457049 0.746667 -0.801287
FixedParameters: 0 0 0

#Transform 143
Transform: AffineTransform_float_3_3
Parameters: 0.999928 -0.00595183 -0.0104381 0.00569217 0.999677 -0.0247482 0.0105819 0.0246868 0.999639 0.462515 0.737066 -0.816745
FixedParameters: 0 0 0

#Transform 144
Transform: AffineTransform_float_3_3
Parameters: 0.999934 -0.00529014 -0.0102098 0.00503686 0.999683 -0.0246621 0.0103372 0.0246089 0.999643 0.458352 0.741786 -0.817876
FixedParameters: 0 0 0

#Transform 145
Transform: AffineTransform_float_3_3
Parameters: 0.999931 -0.00526514 -0.01045 0.00500286 0.999676 -0.024955 0.010578 0.024901 0.999634 0.444799 0.734529 -0.673856
FixedParameters: 0 0 0

#Transform 146
Transform: AffineTransform_float_3_3
Parameters: 0.999926 -0.0062557 -0.0103731 0.0059723 0.999614 -0.027159 0.0105389 0.0270951 0.999578 0.402247 0.800542 -0.402567
FixedParameters: 0 0 0

#Transform 147
Transform: AffineTransform_float_3_3
Parameters: 0.99994 -0.00504041 -0.00966721 0.00477257 0.99961 -0.0274878 0.00980278 0.0274402 0.999576 0.440856 0.799416 -0.79083
FixedParameters: 0 0 0

#Transform 148
Transform: AffineTransform_float_3_3
Parameters: 0.999935 -0.00490999 -0.0102659 0.004664 0.999704 -0.0238504 0.0103801 0.0238006 0.999663 0.501595 0.722312 -1.15545
FixedParameters: 0 0 0

#Transform 149
Transform: AffineTransform_float_3_3
Parameters: 0.999931 -0.00573768 -0.0102473 0.00549333 0.999705 -0.0236519 0.0103797 0.0235941 0.999667 0.471398 0.768249 -1.00207
FixedParameters: 0 0 0

#Transform 150
Transform: AffineTransform_float_3_3
Parameters: 0.999928 -0.00559145 -0.0106745 0.00535455 0.999743 -0.0220518 0.0107955 0.0219932 0.9997 0.473039 0.70118 -0.968915
FixedParameters: 0 0 0

#Transform 151
Transform: AffineTransform_float_3_3
Parameters: 0.999933 -0.00487159 -0.0104816 0.0046374 0.999743 -0.0221961 0.0105874 0.0221459 0.999698 0.451167 0.682535 -0.89458
FixedParameters: 0 0 0

#Transform 152
Transform: AffineTransform_float_3_3
Parameters: 0.999936 -0.00478469 -0.0102437 0.00455631 0.999744 -0.0221361 0.0103473 0.0220889 0.999702 0.46056 0.664865 -1.01986
FixedParameters: 0 0 0

#Transform 153
Transform: AffineTransform_float_3_3
Parameters: 0.999941 -0.0053394 -0.00951375 0.00512362 0.999731 -0.0226271 0.00963127 0.0225769 0.999698 0.389329 0.683069 -0.917582
FixedParameters: 0 0 0

#Transform 154
Transform: AffineTransform_float_3_3
Parameters: 0.999937 -0.00532476 -0.00980792 0.00511123 0.999751 -0.0216925 0.00992107 0.0216415 0.999716 0.392218 0.666157 -0.89692
FixedParameters: 0 0 0

#Transform 155
Transform: AffineTransform_float_3_3
Parameters: 0.999941 -0.00523595 -0.00950019 0.00502206 0.999737 -0.022406 0.00961481 0.022357 0.999704 0.380216 0.68198 -0.962744
FixedParameters: 0 0 0

#Transform 156
Transform: AffineTransform_float_3_3
Parameters: 0.99994 -0.00475691 -0.0099276 0.00453709 0.999747 -0.0220574 0.0100304 0.0220106 0.999708 0.400228 0.695117 -0.901338
FixedParameters: 0 0 0

#Transform 157
Transform: AffineTransform_float_3_3
Parameters: 0.999937 -0.00508415 -0.0100704 0.00486085 0.999745 -0.0220613 0.0101796 0.0220106 0.999706 0.395198 0.694748 -0.905578
FixedParameters: 0 0 0

#Transform 158
Transform: AffineTransform_float_3_3
Parameters: 0.999939 -0.00463044 -0.010051 0.00440755 0.999745 -0.0221407 0.010151 0.0220944 0.999705 0.392748 0.681438 -0.901124
FixedParameters: 0 0 0

#Transform 159
Transform: AffineTransform_float_3_3
Parameters: 0.999942 -0.00465321 -0.00964105 0.00443779 0.999743 -0.0222251 0.00974193 0.0221809 0.999706 0.372582 0.670656 -0.846131
FixedParameters: 0 0 0

#Transform 160
Transform: AffineTransform_float_3_3
Parameters: 0.999951 -0.00394738 -0.00900242 0.00373462 0.999714 -0.0235978 0.00909259 0.0235632 0.999681 0.358374 0.672253 -0.746131
FixedParameters: 0 0 0

#Transform 161
Transform: AffineTransform_float_3_3
Parameters: 0.999956 -0.00395223 -0.00848776 0.00373376 0.999666 -0.0255748 0.00858624 0.0255422 0.999637 0.386821 0.746248 -0.919776
FixedParameters: 0 0 0

#Transform 162
Transform: AffineTransform_float_3_3
Parameters: 0.999955 -0.00561659 -0.00755274 0.00547543 0.999812 -0.0186382 0.00765526 0.0185958 0.999798 0.370906 0.638672 -1.27579
FixedParameters: 0 0 0

#Transform 163
Transform: AffineTransform_float_3_3
Parameters: 0.999963 -0.00631572 -0.00587896 0.00619628 0.999778 -0.0201642 0.00600505 0.0201268 0.99978 0.264204 0.668246 -1.16431
FixedParameters: 0 0 0

#Transform 164
Transform: AffineTransform_float_3_3
Parameters: 0.999951 -0.00621537 -0.00777046 0.00607163 0.999814 -0.0183401 0.00788353 0.0182919 0.999801 0.393775 0.648772 -1.29069
FixedParameters: 0 0 0

#Transform 165
Transform: AffineTransform_float_3_3
Parameters: 0.999939 -0.00488395 -0.00997879 0.00469305 0.999807 -0.01907 0.0100702 0.019022 0.999769 0.465026 0.639851 -1.05657
FixedParameters: 0 0 0

#Transform 166
Transform: AffineTransform_float_3_3
Parameters: 0.999941 -0.00485625 -0.00973022 0.00469275 0.999849 -0.0167306 0.00980977 0.0166843 0.999812 0.416188 0.595299 -0.684009
FixedParameters: 0 0 0

#Transform 167
Transform: AffineTransform_float_3_3
Parameters: 0.999941 -0.0042865 -0.00998722 0.0040665 0.99975 -0.0219949 0.0100788 0.0219531 0.999708 0.441726 0.687508 -0.935518
FixedParameters: 0 0 0

#Transform 168
Transform: AffineTransform_float_3_3
Parameters: 0.999943 -0.00430223 -0.00975614 0.00408977 0.999757 -0.0216701 0.00984685 0.0216289 0.999717 0.427454 0.69158 -0.978924
FixedParameters: 0 0 0

#Transform 169
Transform: AffineTransform_float_3_3
Parameters: 0.999949 -0.00406309 -0.00927257 0.00385489 0.999743 -0.0223509 0.00936142 0.0223131 0.999707 0.403898 0.703381 -0.990046
FixedParameters: 0 0 0

#Transform 170
Transform: AffineTransform_float_3_3
Parameters: 0.99995 -0.00467759 -0.00886554 0.00447042 0.999718 -0.0232928 0.00897147 0.0232522 0.99969 0.425939 0.750014 -0.974013
FixedParameters: 0 0 0

#Transform 171
Transform: AffineTransform_float_3_3
Parameters: 0.999948 -0.00496187 -0.00889494 0.00476313 0.999742 -0.0222415 0.00900306 0.0221975 0.999713 0.440497 0.704788 -0.995682
FixedParameters: 0 0 0

#Transform 172
Transform: AffineTransform_float_3_3
Parameters: 0.999954 -0.00492322 -0.00829172 0.00472977 0.999717 -0.0232823 0.0084043 0.0232417 0.999694 0.38467 0.72604 -1.03896
FixedParameters: 0 0 0

#Transform 173
Transform: AffineTransform_float_3_3
Parameters: 0.999953 -0.00475784 -0.00844664 0.00456215 0.999724 -0.0230556 0.00855437 0.0230154 0.999699 0.372167 0.717736 -0.987211
FixedParameters: 0 0 0

#Transform 174
Transform: AffineTransform_float_3_3
Parameters: 0.999952 -0.00477063 -0.00863025 0.00457538 0.999738 -0.0224326 0.00873475 0.0223924 0.999711 0.375093 0.70997 -0.992471
FixedParameters: 0 0 0

#Transform 175
Transform: AffineTransform_float_3_3
Parameters: 0.999952 -0.00463297 -0.00863574 0.00444304 0.999751 -0.0218894 0.00873426 0.0218496 0.999723 0.377955 0.683818 -0.998871
FixedParameters: 0 0 0

#Transform 176
Transform: AffineTransform_float_3_3
Parameters: 0.999952 -0.00517241 -0.00834263 0.00498958 0.999751 -0.0217397 0.00845336 0.0216963 0.999729 0.366316 0.67927 -0.991728
FixedParameters: 0 0 0

#Transform 177
Transform: AffineTransform_float_3_3
Parameters: 0.99995 -0.00517893 -0.0086304 0.00499007 0.99975 -0.0217712 0.0087406 0.0217268 0.999725 0.375746 0.69406 -0.941291
FixedParameters: 0 0 0

#Transform 178
Transform: AffineTransform_float_3_3
Parameters: 0.999951 -0.00514677 -0.00852847 0.00495922 0.999748 -0.0218934 0.00863954 0.0218496 0.999724 0.364565 0.700089 -0.963878
FixedParameters: 0 0 0

#Transform 179
Transform: AffineTransform_float_3_3
Parameters: 0.99995 -0.00503967 -0.00855753 0.00484934 0.999742 -0.0221576 0.00866647 0.0221154 0.999718 0.368493 0.698146 -0.944423
FixedParameters: 0 0 0
