#Insight Transform File V1.0
#Transform 0
Transform: AffineTransform_float_3_3
Parameters: 0.999997 -0.00202933 0.000689172 0.00202667 0.999993 0.00336741 -0.000695828 -0.0033666 0.999994 -0.025921 0.0591783 0.423581
FixedParameters: 0 0 0

#Transform 1
Transform: AffineTransform_float_3_3
Parameters: 0.999998 -0.00192873 0.000667031 0.00192727 0.999995 0.00257829 -0.00067197 -0.00257671 0.999997 -0.0176026 0.038083 0.386525
FixedParameters: 0 0 0

#Transform 2
Transform: AffineTransform_float_3_3
Parameters: 0.999997 -0.00191074 0.00137482 0.00190726 0.999995 0.00271663 -0.00138019 -0.00271437 0.999996 -0.00347981 0.0968396 0.394847
FixedParameters: 0 0 0

#Transform 3
Transform: AffineTransform_float_3_3
Parameters: 0.999996 -0.00226178 0.00125901 0.00225922 0.999995 0.00220785 -0.00126399 -0.00220515 0.999997 0.0159026 0.106033 0.242293
FixedParameters: 0 0 0

#Transform 4
Transform: AffineTransform_float_3_3
Parameters: 0.999995 -0.00248241 0.00165489 0.00247858 0.999995 0.00206311 -0.00166011 -0.00205889 0.999996 0.00698984 0.101409 0.188016
FixedParameters: 0 0 0

#Transform 5
Transform: AffineTransform_float_3_3
Parameters: 0.999996 -0.0022854 0.00206113 0.0022816 0.999995 0.00213671 -0.00206587 -0.00213129 0.999995 0.0129523 0.10138 0.154366
FixedParameters: 0 0 0

#Transform 6
Transform: AffineTransform_float_3_3
Parameters: 0.999995 -0.00228338 0.00182703 0.00228162 0.999996 0.00130517 -0.00182997 -0.00130083 0.999998 0.0377972 0.0896819 0.0731859
FixedParameters: 0 0 0

#Transform 7
Transform: AffineTransform_float_3_3
Parameters: 0.999995 -0.00228399 0.00214482 0.00228101 0.999997 0.0013939 -0.00214818 -0.0013891 0.999996 0.0263467 0.065799 0.0561488
FixedParameters: 0 0 0

#Transform 8
Transform: AffineTransform_float_3_3
Parameters: 0.999995 -0.00268382 0.00156531 0.00268418 0.999997 -0.000113799 -0.00156469 0.0001182 0.999999 0.0273611 0.0777555 0.0113363
FixedParameters: 0 0 0

#Transform 9
Transform: AffineTransform_float_3_3
Parameters: 0.999995 -0.00269089 0.00130822 0.00269011 0.999997 -8.04811e-05 -0.00130878 8.45222e-05 0.999999 0.0180874 0.0766777 0.00376611
FixedParameters: 0 0 0

#Transform 10
Transform: AffineTransform_float_3_3
Parameters: 0.999997 -0.00219167 0.000917795 0.00219133 0.999997 -0.000361989 -0.000917204 0.000364011 0.999999 0.00520767 0.0438448 0.0375191
FixedParameters: 0 0 0

#Transform 11
Transform: AffineTransform_float_3_3
Parameters: 0.999998 -0.00170508 0.000800966 0.00170592 0.999998 -0.00115164 -0.000799036 0.00115236 0.999999 -0.0130386 0.0642665 0.178139
FixedParameters: 0 0 0

#Transform 12
Transform: AffineTransform_float_3_3
Parameters: 0.999999 -0.0012935 0.000479644 0.0012935 0.999998 0.00104862 -0.000480357 -0.00104838 1 0.0137519 0.0693339 0.208571
FixedParameters: 0 0 0

#Transform 13
Transform: AffineTransform_float_3_3
Parameters: 0.999999 -0.00132283 0.000784596 0.00132217 0.999998 0.00106204 -0.000786404 -0.00106096 0.999999 0.000110429 0.0764637 0.207613
FixedParameters: 0 0 0

#Transform 14
Transform: AffineTransform_float_3_3
Parameters: 0.999999 -0.00126356 0.000479519 0.00126244 0.999998 0.00117261 -0.00048048 -0.00117139 0.999999 0.0202003 0.0804678 0.197937
FixedParameters: 0 0 0

#Transform 15
Transform: AffineTransform_float_3_3
Parameters: 0.999998 -0.00144373 0.000886815 0.00144327 0.999998 0.000821281 -0.000888184 -0.000819719 1 0.000608885 0.0864021 0.173701
FixedParameters: 0 0 0

#Transform 16
Transform: AffineTransform_float_3_3
Parameters: 0.999998 -0.00151088 0.000868478 0.00151012 0.999999 0.00100831 -0.000869521 -0.00100669 0.999999 0.0136693 0.0919143 0.176524
FixedParameters: 0 0 0

#Transform 17
Transform: AffineTransform_float_3_3
Parameters: 0.999999 -0.00161528 0.000942817 0.00161473 0.999998 0.00135252 -0.000944184 -0.00135148 0.999998 0.0178182 0.0637872 0.1841
FixedParameters: 0 0 0

#Transform 18
Transform: AffineTransform_float_3_3
Parameters: 0.999999 -0.000878168 0.000943915 0.000876833 0.999999 0.00123683 -0.000944085 -0.00123617 0.999999 0.0158777 0.0536875 0.153399
FixedParameters: 0 0 0

#Transform 19
Transform: AffineTransform_float_3_3
Parameters: 1 -0.000906914 0.000536146 0.000907086 0.999999 -0.000160514 -0.000535854 0.000161486 1 -0.0226866 0.048236 -0.0268005
FixedParameters: 0 0 0

#Transform 20
Transform: AffineTransform_float_3_3
Parameters: 1 0.000234946 -0.000275046 -0.000235054 1 -0.000194935 0.000274954 0.000195065 1 0.00504276 -0.00147839 0.0107982
FixedParameters: 0 0 0

#Transform 21
Transform: AffineTransform_float_3_3
Parameters: 1 0.000235424 -0.000424765 -0.000234576 1 0.000998101 0.000425234 -0.000997901 1 0.00975122 0.0527325 0.0527801
FixedParameters: 0 0 0

#Transform 22
Transform: AffineTransform_float_3_3
Parameters: 1 -0.000199825 0.000136257 0.000200175 0.999999 -0.00128697 -0.000135743 0.00128603 0.999999 0.0131409 0.124647 0.00722031
FixedParameters: 0 0 0

#Transform 23
Transform: AffineTransform_float_3_3
Parameters: 1 -0.000572008 0.000135964 0.000571991 1 6.30778e-05 -0.000136036 -6.29222e-05 1 0.00917701 0.103768 -0.0523015
FixedParameters: 0 0 0

#Transform 24
Transform: AffineTransform_float_3_3
Parameters: 1 -0.000631035 0.000135835 0.000630964 1 0.000262086 -0.000135165 -0.000261915 1 0.0110757 0.0948381 -0.10701
FixedParameters: 0 0 0

#Transform 25
Transform: AffineTransform_float_3_3
Parameters: 0.999999 -0.000844092 0.000417813 0.000843907 0.999999 0.000221353 -0.000418186 -0.000220647 1 0.00240291 0.0967719 -0.0701529
FixedParameters: 0 0 0

#Transform 26
Transform: AffineTransform_float_3_3
Parameters: 1 -0.00104713 0.000486728 0.00104687 1 0.00026051 -0.000487272 -0.00025949 1 0.0108918 0.106643 -0.0837668
FixedParameters: 0 0 0

#Transform 27
Transform: AffineTransform_float_3_3
Parameters: 0.999999 -0.00104727 0.000672581 0.00104673 1 0.000400704 -0.000672418 -0.000399296 0.999999 0.00510084 0.107667 -0.0845056
FixedParameters: 0 0 0

#Transform 28
Transform: AffineTransform_float_3_3
Parameters: 0.999999 -0.001047 0.000673005 0.001047 1 -4.29537e-06 -0.000672995 4.70463e-06 1 0.00511021 0.0875145 -0.101941
FixedParameters: 0 0 0

#Transform 29
Transform: AffineTransform_float_3_3
Parameters: 1 -0.000874239 0.00067269 0.000873762 0.999999 0.000354588 -0.00067231 -0.000354412 0.999999 0.00559383 0.0756496 -0.00867335
FixedParameters: 0 0 0

#Transform 30
Transform: AffineTransform_float_3_3
Parameters: 0.999999 -0.00104705 0.000718934 0.00104696 1 6.37528e-05 -0.000719066 -6.22472e-05 0.999999 0.0214724 0.0686106 -0.124285
FixedParameters: 0 0 0

#Transform 31
Transform: AffineTransform_float_3_3
Parameters: 1 -0.000834292 0.00073667 0.000833709 0.999999 0.000395614 -0.00073733 -0.000395385 0.999999 0.0206573 0.0812374 -0.0315897
FixedParameters: 0 0 0

#Transform 32
Transform: AffineTransform_float_3_3
Parameters: 1 -0.000542264 0.000442676 0.000541735 0.999999 0.00059824 -0.000443324 -0.000597759 0.999999 0.0132272 0.0640055 -0.0312838
FixedParameters: 0 0 0

#Transform 33
Transform: AffineTransform_float_3_3
Parameters: 1 -0.000259769 0.000373161 0.000260231 1 -0.000619903 -0.000372839 0.000620097 0.999999 0.0477186 0.049762 -0.0452229
FixedParameters: 0 0 0

#Transform 34
Transform: AffineTransform_float_3_3
Parameters: 1 -0.000485555 0.000295732 0.000486445 0.999998 -0.00150686 -0.000295267 0.00150714 0.999999 0.0550561 0.0743397 -0.0262452
FixedParameters: 0 0 0

#Transform 35
Transform: AffineTransform_float_3_3
Parameters: 1 -0.000485643 0.000295587 0.000486357 0.999999 -0.00120886 -0.000295413 0.00120814 0.999999 0.04963 0.0985888 -0.00690539
FixedParameters: 0 0 0

#Transform 36
Transform: AffineTransform_float_3_3
Parameters: 1 -0.000486056 0.000236886 0.000485944 1 0.000235115 -0.000237114 -0.000234885 1 0.0582892 0.0975222 0.0598082
FixedParameters: 0 0 0

#Transform 37
Transform: AffineTransform_float_3_3
Parameters: 0.999999 -0.00064805 0.00029489 0.00064795 1 0.000170191 -0.000295111 -0.000170809 1 0.0492584 0.0999408 0.0599096
FixedParameters: 0 0 0

#Transform 38
Transform: AffineTransform_float_3_3
Parameters: 1 -0.000636042 0.000294908 0.000635957 1 0.000145188 -0.000295092 -0.000144812 1 0.0492697 0.100677 0.0767258
FixedParameters: 0 0 0

#Transform 39
Transform: AffineTransform_float_3_3
Parameters: 1 -0.000486022 -0.000207948 0.000485978 1 -0.000106101 0.000208051 0.000105899 1 0.0652985 0.108114 0.09264
FixedParameters: 0 0 0

#Transform 40
Transform: AffineTransform_float_3_3
Parameters: 1 -0.000486007 -4.09213e-05 0.000485993 1 -0.00016202 4.10787e-05 0.00016198 1 0.0600641 0.109847 0.132926
FixedParameters: 0 0 0

#Transform 41
Transform: AffineTransform_float_3_3
Parameters: 0.999999 -0.000889021 -0.000207906 0.000888977 0.999999 -0.000106185 0.000208094 0.000105815 1 0.0643466 0.0982064 0.133176
FixedParameters: 0 0 0

#Transform 42
Transform: AffineTransform_float_3_3
Parameters: 0.999999 -0.000894379 -0.000382113 0.00089462 0.999999 -0.000992343 0.000382887 0.000991659 1 0.0264205 0.110722 0.114604
FixedParameters: 0 0 0

#Transform 43
Transform: AffineTransform_float_3_3
Parameters: 1 -0.00117316 -0.000207092 0.00117284 0.999999 -0.000774243 0.000207908 0.000773756 0.999999 0.0256963 0.104559 0.127939
FixedParameters: 0 0 0

#Transform 44
Transform: AffineTransform_float_3_3
Parameters: 0.999999 -0.000966884 -0.000208535 0.000967116 1 0.000553799 0.000208464 -0.000554202 1 0.0208309 0.0854006 0.158914
FixedParameters: 0 0 0

#Transform 45
Transform: AffineTransform_float_3_3
Parameters: 1 -0.000575511 -0.000871985 0.00057749 0.999999 0.0017085 0.000871015 -0.0017095 0.999998 0.0424692 0.072082 0.136625
FixedParameters: 0 0 0

#Transform 46
Transform: AffineTransform_float_3_3
Parameters: 0.999999 -0.00063013 -0.00112393 0.00062987 1 -0.000115708 0.00112407 0.000115292 1 0.0396026 0.0844585 0.163014
FixedParameters: 0 0 0

#Transform 47
Transform: AffineTransform_float_3_3
Parameters: 0.999999 -0.000282518 -0.000806168 0.000282482 1 0.000597772 0.00080583 -0.000598227 0.999999 0.0268331 0.0766758 0.305093
FixedParameters: 0 0 0

#Transform 48
Transform: AffineTransform_float_3_3
Parameters: 0.999999 -0.000282572 -0.000704171 0.000283428 1 0.0006078 0.000703827 -0.000608199 0.999999 0.0264614 0.102111 0.31446
FixedParameters: 0 0 0

#Transform 49
Transform: AffineTransform_float_3_3
Parameters: 1 -0.00081067 -0.000704379 0.000811329 0.999999 0.000467428 0.00070362 -0.00046857 0.999999 0.0364251 0.0982273 0.342934
FixedParameters: 0 0 0

#Transform 50
Transform: AffineTransform_float_3_3
Parameters: 1 -0.000863903 -0.000704119 0.000864097 0.999999 0.000137392 0.000703881 -0.000137608 0.999999 0.0274694 0.108612 0.343633
FixedParameters: 0 0 0

#Transform 51
Transform: AffineTransform_float_3_3
Parameters: 1 -0.000991087 -0.000703878 0.000990913 0.999999 -0.000123697 0.000703123 0.000123303 0.999999 0.0360534 0.116127 0.324345
FixedParameters: 0 0 0

#Transform 52
Transform: AffineTransform_float_3_3
Parameters: 0.999999 -0.00069053 -0.00113768 0.000690469 0.999999 -0.000466786 0.00113732 0.000465215 0.999999 0.0171804 0.0743731 0.27854
FixedParameters: 0 0 0

#Transform 53
Transform: AffineTransform_float_3_3
Parameters: 0.999998 -0.000691233 -0.00189455 0.00069077 1 -0.00065031 0.00189445 0.000649692 0.999998 0.0408137 0.032056 0.16561
FixedParameters: 0 0 0

#Transform 54
Transform: AffineTransform_float_3_3
Parameters: 0.999999 3.6319e-05 -0.00125496 -3.5681e-05 1 0.00105105 0.00125504 -0.00105096 0.999998 0.0223232 0.0848451 0.290438
FixedParameters: 0 0 0

#Transform 55
Transform: AffineTransform_float_3_3
Parameters: 1 4.00888e-05 -0.00103596 -3.89112e-05 1 0.00105104 0.00103604 -0.00105096 0.999999 0.0240376 0.13454 0.289794
FixedParameters: 0 0 0

#Transform 56
Transform: AffineTransform_float_3_3
Parameters: 0.999999 -7.29178e-05 -0.000708008 7.20821e-05 1 0.000115949 0.000707991 -0.000116052 0.999999 0.0238051 0.149267 0.291085
FixedParameters: 0 0 0

#Transform 57
Transform: AffineTransform_float_3_3
Parameters: 0.999999 0.000118327 -0.000889956 -0.000117674 1 0.000367105 0.000889042 -0.000366895 0.999999 0.0273837 0.149771 0.349029
FixedParameters: 0 0 0

#Transform 58
Transform: AffineTransform_float_3_3
Parameters: 0.999999 4.12389e-05 -0.000868988 -4.0761e-05 1 0.000275035 0.000869011 -0.000274964 0.999999 0.0263369 0.142351 0.349293
FixedParameters: 0 0 0

#Transform 59
Transform: AffineTransform_float_3_3
Parameters: 1 -0.000206808 -0.000630063 0.000207192 1 0.000304869 0.000630937 -0.00030513 1 0.0290764 0.135654 0.427507
FixedParameters: 0 0 0

#Transform 60
Transform: AffineTransform_float_3_3
Parameters: 1 4.0259e-05 -0.00112103 -4.0741e-05 1 -0.000660955 0.00112097 0.000661046 0.999999 0.0390533 0.145139 0.398376
FixedParameters: 0 0 0

#Transform 61
Transform: AffineTransform_float_3_3
Parameters: 0.999998 0.0003562 -0.00154195 -0.000355799 1 0.000130549 0.00154205 -0.000129451 0.999999 0.0381685 0.130415 0.351533
FixedParameters: 0 0 0

#Transform 62
Transform: AffineTransform_float_3_3
Parameters: 0.999999 0.000410942 -0.00130033 -0.000412056 0.999999 -0.000812464 0.00129967 0.000813534 0.999999 0.0459563 0.102607 0.244985
FixedParameters: 0 0 0

#Transform 63
Transform: AffineTransform_float_3_3
Parameters: 1 0.000246129 -0.00117697 -0.000245872 1 0.000109289 0.00117703 -0.00010971 1 0.0378777 0.1007 0.362349
FixedParameters: 0 0 0

#Transform 64
Transform: AffineTransform_float_3_3
Parameters: 0.999999 0.000294768 -0.00155104 -0.000295231 1 -0.000148542 0.00155096 0.000149457 0.999999 0.0499666 0.0845196 0.273878
FixedParameters: 0 0 0

#Transform 65
Transform: AffineTransform_float_3_3
Parameters: 1 0.000356075 -0.00107598 -0.000355925 1 7.0383e-05 0.00107603 -6.96169e-05 1 0.0380811 0.0992498 0.272173
FixedParameters: 0 0 0

#Transform 66
Transform: AffineTransform_float_3_3
Parameters: 1 0.000241773 -0.00107605 -0.000241227 1 -0.000210741 0.00107595 0.00021126 1 0.0308623 0.108249 0.272811
FixedParameters: 0 0 0

#Transform 67
Transform: AffineTransform_float_3_3
Parameters: 0.999999 4.05123e-05 -0.00127002 -4.04876e-05 1 -0.000383949 0.00126998 0.000384052 0.999999 0.0390036 0.0950114 0.292353
FixedParameters: 0 0 0

#Transform 68
Transform: AffineTransform_float_3_3
Parameters: 1 3.9867e-05 -0.00107604 -4.0133e-05 1 -0.00105296 0.00107596 0.00105304 0.999999 0.0359814 0.116967 0.293302
FixedParameters: 0 0 0

#Transform 69
Transform: AffineTransform_float_3_3
Parameters: 1 3.92105e-05 -0.00107607 -4.07893e-05 0.999998 -0.00166296 0.00107593 0.00166304 0.999998 0.0248091 0.121908 0.34761
FixedParameters: 0 0 0

#Transform 70
Transform: AffineTransform_float_3_3
Parameters: 1 0.000322223 -0.00107653 -0.000323777 0.999998 -0.00165065 0.00107647 0.00165135 0.999998 0.0195893 0.134854 0.347582
FixedParameters: 0 0 0

#Transform 71
Transform: AffineTransform_float_3_3
Parameters: 0.999998 0.000383293 -0.00159214 -0.000387708 0.999995 -0.00295639 0.00159186 0.00295761 0.999995 0.0099263 0.119015 0.254117
FixedParameters: 0 0 0

#Transform 72
Transform: AffineTransform_float_3_3
Parameters: 0.999997 2.89131e-05 -0.00236818 -4.00858e-05 0.999987 -0.00510392 0.00236783 0.00510408 0.999984 0.0164207 0.130532 0.321876
FixedParameters: 0 0 0

#Transform 73
Transform: AffineTransform_float_3_3
Parameters: 0.999997 0.000525797 -0.00212233 -0.000543207 0.999967 -0.00811286 0.00211866 0.00811413 0.999965 -0.0190798 0.137523 0.340277
FixedParameters: 0 0 0

#Transform 74
Transform: AffineTransform_float_3_3
Parameters: 0.999998 0.000839735 -0.00212814 -0.000865276 0.999929 -0.0118992 0.00211885 0.0119008 0.999927 -0.00631842 0.270432 0.441488
FixedParameters: 0 0 0

#Transform 75
Transform: AffineTransform_float_3_3
Parameters: 0.999999 0.000508827 -0.00168727 -0.000526169 0.999948 -0.0101921 0.00168172 0.0101939 0.999946 -0.00675936 0.267124 0.440035
FixedParameters: 0 0 0

#Transform 76
Transform: AffineTransform_float_3_3
Parameters: 0.999997 0.000417098 -0.00212201 -0.0004369 0.999956 -0.00938609 0.00211799 0.0093879 0.999953 -0.0013747 0.271238 0.531307
FixedParameters: 0 0 0

#Transform 77
Transform: AffineTransform_float_3_3
Parameters: 0.999997 0.000341101 -0.00212129 -0.000360903 0.999956 -0.00938625 0.0021187 0.00938774 0.999953 0.0192979 0.278522 0.623787
FixedParameters: 0 0 0

#Transform 78
Transform: AffineTransform_float_3_3
Parameters: 0.999997 0.000204759 -0.00211995 -0.000223241 0.999959 -0.00907955 0.00211806 0.00908046 0.999957 0.00995625 0.251723 0.526979
FixedParameters: 0 0 0

#Transform 79
Transform: AffineTransform_float_3_3
Parameters: 0.999999 0.000528036 -0.00170303 -0.000543962 0.999956 -0.00938609 0.00169797 0.00938791 0.999955 -0.0143906 0.236986 0.627631
FixedParameters: 0 0 0

#Transform 80
Transform: AffineTransform_float_3_3
Parameters: 0.999997 0.000349101 -0.00212137 -0.000368903 0.999956 -0.00938624 0.00211863 0.00938776 0.999953 -0.00498079 0.260062 0.696387
FixedParameters: 0 0 0

#Transform 81
Transform: AffineTransform_float_3_3
Parameters: 0.999997 0.000192062 -0.00254109 -0.000217946 0.999948 -0.0102105 0.00253991 0.0102115 0.999944 -0.00418499 0.261347 0.748135
FixedParameters: 0 0 0

#Transform 82
Transform: AffineTransform_float_3_3
Parameters: 0.999997 0.000180979 -0.00254099 -0.00020702 0.999947 -0.0102435 0.00253901 0.0102445 0.999945 -0.00432011 0.262217 0.76764
FixedParameters: 0 0 0

#Transform 83
Transform: AffineTransform_float_3_3
Parameters: 0.999997 0.000104205 -0.00237427 -0.000129794 0.999941 -0.0108677 0.00237273 0.0108673 0.999938 -0.00950555 0.261651 0.72508
FixedParameters: 0 0 0

#Transform 84
Transform: AffineTransform_float_3_3
Parameters: 0.999995 0.000598564 -0.00287828 -0.000628441 0.999948 -0.0102362 0.00287272 0.0102388 0.999944 0.00727633 0.240851 0.722091
FixedParameters: 0 0 0

#Transform 85
Transform: AffineTransform_float_3_3
Parameters: 0.999995 0.000593053 -0.0031398 -0.000627949 0.999937 -0.0111411 0.0031332 0.0111429 0.999933 0.0154547 0.234201 0.681063
FixedParameters: 0 0 0

#Transform 86
Transform: AffineTransform_float_3_3
Parameters: 0.999995 0.00054256 -0.00305413 -0.00057644 0.99994 -0.0109593 0.00304787 0.0109607 0.999936 -0.0234087 0.252536 0.65228
FixedParameters: 0 0 0

#Transform 87
Transform: AffineTransform_float_3_3
Parameters: 0.999996 0.000601645 -0.00252642 -0.000628362 0.999946 -0.0104445 0.00252057 0.0104456 0.999943 -0.0397737 0.260254 0.700721
FixedParameters: 0 0 0

#Transform 88
Transform: AffineTransform_float_3_3
Parameters: 0.999998 0.000607701 -0.00194645 -0.000628294 0.999946 -0.0104448 0.00193954 0.0104462 0.999943 -0.0575195 0.232163 0.614843
FixedParameters: 0 0 0

#Transform 89
Transform: AffineTransform_float_3_3
Parameters: 0.999997 0.000600329 -0.00265242 -0.000628679 0.999946 -0.0104444 0.00264658 0.0104456 0.999942 -0.0300712 0.253506 0.629744
FixedParameters: 0 0 0

#Transform 90
Transform: AffineTransform_float_3_3
Parameters: 0.999997 0.00060401 -0.00242211 -0.00062799 0.99995 -0.00991651 0.00241589 0.00991749 0.999948 -0.0429136 0.258798 0.679865
FixedParameters: 0 0 0

#Transform 91
Transform: AffineTransform_float_3_3
Parameters: 0.999996 0.00109436 -0.00284439 -0.00112164 0.999956 -0.00937986 0.0028346 0.00938315 0.999952 -0.0416729 0.235648 0.655001
FixedParameters: 0 0 0

#Transform 92
Transform: AffineTransform_float_3_3
Parameters: 0.999996 0.000929972 -0.00284797 -0.000957031 0.999955 -0.00950432 0.00283903 0.00950668 0.999951 -0.028955 0.228998 0.670016
FixedParameters: 0 0 0

#Transform 93
Transform: AffineTransform_float_3_3
Parameters: 0.999996 0.000575291 -0.00249658 -0.000598711 0.999954 -0.00950553 0.00249142 0.00950746 0.999951 -0.0408355 0.247469 0.716112
FixedParameters: 0 0 0

#Transform 94
Transform: AffineTransform_float_3_3
Parameters: 0.999996 0.000452521 -0.00284334 -0.000478475 0.999957 -0.00931869 0.00283867 0.00932033 0.999953 -0.0301307 0.245349 0.620185
FixedParameters: 0 0 0

#Transform 95
Transform: AffineTransform_float_3_3
Parameters: 0.999997 0.000516841 -0.00248337 -0.000542154 0.999948 -0.0101407 0.00247763 0.0101423 0.999946 -0.0411169 0.250054 0.644035
FixedParameters: 0 0 0

#Transform 96
Transform: AffineTransform_float_3_3
Parameters: 0.999998 -0.00037876 -0.00199706 0.000345225 0.999866 -0.0163787 0.00200392 0.0163783 0.999864 -0.0747723 0.338172 1.31888
FixedParameters: 0 0 0

#Transform 97
Transform: AffineTransform_float_3_3
Parameters: 0.999996 -0.000621619 -0.00277149 0.00055737 0.999737 -0.0228966 0.00278549 0.0228954 0.999734 -0.0823932 0.495005 1.67863
FixedParameters: 0 0 0

#Transform 98
Transform: AffineTransform_float_3_3
Parameters: 0.999996 -0.00109331 -0.0026982 0.00103067 0.999726 -0.0233539 0.00272381 0.0233511 0.999723 -0.12027 0.512136 1.67617
FixedParameters: 0 0 0

#Transform 99
Transform: AffineTransform_float_3_3
Parameters: 0.999996 -0.000833417 -0.00263909 0.000770586 0.999722 -0.0235641 0.0026579 0.0235619 0.999719 -0.110727 0.516569 1.72966
FixedParameters: 0 0 0

#Transform 100
Transform: AffineTransform_float_3_3
Parameters: 0.999995 -0.000462543 -0.00308474 0.00038745 0.999709 -0.0241223 0.00309525 0.0241207 0.999705 -0.106808 0.495771 1.62372
FixedParameters: 0 0 0

#Transform 101
Transform: AffineTransform_float_3_3
Parameters: 0.999999 -0.000929008 -0.00150519 0.000890996 0.999685 -0.0250584 0.00152781 0.0250566 0.999685 -0.16299 0.45625 1.33302
FixedParameters: 0 0 0

#Transform 102
Transform: AffineTransform_float_3_3
Parameters: 0.999997 -0.000347727 -0.00247832 0.000279282 0.999617 -0.0276778 0.00248668 0.0276772 0.999614 -0.138121 0.482272 1.21533
FixedParameters: 0 0 0

#Transform 103
Transform: AffineTransform_float_3_3
Parameters: 0.999995 -0.000651913 -0.0029064 0.000578097 0.999678 -0.0253598 0.0029216 0.0253582 0.999674 -0.138348 0.496231 1.71277
FixedParameters: 0 0 0

#Transform 104
Transform: AffineTransform_float_3_3
Parameters: 0.999994 -0.000401386 -0.00323315 0.000311593 0.999619 -0.0275991 0.00324383 0.0275988 0.999614 -0.143664 0.572563 1.78767
FixedParameters: 0 0 0

#Transform 105
Transform: AffineTransform_float_3_3
Parameters: 0.999999 0.000478375 -0.00173027 -0.000523618 0.999649 -0.0264651 0.00171674 0.0264659 0.999648 -0.200687 0.548767 1.66828
FixedParameters: 0 0 0

#Transform 106
Transform: AffineTransform_float_3_3
Parameters: 0.999999 0.00041655 -0.00148197 -0.00045745 0.999625 -0.0273994 0.00147002 0.0274007 0.999624 -0.200782 0.557176 1.6638
FixedParameters: 0 0 0

#Transform 107
Transform: AffineTransform_float_3_3
Parameters: 0.999999 0.000354513 -0.00150465 -0.000396469 0.999598 -0.0283314 0.00149337 0.0283316 0.999598 -0.194585 0.58636 1.65185
FixedParameters: 0 0 0

#Transform 108
Transform: AffineTransform_float_3_3
Parameters: 0.999999 0.000410005 -0.00140795 -0.000448996 0.999613 -0.0278084 0.00139605 0.0278096 0.999613 -0.204348 0.53009 1.50333
FixedParameters: 0 0 0

#Transform 109
Transform: AffineTransform_float_3_3
Parameters: 0.999998 0.000544995 -0.00156823 -0.000586998 0.999637 -0.0269101 0.00155276 0.0269109 0.999636 -0.19171 0.486204 1.4417
FixedParameters: 0 0 0

#Transform 110
Transform: AffineTransform_float_3_3
Parameters: 0.999997 0.000392202 -0.00234678 -0.000452804 0.999674 -0.025535 0.0023362 0.025536 0.999671 -0.168834 0.505586 1.76642
FixedParameters: 0 0 0

#Transform 111
Transform: AffineTransform_float_3_3
Parameters: 0.999994 0.00013838 -0.00326968 -0.00022263 0.999664 -0.0258944 0.00326533 0.0258946 0.99966 -0.120765 0.574138 2.12534
FixedParameters: 0 0 0

#Transform 112
Transform: AffineTransform_float_3_3
Parameters: 0.999988 0.000582903 -0.00487714 -0.000698117 0.99972 -0.0236309 0.00486286 0.0236341 0.999709 -0.102043 0.555907 2.25261
FixedParameters: 0 0 0

#Transform 113
Transform: AffineTransform_float_3_3
Parameters: 0.999983 0.00122003 -0.0057012 -0.00136596 0.999669 -0.0256696 0.0056678 0.0256773 0.999654 -0.0742411 0.538319 2.05447
FixedParameters: 0 0 0

#Transform 114
Transform: AffineTransform_float_3_3
Parameters: 0.999987 0.00151534 -0.0048348 -0.00163367 0.999695 -0.0246354 0.0047962 0.0246426 0.999685 -0.0763152 0.469133 1.6925
FixedParameters: 0 0 0

#Transform 115
Transform: AffineTransform_float_3_3
Parameters: 0.999985 0.0016779 -0.00521893 -0.0017791 0.999806 -0.01962 0.00518508 0.019629 0.999794 -0.0472089 0.326485 1.35478
FixedParameters: 0 0 0

#Transform 116
Transform: AffineTransform_float_3_3
Parameters: 0.999981 0.00208412 -0.00577061 -0.00216689 0.999894 -0.0143938 0.00574039 0.0144062 0.999879 -0.0169594 0.26524 1.4668
FixedParameters: 0 0 0

#Transform 117
Transform: AffineTransform_float_3_3
Parameters: 0.999985 0.00142425 -0.00538638 -0.00151674 0.99985 -0.0172541 0.00536062 0.0172629 0.999836 -0.0289828 0.383713 1.62249
FixedParameters: 0 0 0

#Transform 118
Transform: AffineTransform_float_3_3
Parameters: 0.999987 0.00117516 -0.00481912 -0.00126984 0.999804 -0.0197251 0.00479488 0.0197309 0.999794 -0.0471809 0.440682 1.66603
FixedParameters: 0 0 0

#Transform 119
Transform: AffineTransform_float_3_3
Parameters: 0.999986 0.001099 -0.00515691 -0.00121 0.999766 -0.0215711 0.00513209 0.0215769 0.999754 -0.0402983 0.477076 1.72306
FixedParameters: 0 0 0

#Transform 120
Transform: AffineTransform_float_3_3
Parameters: 0.999985 0.000430252 -0.00543422 -0.000553739 0.99974 -0.0227903 0.00542279 0.0227937 0.999726 -0.0399751 0.498767 1.75849
FixedParameters: 0 0 0

#Transform 121
Transform: AffineTransform_float_3_3
Parameters: 0.999987 0.00067803 -0.00506404 -0.000794971 0.999732 -0.0231323 0.00504696 0.0231357 0.99972 -0.0411645 0.4887 1.74897
FixedParameters: 0 0 0

#Transform 122
Transform: AffineTransform_float_3_3
Parameters: 0.999986 0.000633685 -0.00514323 -0.000746308 0.999757 -0.0220595 0.00512778 0.0220636 0.999744 -0.0397264 0.469489 1.88651
FixedParameters: 0 0 0

#Transform 123
Transform: AffineTransform_float_3_3
Parameters: 0.999986 0.000658598 -0.00512645 -0.000775393 0.999736 -0.0229333 0.00510956 0.0229367 0.999724 -0.0539875 0.481253 1.91198
FixedParameters: 0 0 0

#Transform 124
Transform: AffineTransform_float_3_3
Parameters: 0.999989 0.000915023 -0.00465 -0.00102498 0.999719 -0.0237035 0.004627 0.0237085 0.999708 -0.0803239 0.460516 1.7599
FixedParameters: 0 0 0

#Transform 125
Transform: AffineTransform_float_3_3
Parameters: 0.999986 0.00119278 -0.00513792 -0.00131522 0.999714 -0.0238496 0.00510808 0.0238564 0.999703 -0.071338 0.459247 1.70851
FixedParameters: 0 0 0

#Transform 126
Transform: AffineTransform_float_3_3
Parameters: 0.999983 0.000233988 -0.00571767 -0.000362021 0.999749 -0.0223983 0.00571132 0.0223997 0.999733 -0.0569367 0.470129 1.91286
FixedParameters: 0 0 0

#Transform 127
Transform: AffineTransform_float_3_3
Parameters: 0.999985 0.000604235 -0.00554668 -0.000734746 0.999726 -0.0234223 0.00553031 0.0234267 0.999711 -0.0622929 0.496076 2.10517
FixedParameters: 0 0 0

#Transform 128
Transform: AffineTransform_float_3_3
Parameters: 0.999988 0.000236163 -0.00486416 -0.00035386 0.999706 -0.0242396 0.00485785 0.0242404 0.999695 -0.0624059 0.483803 1.98736
FixedParameters: 0 0 0

#Transform 129
Transform: AffineTransform_float_3_3
Parameters: 0.999986 4.19373e-05 -0.00532258 -0.000171075 0.999706 -0.0242504 0.00532041 0.0242506 0.999692 -0.0588405 0.501021 1.98972
FixedParameters: 0 0 0

#Transform 130
Transform: AffineTransform_float_3_3
Parameters: 0.999986 0.000167929 -0.00526998 -0.00030207 0.999676 -0.0254498 0.00526402 0.0254512 0.999662 -0.0558173 0.485329 1.87121
FixedParameters: 0 0 0

#Transform 131
Transform: AffineTransform_float_3_3
Parameters: 0.99997 0.00136251 -0.00764362 -0.00155451 0.999683 -0.0251039 0.00760736 0.0251141 0.999655 -0.0148854 0.427096 1.66017
FixedParameters: 0 0 0

#Transform 132
Transform: AffineTransform_float_3_3
Parameters: 0.999964 0.00128562 -0.00845856 -0.00150139 0.999674 -0.0255062 0.00842344 0.0255178 0.999639 0.0261184 0.378853 1.71318
FixedParameters: 0 0 0

#Transform 133
Transform: AffineTransform_float_3_3
Parameters: 0.999948 0.00340391 -0.00962127 -0.00372908 0.999415 -0.0339749 0.00949973 0.0340091 0.999377 -0.0326008 0.583403 2.95246
FixedParameters: 0 0 0

#Transform 134
Transform: AffineTransform_float_3_3
Parameters: 0.999933 0.00350267 -0.0109709 -0.00399534 0.998966 -0.0452732 0.0108011 0.0453138 0.998915 -0.0279236 0.753352 3.00711
FixedParameters: 0 0 0

#Transform 135
Transform: AffineTransform_float_3_3
Parameters: 0.999954 0.003304 -0.00898894 -0.003684 0.999086 -0.0425908 0.00884006 0.0426222 0.999052 -0.112195 0.696394 2.56977
FixedParameters: 0 0 0

#Transform 136
Transform: AffineTransform_float_3_3
Parameters: 0.999969 0.00427216 -0.00662432 -0.00454083 0.999144 -0.0411142 0.00644269 0.0411428 0.999133 -0.201124 0.749163 2.50747
FixedParameters: 0 0 0

#Transform 137
Transform: AffineTransform_float_3_3
Parameters: 0.999977 0.00390124 -0.00558008 -0.0041258 0.999156 -0.0408519 0.00541693 0.0408741 0.999149 -0.208049 0.748874 2.49503
FixedParameters: 0 0 0

#Transform 138
Transform: AffineTransform_float_3_3
Parameters: 0.999986 0.00366101 -0.00393218 -0.00379099 0.999429 -0.0335776 0.00380683 0.0335914 0.999429 -0.237725 0.593308 2.27223
FixedParameters: 0 0 0

#Transform 139
Transform: AffineTransform_float_3_3
Parameters: 0.999986 0.00267115 -0.00445812 -0.00281284 0.99948 -0.0321209 0.00436988 0.0321331 0.999474 -0.208256 0.543202 2.01801
FixedParameters: 0 0 0

#Transform 140
Transform: AffineTransform_float_3_3
Parameters: 0.999987 0.00230416 -0.00469878 -0.00244684 0.999528 -0.0306229 0.00462623 0.0306341 0.99952 -0.200391 0.579298 2.23595
FixedParameters: 0 0 0

#Transform 141
Transform: AffineTransform_float_3_3
Parameters: 0.999989 0.00213488 -0.00434845 -0.0022691 0.999515 -0.0310745 0.00427954 0.0310845 0.999507 -0.20271 0.603658 2.29329
FixedParameters: 0 0 0

#Transform 142
Transform: AffineTransform_float_3_3
Parameters: 0.999986 0.00219799 -0.00476461 -0.00234699 0.999501 -0.0314983 0.00469239 0.0315088 0.999493 -0.196158 0.600514 2.32274
FixedParameters: 0 0 0

#Transform 143
Transform: AffineTransform_float_3_3
Parameters: 0.999985 0.00217728 -0.00499092 -0.00233073 0.999517 -0.0310058 0.00492109 0.0310162 0.999507 -0.174294 0.62241 2.38077
FixedParameters: 0 0 0

#Transform 144
Transform: AffineTransform_float_3_3
Parameters: 0.999988 0.00228667 -0.004474 -0.00242533 0.999505 -0.0313886 0.00440003 0.0313985 0.999498 -0.209494 0.63369 2.38589
FixedParameters: 0 0 0

#Transform 145
Transform: AffineTransform_float_3_3
Parameters: 0.999989 0.00225526 -0.00413307 -0.00238674 0.999488 -0.0319055 0.00405891 0.0319145 0.999483 -0.210904 0.617468 2.36253
FixedParameters: 0 0 0

#Transform 146
Transform: AffineTransform_float_3_3
Parameters: 0.999991 0.0022548 -0.00373663 -0.00237121 0.999505 -0.0313905 0.00366437 0.0313986 0.9995 -0.220002 0.583149 2.34066
FixedParameters: 0 0 0

#Transform 147
Transform: AffineTransform_float_3_3
Parameters: 0.999989 0.00199984 -0.00423394 -0.00212813 0.999533 -0.0304833 0.00417006 0.0304927 0.999527 -0.209092 0.597578 2.42483
FixedParameters: 0 0 0

#Transform 148
Transform: AffineTransform_float_3_3
Parameters: 0.999991 0.00216627 -0.00365814 -0.00227872 0.999513 -0.0310979 0.00358886 0.031106 0.999509 -0.226326 0.584182 2.32681
FixedParameters: 0 0 0

#Transform 149
Transform: AffineTransform_float_3_3
Parameters: 0.999991 0.00170516 -0.00387403 -0.00182284 0.99953 -0.0306202 0.00381997 0.0306268 0.999523 -0.222432 0.58442 2.36336
FixedParameters: 0 0 0

#Transform 150
Transform: AffineTransform_float_3_3
Parameters: 0.999992 0.00158908 -0.00350593 -0.00169892 0.9995 -0.0315753 0.00345407 0.0315817 0.999495 -0.227992 0.571515 2.38521
FixedParameters: 0 0 0

#Transform 151
Transform: AffineTransform_float_3_3
Parameters: 0.999991 0.001682 -0.00388228 -0.00180002 0.999531 -0.0305923 0.00382972 0.0305997 0.999525 -0.209699 0.571601 2.48219
FixedParameters: 0 0 0

#Transform 152
Transform: AffineTransform_float_3_3
Parameters: 0.99999 0.00156944 -0.00406048 -0.00169854 0.999483 -0.0321014 0.00400753 0.0321086 0.999477 -0.203895 0.575961 2.30645
FixedParameters: 0 0 0

#Transform 153
Transform: AffineTransform_float_3_3
Parameters: 0.99999 0.00194174 -0.0038698 -0.00206423 0.999491 -0.0318423 0.00380519 0.0318507 0.999486 -0.216799 0.593625 2.3352
FixedParameters: 0 0 0

#Transform 154
Transform: AffineTransform_float_3_3
Parameters: 0.999991 0.001453 -0.00402277 -0.00157901 0.999503 -0.0314989 0.00397523 0.0315051 0.999495 -0.226327 0.582411 2.3204
FixedParameters: 0 0 0

#Transform 155
Transform: AffineTransform_float_3_3
Parameters: 0.999992 0.00136894 -0.00380379 -0.00148507 0.999528 -0.0306786 0.00376021 0.0306844 0.999522 -0.212099 0.591569 2.33689
FixedParameters: 0 0 0

#Transform 156
Transform: AffineTransform_float_3_3
Parameters: 0.999992 0.00147322 -0.00371319 -0.00158778 0.999524 -0.0308284 0.00366579 0.0308337 0.999518 -0.221306 0.614001 2.33825
FixedParameters: 0 0 0

#Transform 157
Transform: AffineTransform_float_3_3
Parameters: 0.99999 0.00152807 -0.00405489 -0.00165193 0.999526 -0.0307376 0.00400611 0.0307434 0.99952 -0.234765 0.610035 2.3345
FixedParameters: 0 0 0

#Transform 158
Transform: AffineTransform_float_3_3
Parameters: 0.99999 0.0011615 -0.00433311 -0.00129149 0.999542 -0.0302357 0.00429591 0.0302413 0.999534 -0.207933 0.594759 2.3686
FixedParameters: 0 0 0

#Transform 159
Transform: AffineTransform_float_3_3
Parameters: 0.999989 0.0015727 -0.00453107 -0.0017183 0.999478 -0.0322446 0.00447792 0.0322514 0.999469 -0.221505 0.592946 2.26545
FixedParameters: 0 0 0

#Transform 160
Transform: AffineTransform_float_3_3
Parameters: 0.99999 0.00143712 -0.00435512 -0.00156987 0.999528 -0.0306625 0.00430889 0.0306695 0.999521 -0.220917 0.580767 2.38523
FixedParameters: 0 0 0

#Transform 161
Transform: AffineTransform_float_3_3
Parameters: 0.999987 0.0019886 -0.00456166 -0.00213541 0.999476 -0.0323167 0.00449533 0.0323254 0.999468 -0.218103 0.580999 2.29807
FixedParameters: 0 0 0

#Transform 162
Transform: AffineTransform_float_3_3
Parameters: 0.999982 0.00430785 -0.00400462 -0.00438513 0.999801 -0.0194598 0.00391937 0.0194772 0.999802 -0.181921 0.227778 1.7235
FixedParameters: 0 0 0

#Transform 163
Transform: AffineTransform_float_3_3
Parameters: 0.999965 0.00376057 -0.00737612 -0.00388045 0.999861 -0.0162449 0.00731487 0.0162731 0.999841 -0.0690959 0.226145 1.88826
FixedParameters: 0 0 0

#Transform 164
Transform: AffineTransform_float_3_3
Parameters: 0.999989 0.00169459 -0.00451875 -0.00180139 0.999714 -0.0238721 0.00447627 0.0238799 0.999705 -0.124226 0.484542 2.4191
FixedParameters: 0 0 0

#Transform 165
Transform: AffineTransform_float_3_3
Parameters: 0.999998 0.00187463 0.000691992 -0.00185737 0.999695 -0.0246553 -0.000738016 0.0246537 0.999696 -0.181559 0.49259 2.30582
FixedParameters: 0 0 0

#Transform 166
Transform: AffineTransform_float_3_3
Parameters: 0.999997 0.00109148 -0.00212589 -0.00114552 0.999666 -0.0258147 0.00209713 0.0258174 0.999665 -0.152645 0.555471 2.37701
FixedParameters: 0 0 0

#Transform 167
Transform: AffineTransform_float_3_3
Parameters: 0.999989 0.00166034 -0.00421907 -0.00177966 0.999591 -0.0285188 0.00416994 0.0285252 0.999585 -0.13356 0.599824 2.38225
FixedParameters: 0 0 0

#Transform 168
Transform: AffineTransform_float_3_3
Parameters: 0.999993 0.00139983 -0.00365207 -0.00150517 0.99958 -0.0289567 0.00360993 0.0289623 0.999574 -0.136953 0.582643 2.27901
FixedParameters: 0 0 0

#Transform 169
Transform: AffineTransform_float_3_3
Parameters: 0.999992 0.00110648 -0.00364603 -0.00120952 0.999592 -0.0285138 0.00361298 0.0285172 0.999587 -0.137887 0.568872 2.27242
FixedParameters: 0 0 0

#Transform 170
Transform: AffineTransform_float_3_3
Parameters: 0.999991 0.00114627 -0.00393083 -0.00124374 0.999688 -0.0249513 0.00390118 0.0249557 0.999681 -0.147655 0.566393 2.34717
FixedParameters: 0 0 0

#Transform 171
Transform: AffineTransform_float_3_3
Parameters: 0.999992 0.000429683 -0.00379397 -0.000494319 0.999852 -0.0172323 0.00378604 0.0172338 0.999845 -0.102773 0.392755 2.62666
FixedParameters: 0 0 0

#Transform 172
Transform: AffineTransform_float_3_3
Parameters: 0.99999 0.000980247 -0.00435488 -0.00103974 0.999905 -0.0137396 0.00434012 0.0137444 0.999896 -0.144952 0.364321 2.65134
FixedParameters: 0 0 0

#Transform 173
Transform: AffineTransform_float_3_3
Parameters: 0.999992 0.000788895 -0.00376002 -0.000853103 0.999854 -0.0170779 0.00374597 0.0170811 0.999847 -0.136695 0.448385 2.65297
FixedParameters: 0 0 0

#Transform 174
Transform: AffineTransform_float_3_3
Parameters: 0.999997 0.00183897 -0.00146289 -0.00184604 0.999986 -0.00482231 0.00145411 0.00482469 0.999988 -0.178194 0.144525 2.84085
FixedParameters: 0 0 0

#Transform 175
Transform: AffineTransform_float_3_3
Parameters: 0.999994 0.0020523 -0.00272737 -0.00206571 0.999985 -0.00503139 0.00271764 0.00503661 0.999983 -0.127274 0.245707 2.77577
FixedParameters: 0 0 0

#Transform 176
Transform: AffineTransform_float_3_3
Parameters: 0.999994 0.000337709 -0.0035152 -0.000388291 0.999898 -0.0143167 0.0035098 0.0143173 0.999892 -0.113324 0.265889 2.69588
FixedParameters: 0 0 0

#Transform 177
Transform: AffineTransform_float_3_3
Parameters: 0.999998 0.000316593 -0.00220857 -0.000347414 0.999905 -0.0137813 0.00220442 0.0137817 0.999902 -0.0871478 0.284923 2.69141
FixedParameters: 0 0 0

#Transform 178
Transform: AffineTransform_float_3_3
Parameters: 0.999999 0.000406453 -0.00177456 -0.000429551 0.999911 -0.0132883 0.00176945 0.0132897 0.99991 -0.0502636 0.297352 2.71611
FixedParameters: 0 0 0

#Transform 179
Transform: AffineTransform_float_3_3
Parameters: 1 0.000442163 -0.00112138 -0.000458832 0.999899 -0.0141625 0.00111461 0.0141625 0.999899 -0.0590184 0.29719 2.70248
FixedParameters: 0 0 0
