#Insight Transform File V1.0
#Transform 0
Transform: AffineTransform_float_3_3
Parameters: 0.999999 8.0536e-05 0.00136515 -8.24637e-05 0.999999 0.00180489 -0.00136485 -0.00180511 0.999998 -0.00279248 -0.0742022 0.103273
FixedParameters: 0 0 0

#Transform 1
Transform: AffineTransform_float_3_3
Parameters: 0.999999 0.000384178 0.00126456 -0.000385822 0.999999 0.00144051 -0.00126445 -0.00144149 0.999998 0.00112691 -0.0828708 0.120035
FixedParameters: 0 0 0

#Transform 2
Transform: AffineTransform_float_3_3
Parameters: 0.999999 0.000350392 0.00126445 -0.00035161 0.999999 0.00127256 -0.00126455 -0.00127244 0.999999 0.0194244 -0.0828555 0.0569944
FixedParameters: 0 0 0

#Transform 3
Transform: AffineTransform_float_3_3
Parameters: 0.999999 0.000401106 0.00126428 -0.000401895 0.999999 0.000707492 -0.00126472 -0.000707508 0.999999 0.0151705 -0.0591061 0.0948452
FixedParameters: 0 0 0

#Transform 4
Transform: AffineTransform_float_3_3
Parameters: 0.999999 0.00078892 0.00126467 -0.000790081 1 0.000854002 -0.00126432 -0.000854999 0.999999 0.0108658 -0.0554784 0.108299
FixedParameters: 0 0 0

#Transform 5
Transform: AffineTransform_float_3_3
Parameters: 0.999998 0.000788878 0.00142862 -0.000790122 1 0.000784872 -0.00142838 -0.000786128 0.999998 0.0172487 -0.0613267 0.126514
FixedParameters: 0 0 0

#Transform 6
Transform: AffineTransform_float_3_3
Parameters: 0.999999 0.000363457 0.00135415 -0.000364543 1 0.000400507 -0.00135385 -0.000401492 0.999999 0.0189133 -0.0492528 0.127222
FixedParameters: 0 0 0

#Transform 7
Transform: AffineTransform_float_3_3
Parameters: 0.999999 -0.00036943 0.000771794 0.00036857 1 0.000557284 -0.000772205 -0.000556715 0.999999 0.028607 -0.0550522 0.00858137
FixedParameters: 0 0 0

#Transform 8
Transform: AffineTransform_float_3_3
Parameters: 1 -0.000108116 0.000511975 0.000107884 1 0.000227055 -0.000512024 -0.000226945 1 0.0198839 -0.0227398 0.0284846
FixedParameters: 0 0 0

#Transform 9
Transform: AffineTransform_float_3_3
Parameters: 1 -0.000150997 0.000120003 0.000151003 1 -2.09819e-05 -0.000119997 2.10181e-05 1 0.0434168 -0.0463328 -0.0576738
FixedParameters: 0 0 0

#Transform 10
Transform: AffineTransform_float_3_3
Parameters: 1 -0.000330048 0.000119868 0.000329952 1 0.000401039 -0.000120132 -0.00040096 1 0.0230202 -0.0422433 -0.0368625
FixedParameters: 0 0 0

#Transform 11
Transform: AffineTransform_float_3_3
Parameters: 1 -0.000380048 0.000119848 0.000379952 1 0.000401045 -0.000120152 -0.000400954 1 0.0157058 -0.0186078 0.0160549
FixedParameters: 0 0 0

#Transform 12
Transform: AffineTransform_float_3_3
Parameters: 1 -0.000380033 0.000119896 0.000379967 1 0.000273046 -0.000120104 -0.000272954 1 0.0263284 -0.0404937 -0.0145552
FixedParameters: 0 0 0

#Transform 13
Transform: AffineTransform_float_3_3
Parameters: 1 -1.70481e-05 0.000119993 1.69519e-05 1 0.000401002 -0.000120007 -0.000400998 1 0.0270164 -0.0322046 -0.002947
FixedParameters: 0 0 0

#Transform 14
Transform: AffineTransform_float_3_3
Parameters: 0.999999 3.02903e-05 -0.000723987 -2.97097e-05 1 0.000401021 0.000724012 -0.000400978 0.999999 -0.0306021 -0.023191 0.0132348
FixedParameters: 0 0 0

#Transform 15
Transform: AffineTransform_float_3_3
Parameters: 1 4.30904e-05 -0.000339988 -4.29096e-05 1 0.000266015 0.000340011 -0.000265985 1 -0.00808738 -0.0225665 0.00653746
FixedParameters: 0 0 0

#Transform 16
Transform: AffineTransform_float_3_3
Parameters: 1 -0.000281736 -0.000340218 0.000282263 0.999999 0.000774904 0.000339781 -0.000775095 0.999999 -0.00573445 -0.0403503 -0.013377
FixedParameters: 0 0 0

#Transform 17
Transform: AffineTransform_float_3_3
Parameters: 1 4.30587e-05 -0.000105976 -4.29413e-05 1 0.000554004 0.000106024 -0.000553995 1 -0.00315637 -0.0360266 0.00614825
FixedParameters: 0 0 0

#Transform 18
Transform: AffineTransform_float_3_3
Parameters: 1 4.30836e-05 -0.000339989 -4.29164e-05 1 0.000246015 0.000340011 -0.000245985 1 0.0105047 -0.0179332 -0.0106571
FixedParameters: 0 0 0

#Transform 19
Transform: AffineTransform_float_3_3
Parameters: 1 4.29623e-05 -0.000340005 -4.30377e-05 1 -0.000110985 0.000339995 0.000111015 1 0.0105292 -0.0130236 -0.0409603
FixedParameters: 0 0 0

#Transform 20
Transform: AffineTransform_float_3_3
Parameters: 1 4.30105e-05 -0.000249998 -4.29895e-05 1 4.20107e-05 0.000250002 -4.19892e-05 1 0.00765411 -0.000758291 -0.00222958
FixedParameters: 0 0 0

#Transform 21
Transform: AffineTransform_float_3_3
Parameters: 1 4.3019e-05 -7.89896e-05 -4.2981e-05 1 0.000241003 7.90104e-05 -0.000240997 1 0.00210173 -0.00715946 0.0067001
FixedParameters: 0 0 0

#Transform 22
Transform: AffineTransform_float_3_3
Parameters: 1 4.29755e-05 0.000171006 -4.30245e-05 1 0.000142993 -0.000170994 -0.000143007 1 -0.00602735 -0.0323412 -0.00201291
FixedParameters: 0 0 0

#Transform 23
Transform: AffineTransform_float_3_3
Parameters: 1 4.29935e-05 -0.000340001 -4.30065e-05 1 -1.89854e-05 0.000339999 1.90146e-05 1 -0.00611095 -0.0214655 0.0642154
FixedParameters: 0 0 0

#Transform 24
Transform: AffineTransform_float_3_3
Parameters: 1 4.29937e-05 9.20029e-05 -4.30063e-05 1 6.7996e-05 -9.19971e-05 -6.8004e-05 1 -0.0201099 -0.0139519 0.0233849
FixedParameters: 0 0 0

#Transform 25
Transform: AffineTransform_float_3_3
Parameters: 1 4.29966e-05 -0.000180001 -4.30034e-05 1 -1.89923e-05 0.000179999 1.90077e-05 1 -0.0112831 -0.0330542 0.00862551
FixedParameters: 0 0 0

#Transform 26
Transform: AffineTransform_float_3_3
Parameters: 1 -3.1288e-05 -0.000339973 3.0712e-05 0.999999 -0.00084701 0.000340026 0.000846989 0.999999 0.0150257 -0.0167121 0.0248797
FixedParameters: 0 0 0

#Transform 27
Transform: AffineTransform_float_3_3
Parameters: 1 4.27773e-05 -0.000340028 -4.32227e-05 1 -0.000654985 0.000339972 0.000655014 0.999999 0.0162626 -0.0274719 -0.00584812
FixedParameters: 0 0 0

#Transform 28
Transform: AffineTransform_float_3_3
Parameters: 1 -0.000288124 -0.000188811 0.000287876 0.999999 -0.000655054 0.000189189 0.000654945 1 0.0107013 -0.0228494 -0.00227467
FixedParameters: 0 0 0

#Transform 29
Transform: AffineTransform_float_3_3
Parameters: 1 -0.000221126 -0.00021487 0.000220873 1 -0.000588047 0.00021513 0.000587952 1 -0.00221898 -0.0175167 0.0245452
FixedParameters: 0 0 0

#Transform 30
Transform: AffineTransform_float_3_3
Parameters: 0.999999 0.000376611 -0.000848172 -0.000376388 1 -0.000457681 0.000847827 0.000458319 0.999999 -0.0643963 -0.0335108 0.0181164
FixedParameters: 0 0 0

#Transform 31
Transform: AffineTransform_float_3_3
Parameters: 1 4.27042e-05 -0.000340037 -4.32958e-05 0.999999 -0.000869985 0.000339962 0.000870014 0.999999 -0.0140936 -0.0204779 0.0249858
FixedParameters: 0 0 0

#Transform 32
Transform: AffineTransform_float_3_3
Parameters: 1 4.21532e-05 -0.000661054 -4.28467e-05 0.999999 -0.00128097 0.000660945 0.00128103 0.999999 -0.0165211 0.000275543 0.019137
FixedParameters: 0 0 0

#Transform 33
Transform: AffineTransform_float_3_3
Parameters: 1 4.25644e-05 -0.000340055 -4.34355e-05 0.999999 -0.00128099 0.000339945 0.00128101 0.999999 0.0253412 0.0164876 -0.0108047
FixedParameters: 0 0 0

#Transform 34
Transform: AffineTransform_float_3_3
Parameters: 1 -0.000124435 -0.000339841 0.000123566 0.999999 -0.00128104 0.000339159 0.00128096 0.999999 0.0250495 0.0163606 0.0169735
FixedParameters: 0 0 0

#Transform 35
Transform: AffineTransform_float_3_3
Parameters: 1 4.25644e-05 -0.000340055 -4.34355e-05 0.999999 -0.00128099 0.000339945 0.00128101 0.999999 0.0253287 0.0164407 0.0258203
FixedParameters: 0 0 0

#Transform 36
Transform: AffineTransform_float_3_3
Parameters: 1 4.27348e-05 -0.000223051 -4.32651e-05 1 -0.00118899 0.000222949 0.00118901 1 0.021549 -0.00708168 -0.00443917
FixedParameters: 0 0 0

#Transform 37
Transform: AffineTransform_float_3_3
Parameters: 1 4.25995e-05 -0.00034005 -4.34005e-05 1 -0.00117799 0.000339949 0.00117802 0.999999 0.0253208 -0.00213383 0.017524
FixedParameters: 0 0 0

#Transform 38
Transform: AffineTransform_float_3_3
Parameters: 1 -0.000290914 3.96357e-05 0.000291087 0.999997 -0.00218499 -3.93641e-05 0.00218501 0.999997 0.00544495 0.0132877 -0.0130156
FixedParameters: 0 0 0

#Transform 39
Transform: AffineTransform_float_3_3
Parameters: 1 4.25492e-05 -0.00017511 -4.2453e-05 0.999996 -0.00257499 0.000175891 0.00257501 0.999996 0.0200683 0.029766 -0.0361009
FixedParameters: 0 0 0

#Transform 40
Transform: AffineTransform_float_3_3
Parameters: 1 -0.000292389 -0.000156275 0.000292612 0.999997 -0.00248205 0.000156727 0.00248195 0.999997 0.0154704 0.0358316 -0.0353353
FixedParameters: 0 0 0

#Transform 41
Transform: AffineTransform_float_3_3
Parameters: 1 4.21342e-05 -0.000340108 -4.28655e-05 0.999997 -0.00254598 0.000339892 0.00254601 0.999996 0.0357027 0.0381455 -0.0125644
FixedParameters: 0 0 0

#Transform 42
Transform: AffineTransform_float_3_3
Parameters: 1 4.21083e-05 -0.000340112 -4.28913e-05 0.999996 -0.00262199 0.000339889 0.00262201 0.999997 0.0357093 0.0274615 -0.030268
FixedParameters: 0 0 0

#Transform 43
Transform: AffineTransform_float_3_3
Parameters: 1 4.20764e-05 -0.000340116 -4.29233e-05 0.999997 -0.00271599 0.000339885 0.00271602 0.999997 0.035721 0.043654 -0.0333455
FixedParameters: 0 0 0

#Transform 44
Transform: AffineTransform_float_3_3
Parameters: 1 -0.000372311 -0.000108941 0.000371688 0.999996 -0.00284504 0.000110058 0.00284496 0.999996 0.0274062 0.047386 0.0160046
FixedParameters: 0 0 0

#Transform 45
Transform: AffineTransform_float_3_3
Parameters: 1 4.24938e-05 -0.000161134 -4.25058e-05 0.999995 -0.00314299 0.000160867 0.00314301 0.999995 0.0299776 0.0324844 -0.0308755
FixedParameters: 0 0 0

#Transform 46
Transform: AffineTransform_float_3_3
Parameters: 1 4.28422e-05 -6.7101e-05 -4.31575e-05 0.999997 -0.002353 6.68987e-05 0.002353 0.999997 0.0199671 0.0295638 0.0130231
FixedParameters: 0 0 0

#Transform 47
Transform: AffineTransform_float_3_3
Parameters: 1 4.23063e-05 -0.000340087 -4.26935e-05 0.999998 -0.00203999 0.000339914 0.00204001 0.999998 0.0113543 0.0213832 0.0834913
FixedParameters: 0 0 0

#Transform 48
Transform: AffineTransform_float_3_3
Parameters: 0.999999 -0.000237467 -0.000754539 0.000236532 0.999998 -0.00194418 0.000755461 0.00194382 0.999998 0.0146426 0.0181412 0.0441694
FixedParameters: 0 0 0

#Transform 49
Transform: AffineTransform_float_3_3
Parameters: 0.999999 -0.000370563 -0.000857325 0.000369437 0.999999 -0.00182332 0.000857674 0.00182268 0.999998 0.00297076 0.0333333 0.119229
FixedParameters: 0 0 0

#Transform 50
Transform: AffineTransform_float_3_3
Parameters: 0.999999 -0.000379746 -0.000857228 0.000378255 0.999998 -0.00203532 0.000857771 0.00203567 0.999997 0.0255671 0.0246323 0.0724856
FixedParameters: 0 0 0

#Transform 51
Transform: AffineTransform_float_3_3
Parameters: 0.999999 -0.000414631 -0.000857213 0.00041337 0.999998 -0.00190136 0.000857787 0.00190165 0.999998 0.0254248 0.0340773 0.119347
FixedParameters: 0 0 0

#Transform 52
Transform: AffineTransform_float_3_3
Parameters: 0.999999 -0.000413906 -0.00076451 0.000413095 0.999999 -0.00118432 0.00076449 0.00118468 0.999999 -0.0170666 -0.00645006 -0.0446721
FixedParameters: 0 0 0

#Transform 53
Transform: AffineTransform_float_3_3
Parameters: 0.999998 -0.000828884 -0.00176659 0.000828117 0.999999 -0.000500464 0.00176642 0.000499537 0.999999 0.0169351 -0.0247316 -0.238893
FixedParameters: 0 0 0

#Transform 54
Transform: AffineTransform_float_3_3
Parameters: 0.999999 -0.000337948 -0.00148678 0.000337052 0.999999 -0.000637502 0.00148721 0.000637498 0.999998 -0.00313608 0.0259941 -0.105363
FixedParameters: 0 0 0

#Transform 55
Transform: AffineTransform_float_3_3
Parameters: 0.999999 -0.000165142 -0.0017498 0.000162858 0.999999 -0.00122429 0.0017502 0.00122371 0.999997 0.00233722 0.0255951 -0.284593
FixedParameters: 0 0 0

#Transform 56
Transform: AffineTransform_float_3_3
Parameters: 0.999998 -0.000264278 -0.00185968 0.000262723 0.999999 -0.00122449 0.00186032 0.00122451 0.999998 0.00439013 0.0640794 -0.285997
FixedParameters: 0 0 0

#Transform 57
Transform: AffineTransform_float_3_3
Parameters: 0.999998 -0.000165361 -0.0019288 0.000162639 0.999999 -0.00122432 0.0019292 0.00122368 0.999998 0.00684329 0.0640733 -0.307805
FixedParameters: 0 0 0

#Transform 58
Transform: AffineTransform_float_3_3
Parameters: 0.999998 -0.000165361 -0.0019288 0.000162639 0.999999 -0.00122432 0.0019292 0.00122368 0.999998 0.0228453 0.0640436 -0.281349
FixedParameters: 0 0 0

#Transform 59
Transform: AffineTransform_float_3_3
Parameters: 0.999998 0.000139319 -0.00226923 -0.000143684 0.999998 -0.00162268 0.00226977 0.00162232 0.999996 0.018612 0.0258221 -0.3117
FixedParameters: 0 0 0

#Transform 60
Transform: AffineTransform_float_3_3
Parameters: 0.999998 0.000337119 -0.00192933 -0.00033888 1 -0.000974348 0.00192867 0.000975652 0.999997 0.00771328 0.0221378 -0.233682
FixedParameters: 0 0 0

#Transform 61
Transform: AffineTransform_float_3_3
Parameters: 0.999998 0.000406974 -0.00158778 -0.000410027 0.999998 -0.00190635 0.00158722 0.00190665 0.999997 0.0365397 0.052394 -0.22085
FixedParameters: 0 0 0

#Transform 62
Transform: AffineTransform_float_3_3
Parameters: 0.999999 0.000244807 -0.0013146 -0.000248192 0.999997 -0.00242968 0.0013134 0.00242932 0.999996 0.0316259 0.0692351 -0.219475
FixedParameters: 0 0 0

#Transform 63
Transform: AffineTransform_float_3_3
Parameters: 0.999999 -0.000288719 -0.00149629 0.00028528 0.999997 -0.00248443 0.00149771 0.00248457 0.999996 0.0612219 0.070613 -0.2195
FixedParameters: 0 0 0

#Transform 64
Transform: AffineTransform_float_3_3
Parameters: 0.999999 -0.0001758 -0.00181754 0.000170198 0.999996 -0.00264131 0.00181846 0.00264068 0.999995 0.0720763 0.0380998 -0.254329
FixedParameters: 0 0 0

#Transform 65
Transform: AffineTransform_float_3_3
Parameters: 0.999999 -0.00099909 -0.000933769 0.00099691 0.999997 -0.00223593 0.000936231 0.00223507 0.999997 0.065914 0.0610105 -0.209325
FixedParameters: 0 0 0

#Transform 66
Transform: AffineTransform_float_3_3
Parameters: 0.999999 -0.00169347 -0.000709134 0.00169053 0.999992 -0.0034672 0.000714864 0.00346579 0.999993 0.0574697 0.0676261 -0.285678
FixedParameters: 0 0 0

#Transform 67
Transform: AffineTransform_float_3_3
Parameters: 0.999998 -0.00169408 -0.000875074 0.00169093 0.999993 -0.00350249 0.000880928 0.00350152 0.999994 0.0628196 0.0687393 -0.283954
FixedParameters: 0 0 0

#Transform 68
Transform: AffineTransform_float_3_3
Parameters: 0.999998 -0.0015932 -0.0011941 0.0015878 0.99999 -0.00434191 0.0012019 0.00434009 0.99999 0.0733975 0.0961348 -0.297938
FixedParameters: 0 0 0

#Transform 69
Transform: AffineTransform_float_3_3
Parameters: 0.999997 -0.001698 -0.00134319 0.00169099 0.999985 -0.00519728 0.0013528 0.00519471 0.999985 0.078139 0.103181 -0.432943
FixedParameters: 0 0 0

#Transform 70
Transform: AffineTransform_float_3_3
Parameters: 0.999996 -0.0021167 -0.0017604 0.0021063 0.999982 -0.00549373 0.0017716 0.00549027 0.999984 0.0995641 0.0810729 -0.445427
FixedParameters: 0 0 0

#Transform 71
Transform: AffineTransform_float_3_3
Parameters: 0.999996 -0.00199707 -0.00169839 0.00198793 0.999984 -0.0053264 0.00170861 0.00532261 0.999985 0.109031 0.0881921 -0.385945
FixedParameters: 0 0 0

#Transform 72
Transform: AffineTransform_float_3_3
Parameters: 0.999998 -0.00148786 -0.0017654 0.00148014 0.999989 -0.00444662 0.0017716 0.00444437 0.999988 0.0759416 0.097611 -0.263208
FixedParameters: 0 0 0

#Transform 73
Transform: AffineTransform_float_3_3
Parameters: 0.999998 -0.00152706 -0.00176334 0.00151695 0.999982 -0.00568969 0.00177166 0.00568731 0.999983 0.0760953 0.0940613 -0.392153
FixedParameters: 0 0 0

#Transform 74
Transform: AffineTransform_float_3_3
Parameters: 0.999997 -0.00142853 -0.00167476 0.00142046 0.999986 -0.00508539 0.00168224 0.00508261 0.999985 0.073184 0.0959401 -0.296196
FixedParameters: 0 0 0

#Transform 75
Transform: AffineTransform_float_3_3
Parameters: 0.999998 -0.00132174 -0.00178583 0.00131226 0.999985 -0.00544536 0.00179317 0.00544364 0.999983 0.0773477 0.0973201 -0.403958
FixedParameters: 0 0 0

#Transform 76
Transform: AffineTransform_float_3_3
Parameters: 0.999998 -0.00143014 -0.00173972 0.00141986 0.999982 -0.00581348 0.00174828 0.00581051 0.999981 0.0756543 0.0981386 -0.426522
FixedParameters: 0 0 0

#Transform 77
Transform: AffineTransform_float_3_3
Parameters: 0.999998 -0.00142827 -0.0015464 0.00142072 0.999984 -0.00533821 0.0015546 0.00533679 0.999984 0.0691099 0.114516 -0.328805
FixedParameters: 0 0 0

#Transform 78
Transform: AffineTransform_float_3_3
Parameters: 0.999999 -0.00100377 -0.00120539 0.000997229 0.999984 -0.00560621 0.00121061 0.00560479 0.999984 0.058756 0.108349 -0.232325
FixedParameters: 0 0 0

#Transform 79
Transform: AffineTransform_float_3_3
Parameters: 0.999999 -0.000930093 -0.00107978 0.000923905 0.999983 -0.00563 0.00108522 0.00562899 0.999983 0.0548888 0.102931 -0.243895
FixedParameters: 0 0 0

#Transform 80
Transform: AffineTransform_float_3_3
Parameters: 0.999996 -0.000942221 -0.00262152 0.000924778 0.999976 -0.00694246 0.00262848 0.00694056 0.999973 0.0391061 0.151674 -0.381185
FixedParameters: 0 0 0

#Transform 81
Transform: AffineTransform_float_3_3
Parameters: 0.999996 5.71968e-05 -0.00282553 -7.97986e-05 0.99997 -0.00771681 0.00282447 0.0077172 0.999966 -0.0182765 0.173573 -0.341131
FixedParameters: 0 0 0

#Transform 82
Transform: AffineTransform_float_3_3
Parameters: 0.999996 -0.00123505 -0.00263678 0.00121295 0.999965 -0.00834823 0.00264721 0.00834477 0.999961 0.0745479 0.182999 -0.40077
FixedParameters: 0 0 0

#Transform 83
Transform: AffineTransform_float_3_3
Parameters: 0.999996 -0.000941677 -0.00245981 0.00091932 0.999961 -0.00879929 0.00246818 0.00879671 0.999959 0.0765001 0.181112 -0.463977
FixedParameters: 0 0 0

#Transform 84
Transform: AffineTransform_float_3_3
Parameters: 0.999998 -0.000938787 -0.00210171 0.000919211 0.99996 -0.00892195 0.00211029 0.00892004 0.999958 0.0914911 0.184851 -0.396087
FixedParameters: 0 0 0

#Transform 85
Transform: AffineTransform_float_3_3
Parameters: 0.999996 -0.000944362 -0.00261634 0.000919634 0.999957 -0.00929645 0.00262566 0.00929456 0.999954 0.0869748 0.166844 -0.540787
FixedParameters: 0 0 0

#Transform 86
Transform: AffineTransform_float_3_3
Parameters: 0.999996 -0.000944845 -0.00257301 0.000920155 0.999953 -0.00964041 0.00258199 0.0096376 0.99995 0.0826408 0.199921 -0.464154
FixedParameters: 0 0 0

#Transform 87
Transform: AffineTransform_float_3_3
Parameters: 0.999996 -0.000944806 -0.00246363 0.000919201 0.999949 -0.0100503 0.00247236 0.0100487 0.999947 0.0871529 0.191005 -0.494453
FixedParameters: 0 0 0

#Transform 88
Transform: AffineTransform_float_3_3
Parameters: 0.999997 -0.000942326 -0.00229396 0.000919674 0.999953 -0.00971415 0.00230304 0.00971187 0.99995 0.078876 0.184101 -0.485817
FixedParameters: 0 0 0

#Transform 89
Transform: AffineTransform_float_3_3
Parameters: 0.999996 -0.00107794 -0.00236121 0.00105406 0.999949 -0.0101185 0.00237178 0.0101155 0.999946 0.0834848 0.208728 -0.478402
FixedParameters: 0 0 0

#Transform 90
Transform: AffineTransform_float_3_3
Parameters: 0.999996 -0.00146331 -0.00245954 0.00143769 0.999942 -0.0106656 0.00247447 0.0106624 0.99994 0.0860559 0.216435 -0.549258
FixedParameters: 0 0 0

#Transform 91
Transform: AffineTransform_float_3_3
Parameters: 0.999997 -0.00145824 -0.00197046 0.00143776 0.999942 -0.0107369 0.00198655 0.0107331 0.999941 0.0838276 0.217822 -0.499995
FixedParameters: 0 0 0

#Transform 92
Transform: AffineTransform_float_3_3
Parameters: 0.999995 -0.00138881 -0.00258721 0.00135918 0.999933 -0.0114896 0.00260378 0.0114854 0.99993 0.0948316 0.240907 -0.493354
FixedParameters: 0 0 0

#Transform 93
Transform: AffineTransform_float_3_3
Parameters: 0.999996 -0.00146087 -0.00245596 0.00143713 0.999952 -0.00969457 0.00247004 0.00969043 0.99995 0.0962818 0.197817 -0.579637
FixedParameters: 0 0 0

#Transform 94
Transform: AffineTransform_float_3_3
Parameters: 0.999996 -0.00146151 -0.00244049 0.00143748 0.999949 -0.0100165 0.00245552 0.0100124 0.999947 0.0887843 0.197447 -0.517729
FixedParameters: 0 0 0

#Transform 95
Transform: AffineTransform_float_3_3
Parameters: 0.999996 -0.00103316 -0.00254895 0.00100784 0.999951 -0.00985361 0.00255906 0.00985139 0.999948 0.0820084 0.196864 -0.498489
FixedParameters: 0 0 0

#Transform 96
Transform: AffineTransform_float_3_3
Parameters: 0.999995 -0.00103575 -0.00280548 0.00100426 0.999935 -0.0112949 0.00281652 0.0112911 0.999933 0.0887633 0.219714 -0.576983
FixedParameters: 0 0 0

#Transform 97
Transform: AffineTransform_float_3_3
Parameters: 0.999997 -0.00103834 -0.00251912 0.00100366 0.999907 -0.0135956 0.00253288 0.0135924 0.999905 0.0900241 0.264604 -0.577345
FixedParameters: 0 0 0

#Transform 98
Transform: AffineTransform_float_3_3
Parameters: 0.999995 -0.00104967 -0.00317225 0.00100434 0.999897 -0.0143633 0.00318675 0.0143607 0.999892 0.0933745 0.297703 -0.574357
FixedParameters: 0 0 0

#Transform 99
Transform: AffineTransform_float_3_3
Parameters: 0.999996 -0.00082017 -0.00270673 0.000781839 0.9999 -0.0140732 0.00271727 0.0140708 0.999898 0.0806603 0.287588 -0.602219
FixedParameters: 0 0 0

#Transform 100
Transform: AffineTransform_float_3_3
Parameters: 0.999995 -0.000243109 -0.00332395 0.000196891 0.999904 -0.0138647 0.00332705 0.0138643 0.999899 0.11035 0.267453 -0.578561
FixedParameters: 0 0 0

#Transform 101
Transform: AffineTransform_float_3_3
Parameters: 0.999996 -0.000563687 -0.00302536 0.000521316 0.9999 -0.0140926 0.00303265 0.0140904 0.999896 0.102053 0.252062 -0.630216
FixedParameters: 0 0 0

#Transform 102
Transform: AffineTransform_float_3_3
Parameters: 0.999997 -0.000673148 -0.002626 0.000636851 0.999906 -0.0137427 0.002635 0.0137403 0.999902 0.0950545 0.235741 -0.579987
FixedParameters: 0 0 0

#Transform 103
Transform: AffineTransform_float_3_3
Parameters: 0.999996 -0.00103917 -0.00255196 0.00100383 0.999905 -0.0137436 0.00256604 0.0137404 0.999903 0.0914271 0.244161 -0.569231
FixedParameters: 0 0 0

#Transform 104
Transform: AffineTransform_float_3_3
Parameters: 0.999994 -0.00104808 -0.00308136 0.00100392 0.999897 -0.0142732 0.00309564 0.0142698 0.999894 0.0931736 0.252306 -0.603235
FixedParameters: 0 0 0

#Transform 105
Transform: AffineTransform_float_3_3
Parameters: 0.999995 -0.00104898 -0.00297653 0.00100403 0.999886 -0.0150721 0.00299147 0.0150689 0.999882 0.0867902 0.283789 -0.549014
FixedParameters: 0 0 0

#Transform 106
Transform: AffineTransform_float_3_3
Parameters: 0.999995 -0.00105044 -0.00297601 0.00100356 0.999879 -0.0155641 0.00299198 0.0155609 0.999875 0.0977988 0.286472 -0.582867
FixedParameters: 0 0 0

#Transform 107
Transform: AffineTransform_float_3_3
Parameters: 0.999995 -0.00104821 -0.0029768 0.00100378 0.999889 -0.0148151 0.0029922 0.0148119 0.999886 0.0978718 0.265891 -0.602024
FixedParameters: 0 0 0

#Transform 108
Transform: AffineTransform_float_3_3
Parameters: 0.999994 -0.00150707 -0.00308231 0.00146394 0.999902 -0.0139276 0.00310269 0.0139234 0.999899 0.0911084 0.271636 -0.558396
FixedParameters: 0 0 0

#Transform 109
Transform: AffineTransform_float_3_3
Parameters: 0.999994 -0.00128994 -0.00297332 0.00124606 0.99989 -0.0147348 0.00299168 0.0147302 0.999887 0.0951778 0.273421 -0.568268
FixedParameters: 0 0 0

#Transform 110
Transform: AffineTransform_float_3_3
Parameters: 0.999994 -0.00129382 -0.00297374 0.00125118 0.999896 -0.0143558 0.00299227 0.0143522 0.999893 0.0926715 0.273977 -0.604668
FixedParameters: 0 0 0

#Transform 111
Transform: AffineTransform_float_3_3
Parameters: 0.999995 -0.00150585 -0.00297116 0.00146315 0.999901 -0.0140374 0.00299183 0.0140326 0.999897 0.0768287 0.287073 -0.52849
FixedParameters: 0 0 0

#Transform 112
Transform: AffineTransform_float_3_3
Parameters: 0.999995 -0.0012475 -0.0028834 0.00120549 0.999897 -0.0143495 0.0029016 0.0143465 0.999893 0.0847042 0.280016 -0.584357
FixedParameters: 0 0 0

#Transform 113
Transform: AffineTransform_float_3_3
Parameters: 0.999995 -0.00109449 -0.00297672 0.00105151 0.999898 -0.0142382 0.00299227 0.0142358 0.999894 0.0931965 0.273637 -0.588403
FixedParameters: 0 0 0

#Transform 114
Transform: AffineTransform_float_3_3
Parameters: 0.999996 -0.000668054 -0.00298289 0.000625945 0.9999 -0.0140769 0.00299211 0.0140751 0.999897 0.0756991 0.269997 -0.550381
FixedParameters: 0 0 0

#Transform 115
Transform: AffineTransform_float_3_3
Parameters: 0.999995 -0.000880513 -0.00297949 0.000837493 0.999894 -0.0145746 0.00299152 0.0145714 0.99989 0.0853328 0.269472 -0.622792
FixedParameters: 0 0 0

#Transform 116
Transform: AffineTransform_float_3_3
Parameters: 0.999995 -0.00109207 -0.00297655 0.00104894 0.999896 -0.0144322 0.00299145 0.0144288 0.999892 0.0932571 0.270202 -0.590156
FixedParameters: 0 0 0

#Transform 117
Transform: AffineTransform_float_3_3
Parameters: 0.999995 -0.000873543 -0.00284357 0.000831467 0.999894 -0.0145774 0.00285542 0.0145756 0.999889 0.0965898 0.287717 -0.555957
FixedParameters: 0 0 0

#Transform 118
Transform: AffineTransform_float_3_3
Parameters: 0.999995 -0.00109468 -0.00297559 0.00104833 0.999883 -0.0153092 0.0029914 0.0153058 0.999879 0.0966218 0.293732 -0.63306
FixedParameters: 0 0 0

#Transform 119
Transform: AffineTransform_float_3_3
Parameters: 0.999995 -0.000952349 -0.00297879 0.000909649 0.999899 -0.0141858 0.0029922 0.0141832 0.999895 0.0968265 0.272047 -0.577066
FixedParameters: 0 0 0

#Transform 120
Transform: AffineTransform_float_3_3
Parameters: 0.999995 -0.000980333 -0.00306587 0.000935665 0.99989 -0.0147529 0.00308014 0.0147501 0.999887 0.0995129 0.286392 -0.575835
FixedParameters: 0 0 0

#Transform 121
Transform: AffineTransform_float_3_3
Parameters: 0.999995 -0.000807642 -0.00298026 0.000763361 0.999888 -0.0149503 0.00299175 0.0149477 0.999884 0.10034 0.289395 -0.641645
FixedParameters: 0 0 0

#Transform 122
Transform: AffineTransform_float_3_3
Parameters: 0.999996 -0.000628949 -0.00298307 0.000585052 0.999891 -0.0147108 0.00299193 0.0147092 0.999888 0.100016 0.297204 -0.575143
FixedParameters: 0 0 0

#Transform 123
Transform: AffineTransform_float_3_3
Parameters: 0.999995 -0.000628014 -0.00289701 0.000584986 0.99989 -0.0148248 0.00290599 0.0148232 0.999886 0.104765 0.298294 -0.63011
FixedParameters: 0 0 0

#Transform 124
Transform: AffineTransform_float_3_3
Parameters: 0.999996 -0.000630579 -0.00298273 0.000584419 0.999884 -0.0152568 0.00299227 0.0152552 0.999879 0.107518 0.296146 -0.59549
FixedParameters: 0 0 0

#Transform 125
Transform: AffineTransform_float_3_3
Parameters: 0.999996 -0.000631139 -0.00298261 0.000584871 0.99988 -0.0154448 0.00299139 0.0154432 0.999877 0.116451 0.292005 -0.59534
FixedParameters: 0 0 0

#Transform 126
Transform: AffineTransform_float_3_3
Parameters: 0.999996 -0.000631139 -0.00298261 0.000584871 0.99988 -0.0154448 0.00299139 0.0154432 0.999877 0.111462 0.292443 -0.62393
FixedParameters: 0 0 0

#Transform 127
Transform: AffineTransform_float_3_3
Parameters: 0.999995 -0.000634747 -0.00332188 0.000585252 0.999888 -0.014955 0.00333112 0.014953 0.999882 0.0976177 0.301466 -0.573468
FixedParameters: 0 0 0

#Transform 128
Transform: AffineTransform_float_3_3
Parameters: 0.999996 -0.000631139 -0.00298261 0.000584871 0.99988 -0.0154448 0.00299139 0.0154432 0.999877 0.111366 0.291945 -0.591672
FixedParameters: 0 0 0

#Transform 129
Transform: AffineTransform_float_3_3
Parameters: 0.999996 -0.000537384 -0.00298402 0.000490619 0.99988 -0.0155225 0.00299198 0.0155215 0.999875 0.111799 0.291336 -0.650554
FixedParameters: 0 0 0

#Transform 130
Transform: AffineTransform_float_3_3
Parameters: 0.999995 -0.000490486 -0.00331178 0.000438529 0.99988 -0.0155285 0.00331821 0.0155275 0.999874 0.118147 0.295258 -0.580459
FixedParameters: 0 0 0

#Transform 131
Transform: AffineTransform_float_3_3
Parameters: 0.999996 -0.000632124 -0.0029824 0.000584884 0.999876 -0.0157748 0.0029916 0.0157732 0.999871 0.111353 0.318005 -0.592042
FixedParameters: 0 0 0

#Transform 132
Transform: AffineTransform_float_3_3
Parameters: 0.999996 -0.000520732 -0.00298406 0.000473271 0.999873 -0.0159735 0.00299194 0.0159725 0.999868 0.111696 0.311335 -0.620062
FixedParameters: 0 0 0

#Transform 133
Transform: AffineTransform_float_3_3
Parameters: 0.999996 -0.000432119 -0.00298556 0.000384892 0.999875 -0.0157642 0.00299144 0.0157638 0.999872 0.111677 0.315531 -0.546498
FixedParameters: 0 0 0

#Transform 134
Transform: AffineTransform_float_3_3
Parameters: 0.999995 -0.000635724 -0.00314818 0.000585279 0.99987 -0.0160869 0.00315782 0.0160851 0.999865 0.116711 0.309023 -0.598128
FixedParameters: 0 0 0

#Transform 135
Transform: AffineTransform_float_3_3
Parameters: 0.999996 -0.000632031 -0.00298242 0.000584976 0.999876 -0.0157438 0.00299158 0.0157422 0.999871 0.0912042 0.312704 -0.60478
FixedParameters: 0 0 0

#Transform 136
Transform: AffineTransform_float_3_3
Parameters: 0.999995 -0.000514481 -0.00334881 0.000458517 0.999858 -0.0168446 0.0033572 0.0168434 0.999853 0.0946066 0.321091 -0.577145
FixedParameters: 0 0 0

#Transform 137
Transform: AffineTransform_float_3_3
Parameters: 0.999996 -0.000637035 -0.00298136 0.000584972 0.999848 -0.0174218 0.00299165 0.0174202 0.999844 0.100206 0.320473 -0.618425
FixedParameters: 0 0 0

#Transform 138
Transform: AffineTransform_float_3_3
Parameters: 0.999996 -0.00063266 -0.00284281 0.000584334 0.99986 -0.0167357 0.00285318 0.0167333 0.999856 0.0952384 0.313884 -0.616767
FixedParameters: 0 0 0

#Transform 139
Transform: AffineTransform_float_3_3
Parameters: 0.999996 -0.000633743 -0.00298206 0.000585258 0.999866 -0.0163178 0.00299195 0.0163162 0.999863 0.111311 0.307448 -0.578009
FixedParameters: 0 0 0

#Transform 140
Transform: AffineTransform_float_3_3
Parameters: 0.999995 -0.000639378 -0.00314845 0.000584613 0.999851 -0.0172419 0.00315955 0.0172401 0.999847 0.109987 0.31445 -0.647627
FixedParameters: 0 0 0

#Transform 141
Transform: AffineTransform_float_3_3
Parameters: 0.999996 -0.00063123 -0.00273173 0.000584767 0.999857 -0.0168907 0.00274227 0.0168893 0.999853 0.103287 0.322999 -0.616583
FixedParameters: 0 0 0

#Transform 142
Transform: AffineTransform_float_3_3
Parameters: 0.999996 -0.000637143 -0.00298133 0.000584864 0.999848 -0.0174578 0.00299167 0.0174562 0.999843 0.111406 0.34367 -0.615389
FixedParameters: 0 0 0

#Transform 143
Transform: AffineTransform_float_3_3
Parameters: 0.999996 -0.000636728 -0.00298142 0.00058528 0.99985 -0.0173188 0.00299158 0.0173172 0.999845 0.105531 0.316321 -0.664722
FixedParameters: 0 0 0

#Transform 144
Transform: AffineTransform_float_3_3
Parameters: 0.999996 -0.000637085 -0.00292916 0.000584919 0.999843 -0.0177478 0.00293985 0.0177462 0.999838 0.109875 0.334417 -0.653656
FixedParameters: 0 0 0

#Transform 145
Transform: AffineTransform_float_3_3
Parameters: 0.999996 -0.000383386 -0.00298574 0.00033161 0.999847 -0.0175261 0.00299227 0.0175249 0.999842 0.114665 0.346205 -0.635405
FixedParameters: 0 0 0

#Transform 146
Transform: AffineTransform_float_3_3
Parameters: 0.999996 -0.000579061 -0.00298201 0.000524941 0.999836 -0.0180976 0.00299199 0.0180963 0.999832 0.110793 0.332646 -0.668886
FixedParameters: 0 0 0

#Transform 147
Transform: AffineTransform_float_3_3
Parameters: 0.999996 -0.000564504 -0.00298254 0.000512508 0.999846 -0.0175746 0.00299147 0.0175734 0.999841 0.115623 0.328954 -0.634571
FixedParameters: 0 0 0

#Transform 148
Transform: AffineTransform_float_3_3
Parameters: 0.999994 -0.000569198 -0.00357694 0.000508801 0.999858 -0.0168079 0.00358606 0.0168061 0.999853 0.106304 0.329511 -0.58553
FixedParameters: 0 0 0

#Transform 149
Transform: AffineTransform_float_3_3
Parameters: 0.999995 -0.000297206 -0.00298718 0.000243798 0.999841 -0.0177958 0.00299181 0.0177952 0.999837 0.101989 0.337892 -0.659044
FixedParameters: 0 0 0

#Transform 150
Transform: AffineTransform_float_3_3
Parameters: 0.999996 -0.000633408 -0.00298115 0.000579596 0.99984 -0.0178818 0.00299184 0.0178802 0.999835 0.103469 0.331664 -0.591417
FixedParameters: 0 0 0

#Transform 151
Transform: AffineTransform_float_3_3
Parameters: 0.999994 -0.000607303 -0.00319145 0.000549686 0.999833 -0.0182378 0.00320256 0.0182361 0.999828 0.112179 0.348634 -0.590561
FixedParameters: 0 0 0

#Transform 152
Transform: AffineTransform_float_3_3
Parameters: 0.999996 -0.000521137 -0.00298321 0.000467866 0.999841 -0.0177855 0.0029918 0.0177835 0.999838 0.108415 0.329376 -0.629749
FixedParameters: 0 0 0

#Transform 153
Transform: AffineTransform_float_3_3
Parameters: 0.999995 -0.000604047 -0.0029209 0.000552951 0.999847 -0.0174457 0.00293109 0.0174443 0.999843 0.105512 0.332575 -0.574959
FixedParameters: 0 0 0

#Transform 154
Transform: AffineTransform_float_3_3
Parameters: 0.999996 -0.000331064 -0.00298678 0.000279932 0.999854 -0.0170809 0.00299222 0.0170801 0.999849 0.0961853 0.331137 -0.583886
FixedParameters: 0 0 0

#Transform 155
Transform: AffineTransform_float_3_3
Parameters: 0.999995 -0.000444588 -0.00334986 0.000386409 0.999853 -0.0171724 0.00335713 0.0171706 0.999847 0.0952319 0.332734 -0.616082
FixedParameters: 0 0 0

#Transform 156
Transform: AffineTransform_float_3_3
Parameters: 0.999995 -0.000629541 -0.00304198 0.000578476 0.999863 -0.0165868 0.00305101 0.0165852 0.999858 0.086932 0.329187 -0.548384
FixedParameters: 0 0 0

#Transform 157
Transform: AffineTransform_float_3_3
Parameters: 0.999994 -0.000579184 -0.00320652 0.000524826 0.999852 -0.0171838 0.00321549 0.0171822 0.999847 0.0950215 0.329844 -0.55197
FixedParameters: 0 0 0

#Transform 158
Transform: AffineTransform_float_3_3
Parameters: 0.999995 -0.000164305 -0.00298962 0.000112708 0.999853 -0.0171524 0.00299137 0.0171526 0.999849 0.106385 0.325523 -0.622539
FixedParameters: 0 0 0

#Transform 159
Transform: AffineTransform_float_3_3
Parameters: 0.999996 -0.000592669 -0.00298202 0.000540333 0.999845 -0.0176317 0.00299199 0.0176303 0.99984 0.0992181 0.349046 -0.616732
FixedParameters: 0 0 0

#Transform 160
Transform: AffineTransform_float_3_3
Parameters: 0.999994 -0.000600627 -0.003453 0.000540373 0.999846 -0.017532 0.00346301 0.01753 0.999841 0.114371 0.350909 -0.609816
FixedParameters: 0 0 0

#Transform 161
Transform: AffineTransform_float_3_3
Parameters: 0.999996 -0.000592669 -0.00298202 0.000540333 0.999845 -0.0176317 0.00299199 0.0176303 0.99984 0.0992812 0.332856 -0.634903
FixedParameters: 0 0 0

#Transform 162
Transform: AffineTransform_float_3_3
Parameters: 0.999993 -0.00070322 -0.00346614 0.000642781 0.999845 -0.0176323 0.00347787 0.0176297 0.999838 0.106114 0.34854 -0.587592
FixedParameters: 0 0 0

#Transform 163
Transform: AffineTransform_float_3_3
Parameters: 0.999994 -0.000602709 -0.00348172 0.000540285 0.999838 -0.017984 0.00349228 0.017982 0.999832 0.111236 0.357171 -0.608218
FixedParameters: 0 0 0

#Transform 164
Transform: AffineTransform_float_3_3
Parameters: 0.999994 -0.000599589 -0.00340705 0.000540412 0.999848 -0.0174639 0.00341696 0.0174621 0.999841 0.100937 0.34886 -0.617183
FixedParameters: 0 0 0

#Transform 165
Transform: AffineTransform_float_3_3
Parameters: 0.999994 -0.000423383 -0.00340983 0.000360613 0.999833 -0.0182753 0.00341716 0.0182737 0.999827 0.0957008 0.374924 -0.71659
FixedParameters: 0 0 0

#Transform 166
Transform: AffineTransform_float_3_3
Parameters: 0.999988 -0.000160242 -0.00492974 5.77549e-05 0.999785 -0.0207325 0.00493226 0.0207325 0.999773 0.134632 0.375895 -0.826218
FixedParameters: 0 0 0

#Transform 167
Transform: AffineTransform_float_3_3
Parameters: 0.99999 -9.83703e-05 -0.00460296 7.62782e-06 0.999808 -0.0196292 0.00460404 0.0196288 0.999796 0.128481 0.397577 -0.751047
FixedParameters: 0 0 0

#Transform 168
Transform: AffineTransform_float_3_3
Parameters: 0.99999 0.000118327 -0.00460736 -0.000212667 0.999793 -0.0203362 0.00460363 0.0203368 0.999782 0.109674 0.407408 -0.705736
FixedParameters: 0 0 0

#Transform 169
Transform: AffineTransform_float_3_3
Parameters: 0.999989 -0.000126 -0.00472942 2.99915e-05 0.999794 -0.0202924 0.00473158 0.0202926 0.999783 0.121508 0.388394 -0.768679
FixedParameters: 0 0 0

#Transform 170
Transform: AffineTransform_float_3_3
Parameters: 0.99999 -0.000223243 -0.00460048 0.000132763 0.999804 -0.0198248 0.00460354 0.0198232 0.999793 0.128007 0.392915 -0.724369
FixedParameters: 0 0 0

#Transform 171
Transform: AffineTransform_float_3_3
Parameters: 0.99999 -0.000225819 -0.00460035 0.000132189 0.999792 -0.0203838 0.00460365 0.0203832 0.999781 0.12339 0.412369 -0.706577
FixedParameters: 0 0 0

#Transform 172
Transform: AffineTransform_float_3_3
Parameters: 0.99999 -0.00022057 -0.00442547 0.00013244 0.9998 -0.0200038 0.00442854 0.0200032 0.99979 0.11223 0.4042 -0.695536
FixedParameters: 0 0 0

#Transform 173
Transform: AffineTransform_float_3_3
Parameters: 0.99999 -0.000225198 -0.00460039 0.000132806 0.999795 -0.0202498 0.00460364 0.0202482 0.999785 0.112314 0.413881 -0.657316
FixedParameters: 0 0 0

#Transform 174
Transform: AffineTransform_float_3_3
Parameters: 0.99999 -0.000228147 -0.00460024 0.000132858 0.999782 -0.0208898 0.00460378 0.0208892 0.999771 0.116738 0.410657 -0.750005
FixedParameters: 0 0 0

#Transform 175
Transform: AffineTransform_float_3_3
Parameters: 0.999992 -8.85058e-05 -0.00414706 -5.05415e-07 0.999767 -0.0215782 0.00414795 0.0215778 0.999758 0.11103 0.425415 -0.657349
FixedParameters: 0 0 0

#Transform 176
Transform: AffineTransform_float_3_3
Parameters: 0.999989 -0.000231949 -0.00469713 0.000132054 0.999774 -0.0212678 0.00470087 0.0212671 0.999763 0.131103 0.394654 -0.719058
FixedParameters: 0 0 0

#Transform 177
Transform: AffineTransform_float_3_3
Parameters: 0.99999 3.62853e-05 -0.00460581 -0.000133717 0.999775 -0.0212166 0.0046042 0.0212174 0.999765 0.12874 0.399468 -0.720127
FixedParameters: 0 0 0

#Transform 178
Transform: AffineTransform_float_3_3
Parameters: 0.99999 -0.000226536 -0.00447722 0.000132469 0.999778 -0.0211038 0.00448079 0.0211032 0.999768 0.124571 0.416713 -0.666814
FixedParameters: 0 0 0

#Transform 179
Transform: AffineTransform_float_3_3
Parameters: 0.999991 4.57647e-05 -0.00423884 -0.000133241 0.999788 -0.0205826 0.00423716 0.0205824 0.999779 0.137753 0.399688 -0.698082
FixedParameters: 0 0 0
