# transform file /out/sourcedata/freesurfer/sub-v2s12x28862_ses-1/mri/transforms/cc_up.lta
# created by oesteban on Tue Mar 10 23:42:34 2026

type      = 0 # LINEAR_VOX_TO_VOX
nxforms   = 1
mean      = 131.0000 83.0000 128.0000
sigma     = 10000.0000
1 4 4
9.998878240585327e-01 -6.858394946902990e-03 -1.332103926688433e-02 -9.006199836730957e-01 
6.857786327600479e-03 9.999765157699585e-01 -9.136308653978631e-05 6.011434936523438e+01 
1.332135219126940e-02 7.275958481545164e-12 9.999113082885742e-01 4.265723705291748e+00 
0.000000000000000e+00 0.000000000000000e+00 0.000000000000000e+00 1.000000000000000e+00 
src volume info
valid = 1  # volume info valid
filename = /out/sourcedata/freesurfer/sub-v2s12x28862_ses-1/mri/norm.mgz
volume = 256 256 256
voxelsize = 1.000000000000000e+00 1.000000000000000e+00 1.000000000000000e+00
xras   = -1.000000000000000e+00 0.000000000000000e+00 0.000000000000000e+00
yras   = 0.000000000000000e+00 0.000000000000000e+00 -1.000000000000000e+00
zras   = 0.000000000000000e+00 1.000000000000000e+00 0.000000000000000e+00
cras   = 1.788803100585938e+00 5.000000000000000e-01 -7.117004394531250e+00
dst volume info
valid = 1  # volume info valid
filename = /out/sourcedata/freesurfer/sub-v2s12x28862_ses-1/mri/norm.mgz
volume = 256 256 256
voxelsize = 1.000000000000000e+00 1.000000000000000e+00 1.000000000000000e+00
xras   = -1.000000000000000e+00 0.000000000000000e+00 0.000000000000000e+00
yras   = 0.000000000000000e+00 0.000000000000000e+00 -1.000000000000000e+00
zras   = 0.000000000000000e+00 1.000000000000000e+00 0.000000000000000e+00
cras   = 1.788803100585938e+00 5.000000000000000e-01 -7.117004394531250e+00
