#Insight Transform File V1.0
#Transform 0
Transform: AffineTransform_float_3_3
Parameters: 1 -1.517e-07 -0.000185 -1.517e-07 0.999999 -0.000819999 0.000185 0.000819999 0.999999 0.000753546 0.0628649 0.17163
FixedParameters: 0 0 0

#Transform 1
Transform: AffineTransform_float_3_3
Parameters: 1 0 0 0 0.999999 -0.001235 0 0.001235 0.999999 -0.013159 0.0738529 0.188935
FixedParameters: 0 0 0

#Transform 2
Transform: AffineTransform_float_3_3
Parameters: 1 0.000163803 -0.000138233 -0.000164196 0.999999 -0.00142298 0.000137766 0.00142302 0.999999 0.00303204 0.101373 0.157733
FixedParameters: 0 0 0

#Transform 3
Transform: AffineTransform_float_3_3
Parameters: 1 -1.09385e-07 -0.000167 -1.09385e-07 1 -0.000655 0.000167 0.000655 1 0.00566589 0.0759828 0.145661
FixedParameters: 0 0 0

#Transform 4
Transform: AffineTransform_float_3_3
Parameters: 1 -0.000458594 -0.000522479 0.000457407 0.999999 -0.00113624 0.00052252 0.00113676 0.999999 0.00759634 0.094183 0.125509
FixedParameters: 0 0 0

#Transform 5
Transform: AffineTransform_float_3_3
Parameters: 1 -0.000458558 -0.000436414 0.000457442 0.999999 -0.0012792 0.000436585 0.0012788 0.999999 0.00911975 0.0808713 0.1178
FixedParameters: 0 0 0

#Transform 6
Transform: AffineTransform_float_3_3
Parameters: 1 -0.000375594 -0.000522574 0.000374407 1 -0.0011362 0.000522426 0.0011368 0.999999 0.000548716 0.0757078 0.102607
FixedParameters: 0 0 0

#Transform 7
Transform: AffineTransform_float_3_3
Parameters: 1 -0.000304763 -0.000522556 0.000304238 0.999999 -0.00145916 0.000522444 0.00145884 0.999999 0.0136804 0.0638311 0.0994304
FixedParameters: 0 0 0

#Transform 8
Transform: AffineTransform_float_3_3
Parameters: 1 -0.000458594 -0.000522479 0.000457407 0.999999 -0.00113624 0.00052252 0.00113676 0.999999 0.00136698 0.0766389 0.0861025
FixedParameters: 0 0 0

#Transform 9
Transform: AffineTransform_float_3_3
Parameters: 1 -0.000457876 0.000186304 0.000458124 0.999999 -0.000664914 -0.000186696 0.000664085 1 -0.0226681 0.0650161 0.145728
FixedParameters: 0 0 0

#Transform 10
Transform: AffineTransform_float_3_3
Parameters: 1 0.000368505 -0.000523349 -0.000369494 0.999999 -0.000944807 0.000522651 0.000945193 1 -0.00694564 0.0306554 0.169157
FixedParameters: 0 0 0

#Transform 11
Transform: AffineTransform_float_3_3
Parameters: 1 -0.000256543 -0.000522734 0.000256458 1 -0.00103814 0.000522267 0.00103787 1 -0.000697572 0.0748602 0.110343
FixedParameters: 0 0 0

#Transform 12
Transform: AffineTransform_float_3_3
Parameters: 1 -9.43886e-05 -0.00045992 9.36112e-05 0.999999 -0.000845042 0.000460079 0.000844956 0.999999 0.00443425 0.0430173 0.152518
FixedParameters: 0 0 0

#Transform 13
Transform: AffineTransform_float_3_3
Parameters: 1 -4.63049e-05 -0.000522973 4.56951e-05 1 -0.000583024 0.000523026 0.000582976 0.999999 0.00699218 0.0566677 0.163391
FixedParameters: 0 0 0

#Transform 14
Transform: AffineTransform_float_3_3
Parameters: 1 0.000149854 -0.000378058 -0.000150146 1 -0.000385943 0.000378942 0.000386057 1 0.00190215 0.044531 0.0981162
FixedParameters: 0 0 0

#Transform 15
Transform: AffineTransform_float_3_3
Parameters: 1 -5.4206e-05 -0.000416973 5.47945e-05 1 -0.000494023 0.000416027 0.000493977 1 -0.00632416 0.058814 0.0857655
FixedParameters: 0 0 0

#Transform 16
Transform: AffineTransform_float_3_3
Parameters: 1 0.000141952 -9.80701e-05 -0.000141048 1 -0.000493986 9.79303e-05 0.000494014 1 -0.0190175 0.0404804 0.00910945
FixedParameters: 0 0 0

#Transform 17
Transform: AffineTransform_float_3_3
Parameters: 1 3.19618e-05 -0.000296004 -3.20382e-05 1 -0.000128991 0.000295996 0.000129009 1 0.00304766 0.03395 0.016568
FixedParameters: 0 0 0

#Transform 18
Transform: AffineTransform_float_3_3
Parameters: 1 -7.90347e-05 -9.7972e-05 7.89653e-05 1 -0.000354008 9.8028e-05 0.000353992 1 -0.011917 0.0542082 -0.0153923
FixedParameters: 0 0 0

#Transform 19
Transform: AffineTransform_float_3_3
Parameters: 1 0.000196896 -9.82086e-05 -0.000197105 1 -0.00105898 9.87914e-05 0.00105902 1 -0.0194586 0.0769012 0.0505107
FixedParameters: 0 0 0

#Transform 20
Transform: AffineTransform_float_3_3
Parameters: 1 -8.89643e-05 -9.80324e-05 8.90357e-05 1 0.000363991 9.79676e-05 -0.000364009 1 0.00338682 -0.00793052 0.00490884
FixedParameters: 0 0 0

#Transform 21
Transform: AffineTransform_float_3_3
Parameters: 1 -3.20422e-05 9.09851e-05 3.19578e-05 1 0.000464003 -9.10148e-05 -0.000463997 1 -0.0141589 0.0217583 -0.0100082
FixedParameters: 0 0 0

#Transform 22
Transform: AffineTransform_float_3_3
Parameters: 1 0.000305961 0.000175067 -0.000306038 1 0.000219946 -0.000174933 -0.000220054 1 -0.0211263 0.0289291 0.0246878
FixedParameters: 0 0 0

#Transform 23
Transform: AffineTransform_float_3_3
Parameters: 1 0.000997999 1.95509e-06 -0.000998002 0.999999 0.000956998 -1.04491e-06 -0.000957001 0.999999 -0.0169911 -0.0302483 0.0980519
FixedParameters: 0 0 0

#Transform 24
Transform: AffineTransform_float_3_3
Parameters: 1 0.000422948 -0.000237092 -0.000423051 1 -0.0002169 0.000236908 0.0002171 1 -0.0170413 0.0579295 0.0700976
FixedParameters: 0 0 0

#Transform 25
Transform: AffineTransform_float_3_3
Parameters: 1 0.000586994 -2.11503e-05 -0.000587005 1 -0.000255988 2.08497e-05 0.000256012 1 -0.0260031 0.0796045 0.02179
FixedParameters: 0 0 0

#Transform 26
Transform: AffineTransform_float_3_3
Parameters: 1 0.000423043 9.0799e-05 -0.000423957 1 -0.000475038 -9.12018e-05 0.000475961 1 -0.0281631 0.0789557 -0.0027386
FixedParameters: 0 0 0

#Transform 27
Transform: AffineTransform_float_3_3
Parameters: 1 0.000423106 0.000226802 -0.000423894 1 -0.000468096 -0.000227198 0.000467904 1 -0.0350611 0.080688 -0.00643378
FixedParameters: 0 0 0

#Transform 28
Transform: AffineTransform_float_3_3
Parameters: 1 0.000423325 0.00039265 -0.000423675 0.999999 -0.000826166 -0.00039335 0.000826833 0.999999 -0.0408952 0.0512133 0.0134262
FixedParameters: 0 0 0

#Transform 29
Transform: AffineTransform_float_3_3
Parameters: 1 0.000423147 0.000162619 -0.000423853 1 -0.000901069 -0.000163382 0.000900931 0.999999 -0.0305731 0.0355755 0.0335878
FixedParameters: 0 0 0

#Transform 30
Transform: AffineTransform_float_3_3
Parameters: 1 0.000423236 0.000392745 -0.000423763 0.999999 -0.000602166 -0.000393255 0.000601833 0.999999 -0.0383957 0.0600217 0.0356783
FixedParameters: 0 0 0

#Transform 31
Transform: AffineTransform_float_3_3
Parameters: 1 0.000636019 3.16095e-05 -0.00063598 0.999999 -0.00061402 -3.23905e-05 0.000613979 1 -0.0321632 0.0595012 0.108164
FixedParameters: 0 0 0

#Transform 32
Transform: AffineTransform_float_3_3
Parameters: 0.999999 0.000651011 -0.000312976 -0.000650988 1 3.72037e-05 0.000313024 -3.67962e-05 1 -0.0168184 0.0252273 0.116144
FixedParameters: 0 0 0

#Transform 33
Transform: AffineTransform_float_3_3
Parameters: 1 0.000535999 -7.30043e-05 -0.000536 1 -7.96087e-06 7.29957e-05 8.03913e-06 1 -0.0236969 0.055821 0.100031
FixedParameters: 0 0 0

#Transform 34
Transform: AffineTransform_float_3_3
Parameters: 0.999999 0.000720027 -7.27256e-05 -0.000719972 0.999999 0.000381052 7.32743e-05 -0.000380947 1 -0.0256265 0.025431 0.144173
FixedParameters: 0 0 0

#Transform 35
Transform: AffineTransform_float_3_3
Parameters: 1 0.000423023 -7.2868e-05 -0.000423977 1 0.000312031 7.31323e-05 -0.000311969 1 -0.0225169 0.064458 0.17049
FixedParameters: 0 0 0

#Transform 36
Transform: AffineTransform_float_3_3
Parameters: 0.999999 0.000700971 -0.000109183 -0.000701028 0.999999 -0.000260923 0.000108817 0.000261076 1 -0.0456482 0.0916467 0.162239
FixedParameters: 0 0 0

#Transform 37
Transform: AffineTransform_float_3_3
Parameters: 1 0.000700025 -7.27592e-05 -0.000699974 0.999999 0.000344051 7.32408e-05 -0.000343949 1 -0.0253959 0.0164492 0.119958
FixedParameters: 0 0 0

#Transform 38
Transform: AffineTransform_float_3_3
Parameters: 1 0.000604991 4.11361e-05 -0.000605009 1 0.000224975 -4.08639e-05 -0.000225025 1 -0.019535 0.0668946 0.0799334
FixedParameters: 0 0 0

#Transform 39
Transform: AffineTransform_float_3_3
Parameters: 1 0.000423135 0.000552897 -0.000423866 1 -0.000243234 -0.000552103 0.000243766 1 -0.0322197 0.0835248 0.0326635
FixedParameters: 0 0 0

#Transform 40
Transform: AffineTransform_float_3_3
Parameters: 1 0.000423018 -7.2893e-05 -0.000423981 1 0.000253031 7.31073e-05 -0.000252969 1 -0.00449936 -0.00407366 0.0533135
FixedParameters: 0 0 0

#Transform 41
Transform: AffineTransform_float_3_3
Parameters: 1 0.000423022 -7.28735e-05 -0.000423978 1 0.000299031 7.31268e-05 -0.000298969 1 -0.00563162 0.0310044 0.027286
FixedParameters: 0 0 0

#Transform 42
Transform: AffineTransform_float_3_3
Parameters: 1 0.000422948 0.000426051 -0.000423051 1 0.00012082 -0.000425949 -0.00012118 1 -0.0346842 0.0632574 0.0014199
FixedParameters: 0 0 0

#Transform 43
Transform: AffineTransform_float_3_3
Parameters: 1 0.000193354 0.000411304 -0.000193647 0.999998 0.00156992 -0.000411696 -0.00157008 0.999998 -0.03666 -0.00691728 0.0562752
FixedParameters: 0 0 0

#Transform 44
Transform: AffineTransform_float_3_3
Parameters: 1 0.000422932 0.000117244 -0.000423068 0.999999 0.00057795 -0.000117755 -0.00057805 1 -0.0289875 0.0318995 -0.0553192
FixedParameters: 0 0 0

#Transform 45
Transform: AffineTransform_float_3_3
Parameters: 1 -1.7469e-05 -0.000574017 1.85309e-05 0.999999 0.000924989 0.000573983 -0.00092501 1 0.00602766 -0.0402243 -0.0487784
FixedParameters: 0 0 0

#Transform 46
Transform: AffineTransform_float_3_3
Parameters: 0.999999 7.43009e-05 -0.000874975 -7.36989e-05 1 0.000344065 0.000875026 -0.000343935 1 0.00804502 0.0242447 -0.0699656
FixedParameters: 0 0 0

#Transform 47
Transform: AffineTransform_float_3_3
Parameters: 0.999999 0.000241506 -0.000672819 -0.000240494 0.999999 0.000752162 0.000673181 -0.000751838 1 0.00952536 -0.0198702 -0.0855945
FixedParameters: 0 0 0

#Transform 48
Transform: AffineTransform_float_3_3
Parameters: 0.999999 0.00064684 -0.000673153 -0.000647159 1 -0.000236564 0.000673846 0.000237436 0.999999 0.00769821 0.0308151 -0.0533679
FixedParameters: 0 0 0

#Transform 49
Transform: AffineTransform_float_3_3
Parameters: 1 0.000719318 -0.000821722 -0.000718682 0.999999 0.00038659 0.000822278 -0.000386408 0.999999 0.017403 0.0218887 -0.0455036
FixedParameters: 0 0 0

#Transform 50
Transform: AffineTransform_float_3_3
Parameters: 1 0.000920373 -0.000606435 -0.000919628 1 0.000614558 0.000607565 -0.000613441 0.999999 0.0117981 0.0245094 -0.0779358
FixedParameters: 0 0 0

#Transform 51
Transform: AffineTransform_float_3_3
Parameters: 1 0.00109092 6.43866e-05 -0.00109108 0.999998 0.00127093 -6.26133e-05 -0.00127107 0.999999 -0.001101 0.0334766 -0.063623
FixedParameters: 0 0 0

#Transform 52
Transform: AffineTransform_float_3_3
Parameters: 0.999999 0.000545726 -0.000742467 -0.000545274 1 0.000977406 0.000743533 -0.000977595 0.999999 0.0225086 0.0368415 -0.0631688
FixedParameters: 0 0 0

#Transform 53
Transform: AffineTransform_float_3_3
Parameters: 0.999999 0.000546489 -0.000855049 -0.000545509 0.999999 0.00174147 0.000856951 -0.00174053 0.999998 0.0115858 0.000187633 0.0442235
FixedParameters: 0 0 0

#Transform 54
Transform: AffineTransform_float_3_3
Parameters: 1 0.000546108 -0.000996393 -0.000544892 0.999999 0.00111254 0.000996607 -0.00111146 0.999999 0.0164374 0.0394405 0.0454309
FixedParameters: 0 0 0

#Transform 55
Transform: AffineTransform_float_3_3
Parameters: 0.999999 0.000547075 -0.00111699 -0.000544926 0.999998 0.00185661 0.00111801 -0.00185639 0.999997 0.0204976 0.0115177 0.0348252
FixedParameters: 0 0 0

#Transform 56
Transform: AffineTransform_float_3_3
Parameters: 0.999999 0.000923527 -0.00112293 -0.000920473 0.999997 0.00224904 0.00112507 -0.00224796 0.999997 0.0383533 -0.0490321 -0.035263
FixedParameters: 0 0 0

#Transform 57
Transform: AffineTransform_float_3_3
Parameters: 0.999999 0.000549857 -0.0017675 -0.000545142 0.999996 0.00274697 0.0017695 -0.00274603 0.999994 0.0426093 -0.0290377 -0.00646581
FixedParameters: 0 0 0

#Transform 58
Transform: AffineTransform_float_3_3
Parameters: 0.999999 0.0005482 -0.00147581 -0.000545801 0.999997 0.00216781 0.00147619 -0.00216719 0.999996 0.0326547 -0.00948415 -0.0398234
FixedParameters: 0 0 0

#Transform 59
Transform: AffineTransform_float_3_3
Parameters: 0.999999 0.000549784 -0.00172348 -0.000545218 0.999996 0.00277494 0.00172452 -0.00277406 0.999994 0.0497438 -0.0506914 -0.0336729
FixedParameters: 0 0 0

#Transform 60
Transform: AffineTransform_float_3_3
Parameters: 0.999998 0.000547586 -0.00222437 -0.000545417 0.999999 0.00116222 0.00222464 -0.00116178 0.999997 0.0580907 0.0520947 -0.0451571
FixedParameters: 0 0 0

#Transform 61
Transform: AffineTransform_float_3_3
Parameters: 0.999998 7.28258e-05 -0.00161083 -6.81736e-05 0.999997 0.00237511 0.00161117 -0.00237489 0.999996 0.0422818 -0.0429114 -0.213598
FixedParameters: 0 0 0

#Transform 62
Transform: AffineTransform_float_3_3
Parameters: 0.999996 7.82933e-05 -0.00280676 -6.87053e-05 0.999994 0.0033112 0.00280724 -0.00331079 0.99999 0.0566143 -0.0731903 -0.0178184
FixedParameters: 0 0 0

#Transform 63
Transform: AffineTransform_float_3_3
Parameters: 0.999995 7.43111e-05 -0.00312988 -6.8691e-05 0.999998 0.00169622 0.00313012 -0.00169677 0.999993 0.051787 0.0354446 0.128139
FixedParameters: 0 0 0

#Transform 64
Transform: AffineTransform_float_3_3
Parameters: 0.999996 7.67804e-05 -0.0027688 -6.82213e-05 0.999996 0.0028102 0.0027682 -0.0028098 0.999992 0.0548015 -0.00213504 0.189501
FixedParameters: 0 0 0

#Transform 65
Transform: AffineTransform_float_3_3
Parameters: 0.999996 0.000669509 -0.00248752 -0.000664493 0.999998 0.00221466 0.00248848 -0.00221334 0.999995 0.0634468 0.00358428 0.0947554
FixedParameters: 0 0 0

#Transform 66
Transform: AffineTransform_float_3_3
Parameters: 0.999997 0.000569648 -0.0023514 -0.000563355 0.999996 0.00282633 0.0023526 -0.00282567 0.999993 0.0598798 -0.00502454 0.103053
FixedParameters: 0 0 0

#Transform 67
Transform: AffineTransform_float_3_3
Parameters: 0.999997 0.000677701 -0.00228102 -0.000671299 0.999996 0.00293754 0.00228298 -0.00293546 0.999993 0.0565009 -0.00929638 0.101651
FixedParameters: 0 0 0

#Transform 68
Transform: AffineTransform_float_3_3
Parameters: 0.999997 0.00100157 -0.00246273 -0.000991427 0.999991 0.00429046 0.00246728 -0.00428754 0.999988 0.0769812 -0.0830023 0.0445614
FixedParameters: 0 0 0

#Transform 69
Transform: AffineTransform_float_3_3
Parameters: 0.999996 0.000861779 -0.00275712 -0.000846224 0.999984 0.00571836 0.00276188 -0.00571664 0.99998 0.0875553 -0.0998624 -0.011969
FixedParameters: 0 0 0

#Transform 70
Transform: AffineTransform_float_3_3
Parameters: 0.999996 0.000722377 -0.00296941 -0.000699621 0.999969 0.00786511 0.00297559 -0.00786388 0.999964 0.0956118 -0.158232 -0.0202578
FixedParameters: 0 0 0

#Transform 71
Transform: AffineTransform_float_3_3
Parameters: 0.999997 0.000994094 -0.00247879 -0.000980906 0.999985 0.00527745 0.00248421 -0.00527555 0.999983 0.0823838 -0.0488151 0.030881
FixedParameters: 0 0 0

#Transform 72
Transform: AffineTransform_float_3_3
Parameters: 0.999997 0.00157063 -0.00178999 -0.00155736 0.999974 0.00703881 0.001801 -0.00703519 0.999973 0.0585703 -0.0839261 0.0277532
FixedParameters: 0 0 0

#Transform 73
Transform: AffineTransform_float_3_3
Parameters: 0.999996 0.00128932 -0.00258955 -0.00126368 0.999951 0.00975431 0.00260245 -0.00975168 0.999949 0.105002 -0.204513 -0.0648656
FixedParameters: 0 0 0

#Transform 74
Transform: AffineTransform_float_3_3
Parameters: 0.999998 0.000986131 -0.00184155 -0.000973866 0.999978 0.0065768 0.00184844 -0.00657519 0.999976 0.0662456 -0.072244 -0.0494185
FixedParameters: 0 0 0

#Transform 75
Transform: AffineTransform_float_3_3
Parameters: 0.999998 0.00125167 -0.00192756 -0.00123734 0.999971 0.00759141 0.00193645 -0.0075886 0.99997 0.0667307 -0.13477 -0.104063
FixedParameters: 0 0 0

#Transform 76
Transform: AffineTransform_float_3_3
Parameters: 0.999996 0.00116876 -0.00265051 -0.00114623 0.999965 0.00819807 0.00266048 -0.00819492 0.999963 0.0919858 -0.16822 -0.104426
FixedParameters: 0 0 0

#Transform 77
Transform: AffineTransform_float_3_3
Parameters: 0.999997 0.000812646 -0.00205766 -0.000799358 0.999977 0.00662366 0.00206234 -0.00662234 0.999976 0.0550501 -0.0766972 -0.0952398
FixedParameters: 0 0 0

#Transform 78
Transform: AffineTransform_float_3_3
Parameters: 0.999996 0.00099254 -0.00270849 -0.000969455 0.999962 0.00867866 0.00271751 -0.00867633 0.999958 0.0852802 -0.191516 -0.0993204
FixedParameters: 0 0 0

#Transform 79
Transform: AffineTransform_float_3_3
Parameters: 0.999997 0.000814969 -0.00236756 -0.000799028 0.999977 0.00673792 0.00237344 -0.00673609 0.999975 0.0654462 -0.102991 -0.0420713
FixedParameters: 0 0 0

#Transform 80
Transform: AffineTransform_float_3_3
Parameters: 0.999996 0.00131791 -0.00246694 -0.00129709 0.999964 0.00846024 0.00247806 -0.00845677 0.999961 0.0834132 -0.163502 -0.0589689
FixedParameters: 0 0 0

#Transform 81
Transform: AffineTransform_float_3_3
Parameters: 0.999997 0.00111445 -0.00193158 -0.00110456 0.999988 0.00488515 0.00193642 -0.00488286 0.999986 0.0878639 -0.0417111 -0.0710303
FixedParameters: 0 0 0

#Transform 82
Transform: AffineTransform_float_3_3
Parameters: 0.999996 0.00147427 -0.00238022 -0.00145973 0.999981 0.0059855 0.00238878 -0.0059825 0.99998 0.0870929 -0.0755281 -0.0980924
FixedParameters: 0 0 0

#Transform 83
Transform: AffineTransform_float_3_3
Parameters: 0.999997 0.000878875 -0.00195326 -0.000866126 0.999978 0.00658271 0.00195874 -0.0065813 0.999977 0.0584656 -0.114871 -0.111233
FixedParameters: 0 0 0

#Transform 84
Transform: AffineTransform_float_3_3
Parameters: 0.999999 0.00102052 -0.000989335 -0.00101548 0.999984 0.00556701 0.000994668 -0.00556599 0.999984 0.0217881 -0.0546249 -0.0395144
FixedParameters: 0 0 0

#Transform 85
Transform: AffineTransform_float_3_3
Parameters: 0.999997 0.00148441 -0.00202564 -0.00146659 0.999958 0.009058 0.00203937 -0.009055 0.999957 0.0722127 -0.184977 -0.198729
FixedParameters: 0 0 0

#Transform 86
Transform: AffineTransform_float_3_3
Parameters: 1 0.000426209 -0.00113532 -0.000418794 0.99998 0.00634148 0.00113768 -0.00634152 0.999979 0.0355011 -0.0888615 -0.234361
FixedParameters: 0 0 0

#Transform 87
Transform: AffineTransform_float_3_3
Parameters: 1 0.00013865 -0.00103726 -0.000133351 0.999985 0.00544514 0.00103774 -0.00544486 0.999984 0.0350702 -0.0576272 -0.271849
FixedParameters: 0 0 0

#Transform 88
Transform: AffineTransform_float_3_3
Parameters: 0.999999 0.00077742 -0.0016116 -0.000763587 0.999965 0.00831025 0.0016174 -0.00830976 0.999964 0.0691291 -0.166012 -0.371884
FixedParameters: 0 0 0

#Transform 89
Transform: AffineTransform_float_3_3
Parameters: 1 0.000137268 -0.000635093 -0.000132733 0.999978 0.00671509 0.000635906 -0.00671492 0.999978 0.0270877 -0.100691 -0.369918
FixedParameters: 0 0 0

#Transform 90
Transform: AffineTransform_float_3_3
Parameters: 0.999998 0.00115433 -0.00160852 -0.00114168 0.999965 0.00826285 0.00161749 -0.00826115 0.999964 0.0761652 -0.169555 -0.403254
FixedParameters: 0 0 0

#Transform 91
Transform: AffineTransform_float_3_3
Parameters: 1 0.000650847 -0.000912153 -0.000644154 0.999972 0.00748659 0.000916848 -0.0074864 0.999971 0.0257376 -0.0930786 -0.310409
FixedParameters: 0 0 0

#Transform 92
Transform: AffineTransform_float_3_3
Parameters: 0.999999 0.0011194 -0.000801762 -0.00111159 0.999958 0.00917691 0.000812235 -0.00917611 0.999958 0.0388099 -0.173089 -0.326299
FixedParameters: 0 0 0

#Transform 93
Transform: AffineTransform_float_3_3
Parameters: 0.999999 0.00128677 -0.00135411 -0.00127223 0.999941 0.0108547 0.00136789 -0.0108533 0.99994 0.0509889 -0.20254 -0.398871
FixedParameters: 0 0 0

#Transform 94
Transform: AffineTransform_float_3_3
Parameters: 1 0.000562467 -0.000196856 -0.000561531 0.999972 0.00737611 0.000201148 -0.00737688 0.999973 0.0166781 -0.0811355 -0.382189
FixedParameters: 0 0 0

#Transform 95
Transform: AffineTransform_float_3_3
Parameters: 0.999999 0.00112086 -0.000856811 -0.00111314 0.999958 0.00912296 0.000867191 -0.00912204 0.999958 0.0444454 -0.142029 -0.386541
FixedParameters: 0 0 0

#Transform 96
Transform: AffineTransform_float_3_3
Parameters: 0.999998 0.00123332 -0.00125909 -0.00121968 0.999944 0.0105275 0.00127191 -0.0105254 0.999944 0.0644044 -0.233003 -0.388793
FixedParameters: 0 0 0

#Transform 97
Transform: AffineTransform_float_3_3
Parameters: 0.999999 0.000748467 -0.000111919 -0.000748537 0.999991 0.00411808 0.000114083 -0.00411791 0.999991 0.00991394 0.0169295 -0.13821
FixedParameters: 0 0 0

#Transform 98
Transform: AffineTransform_float_3_3
Parameters: 0.999998 0.00159681 -0.00158015 -0.00158419 0.999971 0.00744752 0.00159184 -0.00744448 0.999971 0.061945 -0.161139 -0.251033
FixedParameters: 0 0 0

#Transform 99
Transform: AffineTransform_float_3_3
Parameters: 0.999998 0.00107342 -0.00172495 -0.00106258 0.999977 0.00660684 0.00173206 -0.00660515 0.999976 0.060126 -0.109295 -0.192169
FixedParameters: 0 0 0

#Transform 100
Transform: AffineTransform_float_3_3
Parameters: 1 0.000957576 -0.00065077 -0.000953429 0.999984 0.00547262 0.000655228 -0.00547237 0.999985 0.0135159 -0.0187385 -0.12239
FixedParameters: 0 0 0

#Transform 101
Transform: AffineTransform_float_3_3
Parameters: 0.999999 0.00146051 -0.00106847 -0.00145149 0.999967 0.00792156 0.00107953 -0.00791943 0.999968 0.039088 -0.126934 -0.125378
FixedParameters: 0 0 0

#Transform 102
Transform: AffineTransform_float_3_3
Parameters: 0.999999 0.000909517 -0.000968999 -0.000901483 0.999969 0.00772988 0.000975997 -0.00772911 0.999969 0.0370199 -0.0839284 -0.250582
FixedParameters: 0 0 0

#Transform 103
Transform: AffineTransform_float_3_3
Parameters: 0.999999 0.0012715 -0.000538485 -0.00126749 0.999965 0.00828469 0.00054952 -0.00828431 0.999966 0.0260715 -0.120295 -0.315234
FixedParameters: 0 0 0

#Transform 104
Transform: AffineTransform_float_3_3
Parameters: 0.999999 0.00178064 -0.000533746 -0.00177635 0.999961 0.00857796 0.000549257 -0.00857703 0.999963 0.0206813 -0.151482 -0.256915
FixedParameters: 0 0 0

#Transform 105
Transform: AffineTransform_float_3_3
Parameters: 0.999999 0.00145352 0.000274933 -0.00145548 0.999984 0.00545461 -0.000267064 -0.00545539 0.999985 -0.0223923 -0.0375526 -0.114067
FixedParameters: 0 0 0

#Transform 106
Transform: AffineTransform_float_3_3
Parameters: 0.999998 0.00159755 -8.63874e-05 -0.00159745 0.99998 0.00601814 9.66166e-05 -0.00601885 0.999982 -0.0115368 -0.0458455 -0.157844
FixedParameters: 0 0 0

#Transform 107
Transform: AffineTransform_float_3_3
Parameters: 0.999998 0.00159755 -0.000386615 -0.00159445 0.999977 0.00650562 0.000397381 -0.00650537 0.999979 -0.00145061 -0.0743232 -0.159161
FixedParameters: 0 0 0

#Transform 108
Transform: AffineTransform_float_3_3
Parameters: 1 0.00108647 -0.000281397 -0.00108554 0.999986 0.00516031 0.000286605 -0.00515969 0.999986 0.000241438 -0.0322374 -0.217812
FixedParameters: 0 0 0

#Transform 109
Transform: AffineTransform_float_3_3
Parameters: 0.999999 0.00135211 -0.000478311 -0.0013489 0.999979 0.00643366 0.000486687 -0.00643235 0.999979 0.0221335 -0.0708254 -0.221182
FixedParameters: 0 0 0

#Transform 110
Transform: AffineTransform_float_3_3
Parameters: 0.999999 0.00157144 -0.000829924 -0.00156556 0.999969 0.00770131 0.000842081 -0.00769969 0.99997 0.0370523 -0.128493 -0.206572
FixedParameters: 0 0 0

#Transform 111
Transform: AffineTransform_float_3_3
Parameters: 0.999999 0.000767793 -0.000402718 -0.000765211 0.999976 0.00689231 0.000407283 -0.00689169 0.999976 0.00746205 -0.0546418 -0.22171
FixedParameters: 0 0 0

#Transform 112
Transform: AffineTransform_float_3_3
Parameters: 0.999999 0.000826319 -0.000431706 -0.000823679 0.999971 0.00763236 0.000438299 -0.00763264 0.999971 0.000955055 -0.072524 -0.182323
FixedParameters: 0 0 0

#Transform 113
Transform: AffineTransform_float_3_3
Parameters: 1 0.00095216 -0.000436166 -0.000948834 0.999973 0.00718942 0.000443833 -0.00718858 0.999974 0.00495851 -0.0672403 -0.166527
FixedParameters: 0 0 0

#Transform 114
Transform: AffineTransform_float_3_3
Parameters: 0.999999 0.00175789 0.0002673 -0.00176012 0.999966 0.00812954 -0.000253698 -0.00813046 0.999967 -0.0145379 -0.118335 -0.109963
FixedParameters: 0 0 0

#Transform 115
Transform: AffineTransform_float_3_3
Parameters: 0.999999 0.00152908 -0.000117793 -0.00152792 0.999962 0.00864019 0.000131207 -0.00864081 0.999962 0.00622635 -0.111982 -0.149089
FixedParameters: 0 0 0

#Transform 116
Transform: AffineTransform_float_3_3
Parameters: 0.999997 0.00246468 -6.23964e-05 -0.00246333 0.999955 0.00917218 8.45995e-05 -0.00917282 0.999958 0.00721578 -0.155756 -0.0201655
FixedParameters: 0 0 0

#Transform 117
Transform: AffineTransform_float_3_3
Parameters: 0.999997 0.0025371 -0.000746002 -0.00252891 0.99994 0.0106589 0.000772997 -0.0106571 0.999943 0.0419178 -0.22796 -0.145204
FixedParameters: 0 0 0

#Transform 118
Transform: AffineTransform_float_3_3
Parameters: 0.999997 0.0021312 -0.000583285 -0.0021248 0.999924 0.0120863 0.000608723 -0.0120847 0.999927 0.0342232 -0.20749 -0.239386
FixedParameters: 0 0 0

#Transform 119
Transform: AffineTransform_float_3_3
Parameters: 0.999999 0.00182528 -0.000363098 -0.00182072 0.999932 0.0114647 0.000383899 -0.0114643 0.999934 0.0184998 -0.171995 -0.272853
FixedParameters: 0 0 0

#Transform 120
Transform: AffineTransform_float_3_3
Parameters: 0.999998 0.00162916 -0.000373285 -0.00162584 0.99994 0.0108876 0.000390725 -0.0108874 0.99994 0.0186979 -0.177244 -0.288879
FixedParameters: 0 0 0

#Transform 121
Transform: AffineTransform_float_3_3
Parameters: 0.999999 0.00125058 0.000491393 -0.00125542 0.999958 0.00909339 -0.000480602 -0.0090946 0.999958 -0.0242372 -0.1283 -0.339462
FixedParameters: 0 0 0

#Transform 122
Transform: AffineTransform_float_3_3
Parameters: 0.999999 0.00124903 0.000648629 -0.00125497 0.999956 0.00928819 -0.000636369 -0.0092898 0.999956 -0.0172339 -0.15118 -0.289909
FixedParameters: 0 0 0

#Transform 123
Transform: AffineTransform_float_3_3
Parameters: 0.999999 0.00125349 0.000198752 -0.00125551 0.999969 0.00777475 -0.000189245 -0.00777424 0.99997 -0.00701795 -0.102352 -0.213085
FixedParameters: 0 0 0

#Transform 124
Transform: AffineTransform_float_3_3
Parameters: 0.999998 0.00191286 0.000242549 -0.00191515 0.999956 0.00916855 -0.000225449 -0.00916945 0.999958 0.00220729 -0.156373 -0.27055
FixedParameters: 0 0 0

#Transform 125
Transform: AffineTransform_float_3_3
Parameters: 0.999998 0.00201149 0.00016372 -0.00201251 0.99995 0.00979969 -0.000144284 -0.00980031 0.999952 0.000863177 -0.152592 -0.264494
FixedParameters: 0 0 0

#Transform 126
Transform: AffineTransform_float_3_3
Parameters: 0.999999 0.00165042 0.000651327 -0.00165558 0.999961 0.00866494 -0.000636678 -0.00866607 0.999962 -0.0245197 -0.0862581 -0.292168
FixedParameters: 0 0 0

#Transform 127
Transform: AffineTransform_float_3_3
Parameters: 0.999999 0.00143172 0.000650984 -0.00143828 0.999952 0.00974508 -0.000637014 -0.00974593 0.999953 -0.0195824 -0.115863 -0.309008
FixedParameters: 0 0 0

#Transform 128
Transform: AffineTransform_float_3_3
Parameters: 0.999998 0.00188988 0.000657829 -0.00189711 0.999937 0.0109998 -0.000636169 -0.0110012 0.99994 -0.00507442 -0.191523 -0.346388
FixedParameters: 0 0 0

#Transform 129
Transform: AffineTransform_float_3_3
Parameters: 0.999998 0.00134956 0.000886542 -0.00135844 0.999942 0.0107368 -0.000871464 -0.0107382 0.999942 -0.0188882 -0.233949 -0.426102
FixedParameters: 0 0 0

#Transform 130
Transform: AffineTransform_float_3_3
Parameters: 0.999999 0.00125296 0.000235127 -0.00125504 0.99996 0.00887271 -0.000223873 -0.00887328 0.99996 0.00512501 -0.125745 -0.257554
FixedParameters: 0 0 0

#Transform 131
Transform: AffineTransform_float_3_3
Parameters: 0.999998 0.00171292 0.000268592 -0.00171507 0.999967 0.00792956 -0.000254407 -0.00793045 0.999969 -0.00787432 -0.0946994 -0.436618
FixedParameters: 0 0 0

#Transform 132
Transform: AffineTransform_float_3_3
Parameters: 0.999999 0.000178537 0.000758795 -0.000185465 0.999951 0.00984686 -0.00075721 -0.00984714 0.999951 0.0277617 -0.116933 0.104585
FixedParameters: 0 0 0

#Transform 133
Transform: AffineTransform_float_3_3
Parameters: 1 -6.26535e-05 0.00107748 5.33418e-05 0.99996 0.00895706 -0.00107852 -0.00895694 0.99996 0.0118605 -0.088601 -0.124847
FixedParameters: 0 0 0

#Transform 134
Transform: AffineTransform_float_3_3
Parameters: 0.999999 -0.000824886 0.000225706 0.000822123 0.999922 0.0125002 -0.000235296 -0.0125008 0.999922 0.0313043 -0.146954 0.0984363
FixedParameters: 0 0 0

#Transform 135
Transform: AffineTransform_float_3_3
Parameters: 0.999999 -0.000819023 -0.00042183 0.000821978 0.999975 0.00710566 0.000416169 -0.00710634 0.999974 0.0254128 -0.0452537 -0.0306395
FixedParameters: 0 0 0

#Transform 136
Transform: AffineTransform_float_3_3
Parameters: 1 -0.000818913 -0.000710575 0.00082209 0.99999 0.00435642 0.000707426 -0.00435658 0.999991 0.0310827 -0.00365524 -0.302901
FixedParameters: 0 0 0

#Transform 137
Transform: AffineTransform_float_3_3
Parameters: 1 -0.000818796 -0.000596425 0.000822208 0.999985 0.00539251 0.000592576 -0.00539249 0.999986 0.0292107 -0.0275748 -0.260576
FixedParameters: 0 0 0

#Transform 138
Transform: AffineTransform_float_3_3
Parameters: 1 -0.000204262 -0.000289235 0.000205743 0.999982 0.00602294 0.000288766 -0.00602306 0.999982 0.0164251 -0.0518543 -0.337475
FixedParameters: 0 0 0

#Transform 139
Transform: AffineTransform_float_3_3
Parameters: 0.999999 0.000198852 -0.000688617 -0.000194145 0.999975 0.00703914 0.000690383 -0.00703887 0.999975 0.0349681 -0.117134 -0.389669
FixedParameters: 0 0 0

#Transform 140
Transform: AffineTransform_float_3_3
Parameters: 0.999999 0.000366602 -0.000795349 -0.000363398 0.999989 0.00452529 0.000796653 -0.00452471 0.99999 0.0180488 0.0165217 -0.314609
FixedParameters: 0 0 0

#Transform 141
Transform: AffineTransform_float_3_3
Parameters: 1 -0.000406387 -0.000290271 0.000408617 0.999985 0.00557789 0.000288725 -0.00557812 0.999985 0.00861217 0.0909874 -0.136164
FixedParameters: 0 0 0

#Transform 142
Transform: AffineTransform_float_3_3
Parameters: 0.999999 0.00019338 -0.000687784 -0.000188618 0.999979 0.00636313 0.000689214 -0.00636287 0.99998 0.0427696 0.00661407 -0.175423
FixedParameters: 0 0 0

#Transform 143
Transform: AffineTransform_float_3_3
Parameters: 0.999999 -0.000472364 -0.000593109 0.000475635 0.99999 0.00445172 0.000590888 -0.00445228 0.99999 0.0363352 0.0541104 -0.264429
FixedParameters: 0 0 0

#Transform 144
Transform: AffineTransform_float_3_3
Parameters: 0.999999 -0.000840687 -9.09336e-05 0.000840312 0.999993 0.00348892 8.80686e-05 -0.00348907 0.999994 -0.010703 0.0684838 -0.4146
FixedParameters: 0 0 0

#Transform 145
Transform: AffineTransform_float_3_3
Parameters: 1 -0.000754212 -0.000682981 0.000755789 0.999997 0.00262249 0.00068102 -0.00262352 0.999997 0.0232297 0.083887 -0.229628
FixedParameters: 0 0 0

#Transform 146
Transform: AffineTransform_float_3_3
Parameters: 1 -0.000495466 -0.00100775 0.000499536 0.999993 0.0035105 0.00100625 -0.0035105 0.999994 0.0433026 -0.0158413 -0.195649
FixedParameters: 0 0 0

#Transform 147
Transform: AffineTransform_float_3_3
Parameters: 1 -0.000132918 -0.000681409 0.000135081 0.999996 0.00305691 0.00068059 -0.00305709 0.999995 0.0244802 0.0308567 -0.214275
FixedParameters: 0 0 0

#Transform 148
Transform: AffineTransform_float_3_3
Parameters: 0.999999 -0.000434442 -0.000681995 0.000435558 0.999998 0.0022857 0.000681006 -0.0022863 0.999997 0.0246925 0.0708886 -0.206105
FixedParameters: 0 0 0

#Transform 149
Transform: AffineTransform_float_3_3
Parameters: 0.999999 -0.000471957 -0.000681029 0.000472043 1 6.26785e-05 0.00068097 -6.33214e-05 1 0.0142712 0.127077 -0.255453
FixedParameters: 0 0 0

#Transform 150
Transform: AffineTransform_float_3_3
Parameters: 1 -0.000383923 -0.000499059 0.000383076 1 0.000152809 0.000498941 -0.000153192 1 0.0142539 0.146478 -0.253089
FixedParameters: 0 0 0

#Transform 151
Transform: AffineTransform_float_3_3
Parameters: 1 -0.000261004 3.99768e-05 0.000260996 1 8.90104e-05 -4.00232e-05 -8.89896e-05 1 -0.000160983 0.141507 -0.242893
FixedParameters: 0 0 0

#Transform 152
Transform: AffineTransform_float_3_3
Parameters: 1 -0.000177995 -3.50272e-05 0.000178005 1 0.000152994 3.49728e-05 -0.000153006 1 -0.00292622 0.122842 -0.237473
FixedParameters: 0 0 0

#Transform 153
Transform: AffineTransform_float_3_3
Parameters: 1 -6.40086e-05 5.59902e-05 6.39914e-05 1 0.000153004 -5.60098e-05 -0.000152996 1 -0.00213682 0.115168 -0.239432
FixedParameters: 0 0 0

#Transform 154
Transform: AffineTransform_float_3_3
Parameters: 1 0.000159949 4.91667e-05 -0.000160051 1 0.00104199 -4.88332e-05 -0.00104201 0.999999 0.00611372 0.0912262 -0.205926
FixedParameters: 0 0 0

#Transform 155
Transform: AffineTransform_float_3_3
Parameters: 1 0.000114861 0.000165097 -0.000115139 0.999999 0.00084098 -0.000164903 -0.000841018 0.999999 -0.00451181 0.116162 -0.208462
FixedParameters: 0 0 0

#Transform 156
Transform: AffineTransform_float_3_3
Parameters: 1 0.00016489 0.000191095 -0.00016511 1 0.000576968 -0.000190905 -0.000577031 1 0.00194028 0.125583 -0.221867
FixedParameters: 0 0 0

#Transform 157
Transform: AffineTransform_float_3_3
Parameters: 1 0.000243 1.40211e-07 -0.000243 1 0.000577 1.40211e-07 -0.000577 1 0.0151759 0.111997 -0.23588
FixedParameters: 0 0 0

#Transform 158
Transform: AffineTransform_float_3_3
Parameters: 1 0.000518156 -0.000111275 -0.000517844 0.999999 0.00140006 0.000111725 -0.00139994 0.999999 0.0156632 0.0949958 -0.201631
FixedParameters: 0 0 0

#Transform 159
Transform: AffineTransform_float_3_3
Parameters: 1 0.000132081 -9.68889e-05 -0.000131919 0.999999 0.000841012 9.61109e-05 -0.000840987 0.999999 0.0146242 0.126697 -0.205095
FixedParameters: 0 0 0

#Transform 160
Transform: AffineTransform_float_3_3
Parameters: 1 0.000313197 -0.00022072 -0.000312803 0.999999 0.000894068 0.00022028 -0.00089393 0.999999 0.0222246 0.124556 -0.218018
FixedParameters: 0 0 0

#Transform 161
Transform: AffineTransform_float_3_3
Parameters: 0.999999 0.000722105 0.000259708 -0.000721895 0.999999 -0.000404187 -0.000259292 0.000404813 1 0.00114917 0.176513 -0.0880956
FixedParameters: 0 0 0

#Transform 162
Transform: AffineTransform_float_3_3
Parameters: 1 0.00105187 0.00013201 -0.00105213 0.999999 0.000959861 -0.00013099 -0.000960138 0.999999 0.0105717 0.108487 -0.153921
FixedParameters: 0 0 0

#Transform 163
Transform: AffineTransform_float_3_3
Parameters: 1 0.000694036 -8.67126e-05 -0.000693964 0.999999 0.00041406 8.7288e-05 -0.000414939 1 0.0194746 0.131333 -0.2401
FixedParameters: 0 0 0

#Transform 164
Transform: AffineTransform_float_3_3
Parameters: 1 0.000369881 -0.000218201 -0.000370119 1 -0.000543919 0.000218799 0.000544081 1 0.0131628 0.15629 -0.253303
FixedParameters: 0 0 0

#Transform 165
Transform: AffineTransform_float_3_3
Parameters: 1 -6.42756e-05 -0.000153885 6.37243e-05 0.999999 -0.00179001 0.000154114 0.00178999 0.999999 0.0152437 0.185643 -0.272381
FixedParameters: 0 0 0

#Transform 166
Transform: AffineTransform_float_3_3
Parameters: 1 0.000113599 -0.000151302 -0.000114403 0.999997 -0.00265199 0.000151697 0.00265202 0.999997 0.0124056 0.209513 -0.270515
FixedParameters: 0 0 0

#Transform 167
Transform: AffineTransform_float_3_3
Parameters: 1 -6.50159e-05 -0.00027276 6.39832e-05 0.999993 -0.00372302 0.00027324 0.00372298 0.999993 0.0179189 0.236955 -0.319046
FixedParameters: 0 0 0

#Transform 168
Transform: AffineTransform_float_3_3
Parameters: 1 -6.59644e-05 -0.000458722 6.40344e-05 0.999991 -0.00428103 0.000459278 0.00428097 0.99999 0.0241056 0.236316 -0.323725
FixedParameters: 0 0 0

#Transform 169
Transform: AffineTransform_float_3_3
Parameters: 1 -0.000235406 -0.000264756 0.000234593 0.999986 -0.00529806 0.000266247 0.00529794 0.999986 0.00819396 0.262949 -0.334621
FixedParameters: 0 0 0

#Transform 170
Transform: AffineTransform_float_3_3
Parameters: 1 -6.76322e-05 -0.000680648 6.43712e-05 0.999986 -0.00533504 0.000680353 0.00533495 0.999985 0.0159544 0.270158 -0.311664
FixedParameters: 0 0 0

#Transform 171
Transform: AffineTransform_float_3_3
Parameters: 0.999999 -6.68584e-05 -0.000770757 6.41406e-05 0.999993 -0.00370805 0.000771243 0.00370795 0.999993 0.0189533 0.196172 -0.149078
FixedParameters: 0 0 0

#Transform 172
Transform: AffineTransform_float_3_3
Parameters: 1 -0.000217403 -0.000506976 0.000214597 0.999989 -0.00473511 0.000508022 0.00473489 0.999988 0.0116424 0.248507 -0.274627
FixedParameters: 0 0 0

#Transform 173
Transform: AffineTransform_float_3_3
Parameters: 1 -6.90419e-05 -0.000995663 6.39564e-05 0.999987 -0.00506307 0.000996337 0.00506293 0.999986 0.0267005 0.259117 -0.137045
FixedParameters: 0 0 0

#Transform 174
Transform: AffineTransform_float_3_3
Parameters: 1 -0.000579658 -0.000992141 0.000573344 0.999978 -0.00669758 0.000995862 0.00669643 0.999977 0.0124005 0.344622 -0.0795417
FixedParameters: 0 0 0

#Transform 175
Transform: AffineTransform_float_3_3
Parameters: 0.999999 -0.000576725 -0.000607485 0.000573272 0.999981 -0.00611435 0.000611517 0.00611465 0.999981 0.0155941 0.309406 -0.213205
FixedParameters: 0 0 0

#Transform 176
Transform: AffineTransform_float_3_3
Parameters: 1 -0.000577528 -0.000941238 0.000573475 0.999989 -0.00480254 0.000943766 0.00480246 0.999988 0.0168702 0.264744 -0.174432
FixedParameters: 0 0 0

#Transform 177
Transform: AffineTransform_float_3_3
Parameters: 0.999999 -0.000579152 -0.00117398 0.000573847 0.999986 -0.00523468 0.00117702 0.00523332 0.999985 0.0356717 0.275402 -0.25833
FixedParameters: 0 0 0

#Transform 178
Transform: AffineTransform_float_3_3
Parameters: 0.999999 -7.97548e-05 -0.000884584 7.52428e-05 0.999985 -0.00537407 0.000885417 0.00537393 0.999985 0.0266136 0.225729 -0.214386
FixedParameters: 0 0 0

#Transform 179
Transform: AffineTransform_float_3_3
Parameters: 0.999999 6.92955e-06 0.00080997 -7.0191e-08 0.999964 -0.00855501 -0.00081003 0.008555 0.999963 -0.0486052 0.388624 -0.0882156
FixedParameters: 0 0 0
