#Insight Transform File V1.0
#Transform 0
Transform: AffineTransform_float_3_3
Parameters: 0.999999 -0.000592831 -0.00139907 0.000593168 1 0.00012017 0.00139893 -0.000120829 0.999999 0.0529082 -0.0198847 0.00649865
FixedParameters: 0 0 0

#Transform 1
Transform: AffineTransform_float_3_3
Parameters: 0.999999 -0.00059194 -0.00134047 0.00059306 0.999999 0.000790205 0.00134053 -0.000790794 0.999999 0.0506723 -0.0171543 0.0257514
FixedParameters: 0 0 0

#Transform 2
Transform: AffineTransform_float_3_3
Parameters: 0.999999 -0.00045621 -0.00133993 0.00045579 1 -0.000156611 0.00134007 0.000156389 0.999999 0.0497369 -0.0481684 -0.0853316
FixedParameters: 0 0 0

#Transform 3
Transform: AffineTransform_float_3_3
Parameters: 0.999999 -0.000389174 -0.00133995 0.000388827 1 -0.000129521 0.00134005 0.000129479 0.999999 0.0475078 -0.0387555 -0.039374
FixedParameters: 0 0 0

#Transform 4
Transform: AffineTransform_float_3_3
Parameters: 0.999999 -0.000382816 -0.00134034 0.000384184 0.999999 0.000883485 0.00133966 -0.000883513 0.999998 0.0414985 -0.00436806 0.033359
FixedParameters: 0 0 0

#Transform 5
Transform: AffineTransform_float_3_3
Parameters: 0.999998 -0.000469004 -0.001614 0.000468996 1 -2.75696e-06 0.001614 2.24303e-06 0.999998 0.0397309 -0.0218474 -0.0317117
FixedParameters: 0 0 0

#Transform 6
Transform: AffineTransform_float_3_3
Parameters: 0.999999 -0.00039643 -0.00143388 0.000396569 1 -0.000300569 0.00143412 0.000299432 0.999999 0.0352367 -0.0150793 -0.0337903
FixedParameters: 0 0 0

#Transform 7
Transform: AffineTransform_float_3_3
Parameters: 0.999999 -0.000412203 -0.000916908 0.000411797 1 -0.000221378 0.00091709 0.000221622 0.999999 0.0233896 -0.000824333 -0.0281104
FixedParameters: 0 0 0

#Transform 8
Transform: AffineTransform_float_3_3
Parameters: 0.999999 -0.000145195 -0.000942969 0.000145805 1 -0.000207137 0.000943029 0.000206863 0.999999 0.0225534 -0.0176749 -0.0314286
FixedParameters: 0 0 0

#Transform 9
Transform: AffineTransform_float_3_3
Parameters: 0.999999 -0.000593002 -0.000727998 0.000592998 1 -2.4317e-06 0.000728001 2.56829e-06 0.999999 0.019888 0.00923604 -0.0079326
FixedParameters: 0 0 0

#Transform 10
Transform: AffineTransform_float_3_3
Parameters: 0.999999 -0.00059336 -0.000727706 0.000592639 0.999999 -0.000495431 0.000728293 0.000494568 0.999999 0.0199383 -0.0114941 -0.0601334
FixedParameters: 0 0 0

#Transform 11
Transform: AffineTransform_float_3_3
Parameters: 0.999999 -0.000364274 -0.000727862 0.000363725 1 -0.000377265 0.000728137 0.000376735 0.999999 0.01873 0.0100354 0.0166533
FixedParameters: 0 0 0

#Transform 12
Transform: AffineTransform_float_3_3
Parameters: 1 -0.000282269 -0.000970923 0.000281731 1 -0.000277274 0.000971079 0.000276726 1 0.0210718 0.0075253 -0.0271995
FixedParameters: 0 0 0

#Transform 13
Transform: AffineTransform_float_3_3
Parameters: 0.999999 -0.000244284 -0.000943926 0.000244716 1 -0.000301231 0.000944073 0.000300769 0.999999 0.0200874 0.00803323 0.0379976
FixedParameters: 0 0 0

#Transform 14
Transform: AffineTransform_float_3_3
Parameters: 0.999999 -6.6589e-05 -0.000849954 6.64109e-05 1 -0.000693057 0.000850046 0.000692944 1 0.0199681 -0.0108567 -0.061987
FixedParameters: 0 0 0

#Transform 15
Transform: AffineTransform_float_3_3
Parameters: 0.999999 -1.423e-05 -0.000727995 1.37699e-05 1 -0.00031601 0.000728004 0.00031599 0.999999 0.00611873 0.00968605 0.0306117
FixedParameters: 0 0 0

#Transform 16
Transform: AffineTransform_float_3_3
Parameters: 0.999999 6.1644e-05 -0.00072803 -6.23559e-05 1 -0.000488954 0.000727969 0.000489045 0.999999 0.016552 0.00509078 -0.0140403
FixedParameters: 0 0 0

#Transform 17
Transform: AffineTransform_float_3_3
Parameters: 0.999999 -0.000184086 -0.000727978 0.000183914 1 -0.000118134 0.000728021 0.000117866 0.999999 0.0177769 0.0134178 0.033196
FixedParameters: 0 0 0

#Transform 18
Transform: AffineTransform_float_3_3
Parameters: 0.999999 -9.47961e-05 -0.000728026 9.52038e-05 1 0.000279931 0.000727973 -0.000280069 0.999999 0.0270256 -0.000254757 -0.0168843
FixedParameters: 0 0 0

#Transform 19
Transform: AffineTransform_float_3_3
Parameters: 1 9.69411e-05 -9.00634e-05 -9.70588e-05 1 -0.000653991 8.99365e-05 0.000654008 1 0.0015817 -0.00553029 -0.000179824
FixedParameters: 0 0 0

#Transform 20
Transform: AffineTransform_float_3_3
Parameters: 1 -0.000156999 -2.50064e-05 0.000157001 1 4.09961e-05 2.49936e-05 -4.10039e-05 1 0.00146664 0.00363262 0.0061603
FixedParameters: 0 0 0

#Transform 21
Transform: AffineTransform_float_3_3
Parameters: 1 2.09856e-05 -2.50121e-05 -2.10144e-05 1 -0.000574999 2.49879e-05 0.000575 1 0.000520291 0.00510007 -0.0531932
FixedParameters: 0 0 0

#Transform 22
Transform: AffineTransform_float_3_3
Parameters: 1 -0.000190012 -2.49061e-05 0.000189988 1 -0.000494005 2.50939e-05 0.000493995 1 0.0129799 0.00672823 -0.0570714
FixedParameters: 0 0 0

#Transform 23
Transform: AffineTransform_float_3_3
Parameters: 1 -0.000308986 -2.51659e-05 0.000309013 1 0.000536992 2.48341e-05 -0.000537008 1 0.00880726 0.000833797 -0.0318911
FixedParameters: 0 0 0

#Transform 24
Transform: AffineTransform_float_3_3
Parameters: 1 -0.000250006 -2.49367e-05 0.000249994 1 -0.000253006 2.50632e-05 0.000252994 1 0.00187644 0.0112766 -0.0830755
FixedParameters: 0 0 0

#Transform 25
Transform: AffineTransform_float_3_3
Parameters: 1 -0.000324006 -2.4918e-05 0.000323994 1 -0.000253008 2.5082e-05 0.000252992 1 -0.00241892 0.0114804 -0.0689956
FixedParameters: 0 0 0

#Transform 26
Transform: AffineTransform_float_3_3
Parameters: 1 -0.000255985 6.10648e-05 0.000256015 1 -0.000252984 -6.09352e-05 0.000253016 1 -0.000138369 0.0252626 -0.0537124
FixedParameters: 0 0 0

#Transform 27
Transform: AffineTransform_float_3_3
Parameters: 1 1.60465e-05 4.69841e-05 -1.59535e-05 0.999999 -0.000989 -4.70158e-05 0.000988998 0.999999 -0.00107117 0.00164239 -0.0729554
FixedParameters: 0 0 0

#Transform 28
Transform: AffineTransform_float_3_3
Parameters: 1 -0.000258015 -2.48421e-05 0.000257985 1 -0.000612006 2.51579e-05 0.000611993 1 0.00859549 0.0240481 -0.0554482
FixedParameters: 0 0 0

#Transform 29
Transform: AffineTransform_float_3_3
Parameters: 1 -0.000125602 0.000217231 0.000126398 0.999999 -0.00183297 -0.000216769 0.00183303 0.999999 -0.00433748 0.0503483 -0.139358
FixedParameters: 0 0 0

#Transform 30
Transform: AffineTransform_float_3_3
Parameters: 0.999999 6.42432e-05 0.000874981 -6.47567e-05 1 -0.000278057 -0.000875017 0.000277944 0.999999 -0.0131005 0.0104489 -0.127711
FixedParameters: 0 0 0

#Transform 31
Transform: AffineTransform_float_3_3
Parameters: 1 0.000256812 0.000292165 -0.000257188 1 0.000642925 -0.000291835 -0.000643075 1 -0.00819595 0.0193137 -0.07292
FixedParameters: 0 0 0

#Transform 32
Transform: AffineTransform_float_3_3
Parameters: 1 0.000222985 0.000404008 -0.000223015 1 3.79099e-05 -0.000403991 -3.80901e-05 1 -0.010516 0.0280148 -0.104671
FixedParameters: 0 0 0

#Transform 33
Transform: AffineTransform_float_3_3
Parameters: 0.999999 4.5785e-05 0.000799012 -4.62149e-05 1 0.000268963 -0.000798987 -0.000269037 0.999999 -0.00478386 0.0168615 -0.117367
FixedParameters: 0 0 0

#Transform 34
Transform: AffineTransform_float_3_3
Parameters: 1 -2.59517e-05 0.000619002 2.60483e-05 1 -7.79839e-05 -0.000618998 7.80161e-05 1 0.0189869 0.0251221 -0.0676068
FixedParameters: 0 0 0

#Transform 35
Transform: AffineTransform_float_3_3
Parameters: 0.999998 0.000472593 0.00156073 -0.000475407 0.999998 0.00154226 -0.00156027 -0.00154274 0.999997 0.00357203 0.00682801 -0.0059942
FixedParameters: 0 0 0

#Transform 36
Transform: AffineTransform_float_3_3
Parameters: 0.999999 0.000815137 0.00156202 -0.000818863 0.999996 0.00247372 -0.00155998 -0.00247527 0.999995 0.00178704 -0.00777241 -0.0433007
FixedParameters: 0 0 0

#Transform 37
Transform: AffineTransform_float_3_3
Parameters: 0.999998 0.0011496 0.00167971 -0.0011554 0.999994 0.00321807 -0.00167629 -0.00321994 0.999994 0.0144928 -0.0743484 -0.241708
FixedParameters: 0 0 0

#Transform 38
Transform: AffineTransform_float_3_3
Parameters: 0.999997 0.000750205 0.00225995 -0.000762797 0.999986 0.00522329 -0.00225605 -0.00522471 0.999984 -0.0139292 -0.0348851 0.000303435
FixedParameters: 0 0 0

#Transform 39
Transform: AffineTransform_float_3_3
Parameters: 0.999997 -0.000517945 0.00210655 0.000512056 0.999996 0.00282208 -0.00210745 -0.00282091 0.999994 -0.0263748 -0.00326262 0.0255512
FixedParameters: 0 0 0

#Transform 40
Transform: AffineTransform_float_3_3
Parameters: 0.999999 -0.000241762 0.00179824 0.000236238 0.999995 0.00320443 -0.00179877 -0.00320357 0.999993 -0.00830685 0.00976067 0.0339656
FixedParameters: 0 0 0

#Transform 41
Transform: AffineTransform_float_3_3
Parameters: 0.999997 -0.000516544 0.00211089 0.000511454 0.999997 0.00215308 -0.00211211 -0.00215191 0.999996 -0.00392179 0.0158654 -0.0492145
FixedParameters: 0 0 0

#Transform 42
Transform: AffineTransform_float_3_3
Parameters: 0.999998 -0.000148269 0.00194061 0.000142732 0.999997 0.00271528 -0.0019404 -0.00271472 0.999995 -0.00182936 -0.0139006 -0.0651522
FixedParameters: 0 0 0

#Transform 43
Transform: AffineTransform_float_3_3
Parameters: 0.999999 9.93287e-05 0.0015603 -0.000104673 0.999995 0.00299384 -0.00156069 -0.00299416 0.999995 -0.00435302 -0.0207035 -0.043826
FixedParameters: 0 0 0

#Transform 44
Transform: AffineTransform_float_3_3
Parameters: 0.999998 0.000697894 0.00156184 -0.000702106 0.999997 0.00262991 -0.00156016 -0.00263109 0.999996 0.0240725 -0.0405759 -0.163462
FixedParameters: 0 0 0

#Transform 45
Transform: AffineTransform_float_3_3
Parameters: 0.999998 0.000667855 0.00186385 -0.000673145 0.999996 0.00276075 -0.00186215 -0.00276225 0.999995 0.0172938 -0.0039648 -0.118776
FixedParameters: 0 0 0

#Transform 46
Transform: AffineTransform_float_3_3
Parameters: 0.999998 0.00104108 0.00156262 -0.00104493 0.999997 0.00251337 -0.00156038 -0.00251463 0.999995 0.0225234 0.0202643 -0.0548328
FixedParameters: 0 0 0

#Transform 47
Transform: AffineTransform_float_3_3
Parameters: 0.999998 0.000669478 0.00156151 -0.000672523 0.999997 0.00225595 -0.00156049 -0.00225705 0.999996 0.0212162 0.0269442 -0.0126851
FixedParameters: 0 0 0

#Transform 48
Transform: AffineTransform_float_3_3
Parameters: 0.999999 0.000670495 0.00135524 -0.000672507 0.999998 0.00184909 -0.00135476 -0.00184991 0.999998 0.0290889 0.0114526 -0.0792234
FixedParameters: 0 0 0

#Transform 49
Transform: AffineTransform_float_3_3
Parameters: 0.999996 0.00162219 0.002063 -0.00162581 0.999997 0.00184665 -0.00206 -0.00184935 0.999996 0.00785911 0.0141959 -0.041443
FixedParameters: 0 0 0

#Transform 50
Transform: AffineTransform_float_3_3
Parameters: 0.999996 0.00194254 0.00194746 -0.00194446 0.999998 0.00126422 -0.00194454 -0.00126778 0.999998 0.00886494 0.0226411 -0.0677338
FixedParameters: 0 0 0

#Transform 51
Transform: AffineTransform_float_3_3
Parameters: 0.999996 0.00194319 0.00202374 -0.00194481 0.999997 0.000893067 -0.00202226 -0.000896933 0.999997 0.00711631 0.0352305 -0.0239692
FixedParameters: 0 0 0

#Transform 52
Transform: AffineTransform_float_3_3
Parameters: 0.999997 0.00194526 0.00189273 -0.00194474 0.999998 -0.000140681 -0.00189327 0.000137318 0.999998 0.0100469 0.0342795 -0.0735579
FixedParameters: 0 0 0

#Transform 53
Transform: AffineTransform_float_3_3
Parameters: 0.999995 0.00232069 0.00221537 -0.00232131 0.999997 0.000588861 -0.00221363 -0.00059414 0.999998 0.000812022 0.0511715 0.00500446
FixedParameters: 0 0 0

#Transform 54
Transform: AffineTransform_float_3_3
Parameters: 0.999993 0.00270336 0.00267165 -0.00270364 0.999997 0.000236779 -0.00267035 -0.000244221 0.999997 -0.0118867 0.0483614 -0.0668851
FixedParameters: 0 0 0

#Transform 55
Transform: AffineTransform_float_3_3
Parameters: 0.999994 0.00274076 0.00241155 -0.00274224 0.999996 0.000925393 -0.00240846 -0.000931607 0.999996 -0.00597655 0.0426316 -0.0314841
FixedParameters: 0 0 0

#Transform 56
Transform: AffineTransform_float_3_3
Parameters: 0.999992 0.00278286 0.00266424 -0.00278514 0.999996 0.000801586 -0.00266176 -0.000808413 0.999996 -0.0120931 0.0400751 -0.0760559
FixedParameters: 0 0 0

#Transform 57
Transform: AffineTransform_float_3_3
Parameters: 0.999994 0.00283596 0.00219723 -0.00284005 0.999995 0.00184077 -0.00219177 -0.00184723 0.999996 -0.00530169 0.0699228 0.0262993
FixedParameters: 0 0 0

#Transform 58
Transform: AffineTransform_float_3_3
Parameters: 0.999992 0.00293657 0.00273546 -0.00293643 0.999995 0.000151969 -0.00273454 -0.000160031 0.999996 -0.0145447 0.0379124 -0.0872421
FixedParameters: 0 0 0

#Transform 59
Transform: AffineTransform_float_3_3
Parameters: 0.999992 0.00293507 0.00273708 -0.00293694 0.999996 0.000702967 -0.00273492 -0.000711033 0.999996 -0.0143937 0.0446693 -0.0363915
FixedParameters: 0 0 0

#Transform 60
Transform: AffineTransform_float_3_3
Parameters: 0.999993 0.00293481 0.00241067 -0.00293719 0.999996 0.000905926 -0.00240833 -0.000913075 0.999996 -0.00692631 0.0543245 -0.0532886
FixedParameters: 0 0 0

#Transform 61
Transform: AffineTransform_float_3_3
Parameters: 0.999993 0.00293514 0.00232835 -0.00293687 0.999996 0.000798168 -0.00232665 -0.000804835 0.999997 -0.0190746 0.0451616 -0.0598841
FixedParameters: 0 0 0

#Transform 62
Transform: AffineTransform_float_3_3
Parameters: 0.999992 0.00319697 0.00232879 -0.00319903 0.999994 0.000869556 -0.00232621 -0.000877443 0.999997 -0.0172887 0.0387715 -0.0406718
FixedParameters: 0 0 0

#Transform 63
Transform: AffineTransform_float_3_3
Parameters: 0.999991 0.00329819 0.00292305 -0.00330082 0.999995 0.000616357 -0.00292095 -0.00062564 0.999995 -0.0353099 0.0407679 -0.0912441
FixedParameters: 0 0 0

#Transform 64
Transform: AffineTransform_float_3_3
Parameters: 0.999993 0.00293431 0.00258706 -0.00293669 0.999995 0.00103741 -0.00258395 -0.00104459 0.999996 -0.0222004 0.0421433 -0.0286189
FixedParameters: 0 0 0

#Transform 65
Transform: AffineTransform_float_3_3
Parameters: 0.99999 0.00333321 0.00290191 -0.00333479 0.999995 0.000267325 -0.00290109 -0.000277673 0.999996 -0.0401394 0.0490757 -0.0330763
FixedParameters: 0 0 0

#Transform 66
Transform: AffineTransform_float_3_3
Parameters: 0.999991 0.0030507 0.00269134 -0.0030513 0.999996 0.000105789 -0.00269166 -0.000114212 0.999997 -0.0311243 0.0633785 -0.0529711
FixedParameters: 0 0 0

#Transform 67
Transform: AffineTransform_float_3_3
Parameters: 0.999991 0.00341823 0.00275796 -0.00341977 0.999994 0.000275571 -0.00275704 -0.000285427 0.999996 -0.0371784 0.0688738 -0.0327745
FixedParameters: 0 0 0

#Transform 68
Transform: AffineTransform_float_3_3
Parameters: 0.99999 0.00350112 0.00297803 -0.00350188 0.999994 0.000289574 -0.00297697 -0.000299426 0.999995 -0.0362337 0.0849256 -0.0353124
FixedParameters: 0 0 0

#Transform 69
Transform: AffineTransform_float_3_3
Parameters: 0.99999 0.0035713 0.00293708 -0.00357271 0.999994 0.000576513 -0.00293492 -0.000586488 0.999995 -0.0446264 0.0862527 -0.0219714
FixedParameters: 0 0 0

#Transform 70
Transform: AffineTransform_float_3_3
Parameters: 0.999989 0.00359947 0.0027597 -0.00360054 0.999994 0.000189066 -0.0027593 -0.000198934 0.999996 -0.0436154 0.0951101 0.0194518
FixedParameters: 0 0 0

#Transform 71
Transform: AffineTransform_float_3_3
Parameters: 0.99999 0.00350544 0.00297984 -0.00350656 0.999993 0.000519557 -0.00297816 -0.000530445 0.999996 -0.0403061 0.100156 -0.00403711
FixedParameters: 0 0 0

#Transform 72
Transform: AffineTransform_float_3_3
Parameters: 0.999989 0.00347213 0.0029542 -0.00347387 0.999994 0.000627744 -0.0029518 -0.000637256 0.999996 -0.0362788 0.121863 0.0560423
FixedParameters: 0 0 0

#Transform 73
Transform: AffineTransform_float_3_3
Parameters: 0.999989 0.00355367 0.00285865 -0.00355432 0.999993 0.000458844 -0.00285735 -0.000468159 0.999996 -0.0279522 0.104532 0.0108225
FixedParameters: 0 0 0

#Transform 74
Transform: AffineTransform_float_3_3
Parameters: 0.999988 0.00371878 0.00296852 -0.00372022 0.999993 0.000404961 -0.00296647 -0.000416036 0.999995 -0.0450412 0.0749613 -0.0112865
FixedParameters: 0 0 0

#Transform 75
Transform: AffineTransform_float_3_3
Parameters: 0.999989 0.00369187 0.00297016 -0.00369113 0.999993 3.70372e-05 -0.00297084 -4.89685e-05 0.999995 -0.0470884 0.0805089 -0.0216833
FixedParameters: 0 0 0

#Transform 76
Transform: AffineTransform_float_3_3
Parameters: 0.999989 0.00362116 0.00291529 -0.00362285 0.999993 0.000627445 -0.00291371 -0.000637558 0.999995 -0.04695 0.0891561 -0.0272451
FixedParameters: 0 0 0

#Transform 77
Transform: AffineTransform_float_3_3
Parameters: 0.99999 0.00349608 0.00303121 -0.00349792 0.999993 0.000627404 -0.00302879 -0.000637596 0.999995 -0.048908 0.0894181 0.000552381
FixedParameters: 0 0 0

#Transform 78
Transform: AffineTransform_float_3_3
Parameters: 0.999988 0.00352635 0.00344467 -0.00352765 0.999994 0.000182851 -0.00344433 -0.000195148 0.999994 -0.0656351 0.0886511 -0.0318179
FixedParameters: 0 0 0

#Transform 79
Transform: AffineTransform_float_3_3
Parameters: 0.999988 0.00355757 0.00319859 -0.00355842 0.999993 0.000440623 -0.00319741 -0.00045238 0.999995 -0.0533353 0.0720619 -0.040405
FixedParameters: 0 0 0

#Transform 80
Transform: AffineTransform_float_3_3
Parameters: 0.999989 0.00353631 0.00324867 -0.0035357 0.999993 -9.94874e-05 -0.00324833 8.85139e-05 0.999994 -0.0541608 0.0875584 -0.0278725
FixedParameters: 0 0 0

#Transform 81
Transform: AffineTransform_float_3_3
Parameters: 0.999989 0.00347022 0.00331177 -0.00346978 0.999994 -7.24919e-05 -0.00331223 6.05065e-05 0.999994 -0.0641247 0.0977517 -0.059285
FixedParameters: 0 0 0

#Transform 82
Transform: AffineTransform_float_3_3
Parameters: 0.999987 0.00324269 0.00391377 -0.00324031 0.999994 -0.000693691 -0.00391623 0.000681309 0.999992 -0.102831 0.0942101 -0.0371769
FixedParameters: 0 0 0

#Transform 83
Transform: AffineTransform_float_3_3
Parameters: 0.999988 0.00327983 0.00383444 -0.00327817 0.999994 -0.000482576 -0.00383656 0.000470422 0.999992 -0.0911671 0.115542 -0.0360302
FixedParameters: 0 0 0

#Transform 84
Transform: AffineTransform_float_3_3
Parameters: 0.999986 0.00338044 0.00389689 -0.00337856 0.999994 -0.000632174 -0.00389911 0.000618828 0.999992 -0.0865246 0.118656 -0.0149936
FixedParameters: 0 0 0

#Transform 85
Transform: AffineTransform_float_3_3
Parameters: 0.999984 0.00388383 0.0040633 -0.00388118 0.999992 -0.000702781 -0.0040657 0.00068722 0.999991 -0.106828 0.119368 -0.0505292
FixedParameters: 0 0 0

#Transform 86
Transform: AffineTransform_float_3_3
Parameters: 0.999986 0.00370432 0.00394689 -0.00370168 0.999993 -0.000848622 -0.00395011 0.000833379 0.999992 -0.0922421 0.123091 -0.0471417
FixedParameters: 0 0 0

#Transform 87
Transform: AffineTransform_float_3_3
Parameters: 0.999985 0.00370288 0.00414033 -0.00370113 0.999993 -0.000459331 -0.00414168 0.000444671 0.999992 -0.0967421 0.114167 -0.0300845
FixedParameters: 0 0 0

#Transform 88
Transform: AffineTransform_float_3_3
Parameters: 0.999985 0.00370599 0.00404243 -0.00370101 0.999993 -0.00124198 -0.00404657 0.00122702 0.999991 -0.0907893 0.106811 -0.0740063
FixedParameters: 0 0 0

#Transform 89
Transform: AffineTransform_float_3_3
Parameters: 0.999985 0.00370378 0.00398641 -0.00370121 0.999993 -0.000705765 -0.00398958 0.000690233 0.999992 -0.0940896 0.108331 -0.0284214
FixedParameters: 0 0 0

#Transform 90
Transform: AffineTransform_float_3_3
Parameters: 0.999985 0.00370496 0.00399833 -0.00370104 0.999992 -0.000996812 -0.00400266 0.000982184 0.999991 -0.0857953 0.126519 0.0154008
FixedParameters: 0 0 0

#Transform 91
Transform: AffineTransform_float_3_3
Parameters: 0.999982 0.00431942 0.00399724 -0.00431458 0.99999 -0.00111227 -0.00400277 0.00109573 0.999992 -0.0784607 0.127956 0.0239517
FixedParameters: 0 0 0

#Transform 92
Transform: AffineTransform_float_3_3
Parameters: 0.999985 0.00370365 0.00399955 -0.00370135 0.999993 -0.000669813 -0.00400245 0.000655186 0.999992 -0.0797137 0.136759 0.0400543
FixedParameters: 0 0 0

#Transform 93
Transform: AffineTransform_float_3_3
Parameters: 0.999985 0.00389905 0.00400196 -0.00389896 0.999993 -1.96037e-05 -0.00400205 3.3959e-06 0.999992 -0.0732728 0.124216 0.0297817
FixedParameters: 0 0 0

#Transform 94
Transform: AffineTransform_float_3_3
Parameters: 0.999983 0.00411982 0.00427229 -0.00411719 0.999992 -0.000667602 -0.00427471 0.0006494 0.99999 -0.0759794 0.0991703 -0.0795371
FixedParameters: 0 0 0

#Transform 95
Transform: AffineTransform_float_3_3
Parameters: 0.999984 0.00420861 0.00383023 -0.00420739 0.999991 -0.000429122 -0.00383177 0.00041288 0.999992 -0.0658028 0.118197 0.0247334
FixedParameters: 0 0 0

#Transform 96
Transform: AffineTransform_float_3_3
Parameters: 0.999983 0.00411783 0.00427321 -0.00411718 0.999992 -0.000201597 -0.00427379 0.000183405 0.999991 -0.0755966 0.138091 -0.0246348
FixedParameters: 0 0 0

#Transform 97
Transform: AffineTransform_float_3_3
Parameters: 0.999983 0.00388235 0.00436858 -0.00388365 0.999993 0.000140037 -0.00436842 -0.000156963 0.999991 -0.0735318 0.123796 -0.0272289
FixedParameters: 0 0 0

#Transform 98
Transform: AffineTransform_float_3_3
Parameters: 0.999982 0.00412323 0.00448312 -0.00411878 0.999991 -0.000951482 -0.00448688 0.000932516 0.999989 -0.0808263 0.125509 -0.086476
FixedParameters: 0 0 0

#Transform 99
Transform: AffineTransform_float_3_3
Parameters: 0.999984 0.00370337 0.00424994 -0.00370163 0.999993 -0.000564741 -0.00425206 0.000549262 0.999991 -0.0730714 0.125826 -0.0441046
FixedParameters: 0 0 0

#Transform 100
Transform: AffineTransform_float_3_3
Parameters: 0.999982 0.00411074 0.00432061 -0.00410427 0.999991 -0.00156576 -0.0043264 0.00154824 0.99999 -0.0803555 0.0925759 -0.0976339
FixedParameters: 0 0 0

#Transform 101
Transform: AffineTransform_float_3_3
Parameters: 0.999985 0.00388667 0.00399844 -0.00388333 0.999992 -0.000924541 -0.00400256 0.000909457 0.999991 -0.0679944 0.127857 0.0224999
FixedParameters: 0 0 0

#Transform 102
Transform: AffineTransform_float_3_3
Parameters: 0.999983 0.00410097 0.00399793 -0.00409703 0.999991 -0.0010014 -0.00400207 0.000984604 0.999992 -0.0695847 0.110266 -0.0602098
FixedParameters: 0 0 0

#Transform 103
Transform: AffineTransform_float_3_3
Parameters: 0.99998 0.0043631 0.00457719 -0.0043569 0.999989 -0.00134197 -0.00458281 0.00132203 0.999988 -0.0844898 0.0947609 -0.111208
FixedParameters: 0 0 0

#Transform 104
Transform: AffineTransform_float_3_3
Parameters: 0.999983 0.00370481 0.00453389 -0.00370119 0.999993 -0.000847795 -0.00453711 0.000831205 0.99999 -0.0799471 0.109376 -0.100214
FixedParameters: 0 0 0

#Transform 105
Transform: AffineTransform_float_3_3
Parameters: 0.999981 0.00410715 0.00456026 -0.00410285 0.999991 -0.000919728 -0.00456374 0.000900273 0.999989 -0.0827464 0.115245 -0.114772
FixedParameters: 0 0 0

#Transform 106
Transform: AffineTransform_float_3_3
Parameters: 0.99998 0.00414612 0.00491132 -0.00413788 0.999989 -0.00186536 -0.00491869 0.00184464 0.999986 -0.0912931 0.116067 -0.184275
FixedParameters: 0 0 0

#Transform 107
Transform: AffineTransform_float_3_3
Parameters: 0.999982 0.00370424 0.00482252 -0.00370176 0.999993 -0.000680864 -0.00482449 0.000662141 0.999988 -0.0928785 0.146762 -0.0764764
FixedParameters: 0 0 0

#Transform 108
Transform: AffineTransform_float_3_3
Parameters: 0.999979 0.00412772 0.00502277 -0.00412529 0.999992 -0.000550732 -0.00502523 0.000530269 0.999987 -0.1064 0.146245 -0.131017
FixedParameters: 0 0 0

#Transform 109
Transform: AffineTransform_float_3_3
Parameters: 0.999978 0.00391555 0.00523158 -0.00391544 0.999993 -0.000116487 -0.00523241 9.55143e-05 0.999987 -0.106435 0.140481 -0.129112
FixedParameters: 0 0 0

#Transform 110
Transform: AffineTransform_float_3_3
Parameters: 0.999977 0.00429532 0.00520892 -0.00429468 0.99999 -0.000264377 -0.00521009 0.000242627 0.999987 -0.0984235 0.143849 -0.0962732
FixedParameters: 0 0 0

#Transform 111
Transform: AffineTransform_float_3_3
Parameters: 0.999977 0.00423891 0.00530487 -0.00423509 0.999991 -0.000748483 -0.00530712 0.00072652 0.999985 -0.111974 0.122275 -0.131101
FixedParameters: 0 0 0

#Transform 112
Transform: AffineTransform_float_3_3
Parameters: 0.999978 0.00423559 0.00512151 -0.00423541 0.999991 -0.000125694 -0.00512249 0.000104306 0.999987 -0.0963219 0.108294 -0.102183
FixedParameters: 0 0 0

#Transform 113
Transform: AffineTransform_float_3_3
Parameters: 0.999976 0.00423731 0.00547921 -0.00423469 0.999991 -0.000433213 -0.00548078 0.000409786 0.999985 -0.104522 0.114644 -0.0974864
FixedParameters: 0 0 0

#Transform 114
Transform: AffineTransform_float_3_3
Parameters: 0.999977 0.00424484 0.00540729 -0.00423516 0.99999 -0.00182994 -0.00541471 0.00180706 0.999983 -0.103025 0.128207 -0.116291
FixedParameters: 0 0 0

#Transform 115
Transform: AffineTransform_float_3_3
Parameters: 0.999974 0.00424057 0.00592402 -0.00423543 0.99999 -0.000953116 -0.00592799 0.000927886 0.999982 -0.114793 0.125102 -0.100964
FixedParameters: 0 0 0

#Transform 116
Transform: AffineTransform_float_3_3
Parameters: 0.999974 0.0042376 0.00582511 -0.0042354 0.999991 -0.000458684 -0.00582689 0.000434319 0.999983 -0.0900656 0.127572 -0.0745322
FixedParameters: 0 0 0

#Transform 117
Transform: AffineTransform_float_3_3
Parameters: 0.999971 0.00463257 0.00614656 -0.00462844 0.999989 -0.000756471 -0.00615044 0.000728529 0.999981 -0.116838 0.117352 -0.087274
FixedParameters: 0 0 0

#Transform 118
Transform: AffineTransform_float_3_3
Parameters: 0.999971 0.00483122 0.00577763 -0.00482577 0.999988 -0.000917907 -0.00578136 0.000890094 0.999983 -0.0844464 0.138217 -0.0672078
FixedParameters: 0 0 0

#Transform 119
Transform: AffineTransform_float_3_3
Parameters: 0.999964 0.00531333 0.00669783 -0.00530267 0.999984 -0.00155857 -0.00670619 0.00152342 0.999977 -0.115281 0.179366 0.00874813
FixedParameters: 0 0 0

#Transform 120
Transform: AffineTransform_float_3_3
Parameters: 0.999966 0.00531834 0.00633014 -0.00530266 0.999983 -0.00243765 -0.00634286 0.00240435 0.999977 -0.107608 0.168736 -0.0815707
FixedParameters: 0 0 0

#Transform 121
Transform: AffineTransform_float_3_3
Parameters: 0.99997 0.00531445 0.00563422 -0.00530255 0.999984 -0.00204594 -0.00564478 0.00201606 0.999982 -0.0912645 0.169099 -0.0523782
FixedParameters: 0 0 0

#Transform 122
Transform: AffineTransform_float_3_3
Parameters: 0.999971 0.0052474 0.00538393 -0.00523459 0.999983 -0.00231625 -0.00539606 0.00228775 0.999983 -0.0990916 0.174502 -0.0788616
FixedParameters: 0 0 0

#Transform 123
Transform: AffineTransform_float_3_3
Parameters: 0.99997 0.00531922 0.00566281 -0.00530278 0.999982 -0.00287511 -0.00567819 0.00284588 0.99998 -0.10226 0.145437 -0.180266
FixedParameters: 0 0 0

#Transform 124
Transform: AffineTransform_float_3_3
Parameters: 0.999972 0.00531734 0.00523046 -0.00530266 0.999982 -0.00275181 -0.00524554 0.00272418 0.999982 -0.0986238 0.161909 -0.149366
FixedParameters: 0 0 0

#Transform 125
Transform: AffineTransform_float_3_3
Parameters: 0.999973 0.00522571 0.0052915 -0.00521229 0.999983 -0.00260065 -0.0053055 0.00257335 0.999982 -0.104612 0.15022 -0.170406
FixedParameters: 0 0 0

#Transform 126
Transform: AffineTransform_float_3_3
Parameters: 0.999972 0.00531281 0.00529518 -0.00530319 0.999984 -0.00186513 -0.00530583 0.00183686 0.999984 -0.110708 0.157793 -0.144789
FixedParameters: 0 0 0

#Transform 127
Transform: AffineTransform_float_3_3
Parameters: 0.999972 0.00531341 0.00529457 -0.00530258 0.999984 -0.00197913 -0.00530543 0.00195086 0.999984 -0.110388 0.168213 -0.130606
FixedParameters: 0 0 0

#Transform 128
Transform: AffineTransform_float_3_3
Parameters: 0.99997 0.00531617 0.0056777 -0.00530283 0.999983 -0.00233218 -0.00569031 0.00230282 0.999981 -0.11528 0.176444 -0.187406
FixedParameters: 0 0 0

#Transform 129
Transform: AffineTransform_float_3_3
Parameters: 0.999972 0.00531566 0.00529232 -0.00530334 0.999983 -0.00240313 -0.00530568 0.00237486 0.999983 -0.111438 0.178018 -0.175113
FixedParameters: 0 0 0

#Transform 130
Transform: AffineTransform_float_3_3
Parameters: 0.999972 0.00531528 0.0052927 -0.00530273 0.999983 -0.00233013 -0.0053053 0.00230287 0.999984 -0.110277 0.176366 -0.156273
FixedParameters: 0 0 0

#Transform 131
Transform: AffineTransform_float_3_3
Parameters: 0.99997 0.00531342 0.00550496 -0.00530258 0.999984 -0.00190525 -0.00551503 0.00187575 0.999983 -0.102995 0.153316 -0.156385
FixedParameters: 0 0 0

#Transform 132
Transform: AffineTransform_float_3_3
Parameters: 0.999971 0.00531692 0.00557075 -0.00530308 0.999983 -0.00251062 -0.00558326 0.00248139 0.999982 -0.089854 0.175705 -0.0821742
FixedParameters: 0 0 0

#Transform 133
Transform: AffineTransform_float_3_3
Parameters: 0.99997 0.00567855 0.00529157 -0.00566545 0.999981 -0.00238305 -0.00530543 0.00235294 0.999983 -0.0853577 0.176657 -0.081089
FixedParameters: 0 0 0

#Transform 134
Transform: AffineTransform_float_3_3
Parameters: 0.99997 0.00555849 0.00528772 -0.0055425 0.999979 -0.0031284 -0.00530528 0.0030986 0.999981 -0.0848293 0.194154 -0.112209
FixedParameters: 0 0 0

#Transform 135
Transform: AffineTransform_float_3_3
Parameters: 0.999972 0.00564779 0.00489442 -0.00563621 0.999981 -0.00242065 -0.00490758 0.00239235 0.999985 -0.0761509 0.177523 -0.105364
FixedParameters: 0 0 0

#Transform 136
Transform: AffineTransform_float_3_3
Parameters: 0.999971 0.0052463 0.00561969 -0.00523171 0.999983 -0.00255548 -0.00563331 0.00252552 0.999981 -0.0908889 0.181636 -0.159294
FixedParameters: 0 0 0

#Transform 137
Transform: AffineTransform_float_3_3
Parameters: 0.999974 0.00502115 0.00515411 -0.00501285 0.999986 -0.00178588 -0.0051629 0.00176012 0.999985 -0.0786489 0.187636 -0.119624
FixedParameters: 0 0 0

#Transform 138
Transform: AffineTransform_float_3_3
Parameters: 0.999969 0.00572101 0.00531912 -0.00570899 0.999981 -0.00226944 -0.00533189 0.00223957 0.999984 -0.0859272 0.211089 -0.0741229
FixedParameters: 0 0 0

#Transform 139
Transform: AffineTransform_float_3_3
Parameters: 0.999973 0.0053111 0.00494531 -0.00530289 0.999984 -0.00165027 -0.00495369 0.00162373 0.999987 -0.0750348 0.19748 -0.0562107
FixedParameters: 0 0 0

#Transform 140
Transform: AffineTransform_float_3_3
Parameters: 0.999978 0.00530931 0.00413291 -0.00530269 0.999985 -0.00153695 -0.0041401 0.00151505 0.999991 -0.0563458 0.182934 -0.0790877
FixedParameters: 0 0 0

#Transform 141
Transform: AffineTransform_float_3_3
Parameters: 0.999976 0.0056189 0.0040705 -0.0056111 0.999983 -0.00170388 -0.0040805 0.00168111 0.999991 -0.0542859 0.13636 -0.157189
FixedParameters: 0 0 0

#Transform 142
Transform: AffineTransform_float_3_3
Parameters: 0.999978 0.00536544 0.00371314 -0.00536055 0.999984 -0.00147494 -0.00372086 0.00145507 0.999992 -0.0470181 0.164641 -0.0520026
FixedParameters: 0 0 0

#Transform 143
Transform: AffineTransform_float_3_3
Parameters: 0.999976 0.00567748 0.0041177 -0.00566952 0.999983 -0.00182639 -0.00412729 0.00180261 0.99999 -0.0705411 0.170979 -0.132352
FixedParameters: 0 0 0

#Transform 144
Transform: AffineTransform_float_3_3
Parameters: 0.999975 0.00591751 0.00370904 -0.00590949 0.999981 -0.00203297 -0.00372096 0.00201103 0.999991 -0.0634164 0.166162 -0.106026
FixedParameters: 0 0 0

#Transform 145
Transform: AffineTransform_float_3_3
Parameters: 0.999978 0.00528599 0.00397641 -0.00527802 0.999984 -0.00201503 -0.00398659 0.00199497 0.99999 -0.0838411 0.163876 -0.0820032
FixedParameters: 0 0 0

#Transform 146
Transform: AffineTransform_float_3_3
Parameters: 0.999977 0.00544478 0.0041836 -0.00543522 0.999983 -0.00210679 -0.0041954 0.00208321 0.999989 -0.0764953 0.175502 -0.156015
FixedParameters: 0 0 0

#Transform 147
Transform: AffineTransform_float_3_3
Parameters: 0.999979 0.00544412 0.00370911 -0.00543588 0.999983 -0.00219521 -0.00372089 0.00217579 0.99999 -0.0769951 0.189539 -0.09812
FixedParameters: 0 0 0

#Transform 148
Transform: AffineTransform_float_3_3
Parameters: 0.999981 0.00490117 0.00353832 -0.00489182 0.999984 -0.00259736 -0.00355067 0.00257964 0.999991 -0.0686168 0.18785 -0.114716
FixedParameters: 0 0 0

#Transform 149
Transform: AffineTransform_float_3_3
Parameters: 0.99998 0.00501916 0.00370727 -0.00500883 0.999983 -0.00274662 -0.00372073 0.00272838 0.99999 -0.0679105 0.191141 -0.15771
FixedParameters: 0 0 0

#Transform 150
Transform: AffineTransform_float_3_3
Parameters: 0.999981 0.00494093 0.00370781 -0.00493108 0.999984 -0.00268033 -0.00372119 0.00266266 0.999989 -0.0700125 0.200126 -0.0901993
FixedParameters: 0 0 0

#Transform 151
Transform: AffineTransform_float_3_3
Parameters: 0.999976 0.00536588 0.00441318 -0.00535212 0.99998 -0.0031507 -0.00442982 0.00312731 0.999986 -0.0810554 0.186628 -0.191751
FixedParameters: 0 0 0

#Transform 152
Transform: AffineTransform_float_3_3
Parameters: 0.999981 0.00489082 0.00391577 -0.00488018 0.999985 -0.00251316 -0.00392823 0.00249384 0.999989 -0.0771494 0.199391 -0.133884
FixedParameters: 0 0 0

#Transform 153
Transform: AffineTransform_float_3_3
Parameters: 0.999978 0.00544816 0.00396737 -0.00543586 0.999981 -0.00306664 -0.00398363 0.00304537 0.999988 -0.0831994 0.204792 -0.189896
FixedParameters: 0 0 0

#Transform 154
Transform: AffineTransform_float_3_3
Parameters: 0.999979 0.00544498 0.00370786 -0.00543603 0.999983 -0.00242621 -0.00372115 0.00240679 0.99999 -0.0785821 0.218604 -0.138427
FixedParameters: 0 0 0

#Transform 155
Transform: AffineTransform_float_3_3
Parameters: 0.999977 0.00570553 0.00370484 -0.00569547 0.999979 -0.00284617 -0.00372116 0.00282483 0.999989 -0.0757006 0.227824 -0.127995
FixedParameters: 0 0 0

#Transform 156
Transform: AffineTransform_float_3_3
Parameters: 0.999976 0.005748 0.00370708 -0.00573899 0.99998 -0.00243433 -0.00372092 0.00241267 0.99999 -0.0746437 0.210894 -0.13841
FixedParameters: 0 0 0

#Transform 157
Transform: AffineTransform_float_3_3
Parameters: 0.999975 0.00604593 0.00370485 -0.00603607 0.999978 -0.00268443 -0.00372115 0.00266257 0.999989 -0.076629 0.213848 -0.139858
FixedParameters: 0 0 0

#Transform 158
Transform: AffineTransform_float_3_3
Parameters: 0.999979 0.00545452 0.00328821 -0.00544748 0.999983 -0.00198795 -0.00329879 0.00197005 0.999992 -0.0621361 0.224497 -0.0561271
FixedParameters: 0 0 0

#Transform 159
Transform: AffineTransform_float_3_3
Parameters: 0.999978 0.00573902 0.00338143 -0.00573098 0.999981 -0.00237643 -0.00339457 0.00235657 0.999992 -0.0649656 0.205664 -0.0788114
FixedParameters: 0 0 0

#Transform 160
Transform: AffineTransform_float_3_3
Parameters: 0.999977 0.00568278 0.00366696 -0.00567521 0.999981 -0.00213086 -0.00367904 0.00210914 0.999991 -0.0679024 0.204218 -0.0830853
FixedParameters: 0 0 0

#Transform 161
Transform: AffineTransform_float_3_3
Parameters: 0.999977 0.00575611 0.00338463 -0.00575089 0.999982 -0.0018115 -0.00339537 0.00179249 0.999992 -0.0646354 0.214724 -0.0732103
FixedParameters: 0 0 0

#Transform 162
Transform: AffineTransform_float_3_3
Parameters: 0.999976 0.00596246 0.00358963 -0.00595453 0.99998 -0.00208643 -0.00360237 0.00206457 0.999992 -0.0695407 0.225792 -0.0746154
FixedParameters: 0 0 0

#Transform 163
Transform: AffineTransform_float_3_3
Parameters: 0.999979 0.00552859 0.00343742 -0.0055224 0.999983 -0.00192502 -0.00344858 0.00190597 0.999992 -0.0755825 0.190013 -0.111444
FixedParameters: 0 0 0

#Transform 164
Transform: AffineTransform_float_3_3
Parameters: 0.999981 0.00515432 0.00338235 -0.00514667 0.999983 -0.00246545 -0.00339465 0.00244755 0.999991 -0.068056 0.206698 -0.107992
FixedParameters: 0 0 0

#Transform 165
Transform: AffineTransform_float_3_3
Parameters: 0.999978 0.00558494 0.00337861 -0.00557505 0.99998 -0.0029459 -0.00339539 0.0029271 0.99999 -0.0887707 0.190341 -0.143021
FixedParameters: 0 0 0

#Transform 166
Transform: AffineTransform_float_3_3
Parameters: 0.999979 0.00550164 0.00338099 -0.00549236 0.999981 -0.00255862 -0.00339502 0.00254037 0.999991 -0.0813625 0.200209 -0.0939954
FixedParameters: 0 0 0

#Transform 167
Transform: AffineTransform_float_3_3
Parameters: 0.999976 0.00574648 0.00392369 -0.00573552 0.99998 -0.00267757 -0.0039393 0.00265443 0.999988 -0.102659 0.200192 -0.0739676
FixedParameters: 0 0 0

#Transform 168
Transform: AffineTransform_float_3_3
Parameters: 0.999977 0.00550054 0.00397583 -0.00549046 0.999982 -0.00240689 -0.00398917 0.00238511 0.999989 -0.0939763 0.184644 -0.126224
FixedParameters: 0 0 0

#Transform 169
Transform: AffineTransform_float_3_3
Parameters: 0.999979 0.00544679 0.00353249 -0.00543821 0.999982 -0.00249226 -0.00354651 0.00247373 0.99999 -0.0961781 0.198559 -0.0133092
FixedParameters: 0 0 0

#Transform 170
Transform: AffineTransform_float_3_3
Parameters: 0.99998 0.00545966 0.00338106 -0.00545034 0.999982 -0.00256448 -0.00339494 0.00254552 0.999991 -0.0806956 0.200317 -0.0555995
FixedParameters: 0 0 0

#Transform 171
Transform: AffineTransform_float_3_3
Parameters: 0.999979 0.00561087 0.0033853 -0.00560514 0.999983 -0.00174001 -0.00339471 0.00172099 0.999993 -0.070153 0.206597 -0.0331189
FixedParameters: 0 0 0

#Transform 172
Transform: AffineTransform_float_3_3
Parameters: 0.999976 0.00616023 0.00338187 -0.00615377 0.999979 -0.00214286 -0.00339513 0.00212214 0.999992 -0.0728591 0.225758 -0.042654
FixedParameters: 0 0 0

#Transform 173
Transform: AffineTransform_float_3_3
Parameters: 0.999979 0.00541026 0.00338182 -0.00540274 0.999983 -0.00244732 -0.00339519 0.00242968 0.999992 -0.0692561 0.202577 -0.0608097
FixedParameters: 0 0 0

#Transform 174
Transform: AffineTransform_float_3_3
Parameters: 0.99998 0.00556644 0.00320695 -0.00555657 0.99998 -0.00325389 -0.00322505 0.00323611 0.999989 -0.0659278 0.232133 -0.0738456
FixedParameters: 0 0 0

#Transform 175
Transform: AffineTransform_float_3_3
Parameters: 0.999977 0.00564522 0.00374565 -0.00563278 0.999979 -0.00326517 -0.00376435 0.00324382 0.999987 -0.0792637 0.214183 -0.140387
FixedParameters: 0 0 0

#Transform 176
Transform: AffineTransform_float_3_3
Parameters: 0.999979 0.00549986 0.00338064 -0.00549015 0.999982 -0.00262262 -0.00339536 0.00260438 0.999991 -0.069771 0.212881 -0.0797604
FixedParameters: 0 0 0

#Transform 177
Transform: AffineTransform_float_3_3
Parameters: 0.99998 0.0054657 0.00337937 -0.00545631 0.999981 -0.0028715 -0.00339464 0.00285351 0.99999 -0.0697015 0.205286 -0.121534
FixedParameters: 0 0 0

#Transform 178
Transform: AffineTransform_float_3_3
Parameters: 0.999981 0.0052683 0.00337277 -0.00525371 0.999977 -0.0042338 -0.00339523 0.0042162 0.999986 -0.0684785 0.237108 -0.115512
FixedParameters: 0 0 0

#Transform 179
Transform: AffineTransform_float_3_3
Parameters: 0.99998 0.00547697 0.00316682 -0.00546703 0.99998 -0.00314738 -0.00318418 0.00313062 0.99999 -0.0551003 0.230937 -0.0810923
FixedParameters: 0 0 0
