#Insight Transform File V1.0
#Transform 0
Transform: AffineTransform_float_3_3
Parameters: 1 -0.000427205 0.000322728 0.000426794 0.999999 0.000637137 -0.000323272 -0.000636862 0.999999 -0.016869 -0.0310549 -0.0470501
FixedParameters: 0 0 0

#Transform 1
Transform: AffineTransform_float_3_3
Parameters: 1 -0.000422244 0.000433762 0.000422755 1 0.000564183 -0.000433238 -0.000563817 0.999999 -0.00751767 -0.0274984 -0.0951703
FixedParameters: 0 0 0

#Transform 2
Transform: AffineTransform_float_3_3
Parameters: 1 -0.00032316 0.000297826 0.000323839 1 0.000539096 -0.000298174 -0.000538903 1 0.000312081 -0.0262402 -0.105059
FixedParameters: 0 0 0

#Transform 3
Transform: AffineTransform_float_3_3
Parameters: 1 -0.000412284 0.00050977 0.000412716 1 0.00055721 -0.00051023 -0.000557789 0.999999 -0.00355105 -0.0209706 -0.0165648
FixedParameters: 0 0 0

#Transform 4
Transform: AffineTransform_float_3_3
Parameters: 1 -0.000231053 0.000433971 0.000230947 1 0.0001231 -0.000434028 -0.0001229 1 -0.00498208 -0.0436728 -0.129828
FixedParameters: 0 0 0

#Transform 5
Transform: AffineTransform_float_3_3
Parameters: 1 -0.000449327 0.000433661 0.000449673 0.999999 0.000754195 -0.000433339 -0.000753805 0.999999 -0.0270926 -0.0328091 -0.0665038
FixedParameters: 0 0 0

#Transform 6
Transform: AffineTransform_float_3_3
Parameters: 0.999999 -0.000438595 0.000711633 0.000438403 0.999999 0.000837312 -0.000712367 -0.000836688 1 -0.0240393 -0.0394783 -0.0348322
FixedParameters: 0 0 0

#Transform 7
Transform: AffineTransform_float_3_3
Parameters: 1 -2.05282e-07 0.000434 -2.05282e-07 1 0.000473 -0.000434 -0.000473 1 -0.00266283 -0.0217273 -0.0493314
FixedParameters: 0 0 0

#Transform 8
Transform: AffineTransform_float_3_3
Parameters: 1 -3.08574e-07 0.000434 -3.08574e-07 0.999999 0.000711 -0.000434 -0.000711 0.999999 0.00679585 -0.0332558 0.0375051
FixedParameters: 0 0 0

#Transform 9
Transform: AffineTransform_float_3_3
Parameters: 1 -0.000156968 0.000194026 0.000157032 1 -0.00016697 -0.000193974 0.00016703 1 -0.0124847 -0.0325947 -0.0732352
FixedParameters: 0 0 0

#Transform 10
Transform: AffineTransform_float_3_3
Parameters: 1 -1.6926e-08 0.000434 -1.6926e-08 1 3.9e-05 -0.000434 -3.9e-05 1 -0.0224842 -0.0188889 -0.0616199
FixedParameters: 0 0 0

#Transform 11
Transform: AffineTransform_float_3_3
Parameters: 1 -0.000361144 0.000192731 0.000360856 0.999999 0.000746069 -0.000193269 -0.00074593 0.999999 0.00921798 -0.00583726 0.062255
FixedParameters: 0 0 0

#Transform 12
Transform: AffineTransform_float_3_3
Parameters: 1 -1.5048e-08 0.000684 -1.5048e-08 1 2.2e-05 -0.000684 -2.2e-05 1 -0.00394373 -0.0144796 -0.0448163
FixedParameters: 0 0 0

#Transform 13
Transform: AffineTransform_float_3_3
Parameters: 1 -5.0977e-05 0.000170007 5.10229e-05 1 -0.000134991 -0.000169993 0.000135009 1 -0.0112557 -0.00487128 -0.0752292
FixedParameters: 0 0 0

#Transform 14
Transform: AffineTransform_float_3_3
Parameters: 1 -0.000240428 0.000433763 0.000239573 0.999999 0.000986104 -0.000433237 -0.000985896 1 -0.0221038 6.98154e-05 0.0764376
FixedParameters: 0 0 0

#Transform 15
Transform: AffineTransform_float_3_3
Parameters: 1 -0.000272007 1.89048e-05 0.000271993 1 0.000350005 -1.90952e-05 -0.000349995 1 0.00577016 0.000255773 0.0200372
FixedParameters: 0 0 0

#Transform 16
Transform: AffineTransform_float_3_3
Parameters: 1 -0.000166008 2.29419e-05 0.000165992 1 0.000350004 -2.30581e-05 -0.000349996 1 -0.0176031 -0.0265974 -0.045241
FixedParameters: 0 0 0

#Transform 17
Transform: AffineTransform_float_3_3
Parameters: 1 -2.3667e-08 2.3e-05 -2.3667e-08 1 0.001029 -2.3e-05 -0.001029 1 -0.00142616 -0.0195626 0.0351436
FixedParameters: 0 0 0

#Transform 18
Transform: AffineTransform_float_3_3
Parameters: 1 -3.07515e-07 0.000415 -3.07515e-07 0.999999 0.000740999 -0.000415 -0.000740999 0.999999 0.0121341 0.00426433 0.0865834
FixedParameters: 0 0 0

#Transform 19
Transform: AffineTransform_float_3_3
Parameters: 1 1.38e-09 2.3e-05 1.38e-09 1 -6e-05 -2.3e-05 6e-05 1 0.00635757 0.00274499 -0.0199681
FixedParameters: 0 0 0

#Transform 20
Transform: AffineTransform_float_3_3
Parameters: 1 1.248e-09 -9.6e-05 1.248e-09 1 1.3e-05 9.6e-05 -1.3e-05 1 0.00420139 -0.000773658 -0.0116724
FixedParameters: 0 0 0

#Transform 21
Transform: AffineTransform_float_3_3
Parameters: 1 -0.000235018 2.28099e-05 0.000234981 0.999999 0.000809005 -2.31901e-05 -0.000808994 0.999999 -0.0120907 0.00947712 0.110342
FixedParameters: 0 0 0

#Transform 22
Transform: AffineTransform_float_3_3
Parameters: 1 -0.000155017 0.000188986 0.000154983 1 8.90293e-05 -0.000189014 -8.89707e-05 1 -0.00913425 0.0179795 0.0134833
FixedParameters: 0 0 0

#Transform 23
Transform: AffineTransform_float_3_3
Parameters: 1 -0.000113006 2.29715e-05 0.000112994 1 0.000252003 -2.30285e-05 -0.000251997 1 -0.0203661 -0.0101878 -0.0352719
FixedParameters: 0 0 0

#Transform 24
Transform: AffineTransform_float_3_3
Parameters: 1 -0.000241258 0.000235737 0.000240742 1 0.00109306 -0.000236263 -0.00109294 1 -0.0297672 0.000516285 0.093874
FixedParameters: 0 0 0

#Transform 25
Transform: AffineTransform_float_3_3
Parameters: 1 -0.000337018 2.27351e-05 0.000336982 0.999999 0.000786007 -2.32649e-05 -0.000785992 0.999999 -0.0189348 0.0323716 0.154728
FixedParameters: 0 0 0

#Transform 26
Transform: AffineTransform_float_3_3
Parameters: 1 -0.000229015 2.28482e-05 0.000228985 1 0.000663005 -2.31518e-05 -0.000662994 1 -0.0213208 0.0191264 0.0492573
FixedParameters: 0 0 0

#Transform 27
Transform: AffineTransform_float_3_3
Parameters: 1 -0.000329028 2.2593e-05 0.000328973 0.999999 0.00123701 -2.2407e-05 -0.00123699 0.999999 -0.0302434 0.025084 0.175628
FixedParameters: 0 0 0

#Transform 28
Transform: AffineTransform_float_3_3
Parameters: 1 -2.62244e-07 0.000212 -2.62244e-07 0.999999 0.001237 -0.000212 -0.001237 0.999999 -0.0286477 0.0104403 0.131065
FixedParameters: 0 0 0

#Transform 29
Transform: AffineTransform_float_3_3
Parameters: 1 -7.774e-09 2.3e-05 -7.774e-09 1 0.000338 -2.3e-05 -0.000338 1 -0.026933 0.0052386 0.040691
FixedParameters: 0 0 0

#Transform 30
Transform: AffineTransform_float_3_3
Parameters: 1 -7.774e-09 2.3e-05 -7.774e-09 1 0.000338 -2.3e-05 -0.000338 1 -0.0165927 -0.00392892 0.0568978
FixedParameters: 0 0 0

#Transform 31
Transform: AffineTransform_float_3_3
Parameters: 1 -7.774e-09 2.3e-05 -7.774e-09 1 0.000338 -2.3e-05 -0.000338 1 -0.012861 0.00525354 0.0848877
FixedParameters: 0 0 0

#Transform 32
Transform: AffineTransform_float_3_3
Parameters: 1 -3.1027e-08 2.3e-05 -3.1027e-08 0.999999 0.001349 -2.3e-05 -0.001349 0.999999 -0.0269285 0.0317409 0.236874
FixedParameters: 0 0 0

#Transform 33
Transform: AffineTransform_float_3_3
Parameters: 1 -0.000306019 2.27503e-05 0.000305981 0.999999 0.000816006 -2.32497e-05 -0.000815992 0.999999 -0.0254777 0.0529913 0.210569
FixedParameters: 0 0 0

#Transform 34
Transform: AffineTransform_float_3_3
Parameters: 1 6.29923e-05 2.3021e-05 -6.30077e-05 1 0.000332999 -2.2979e-05 -0.000333001 1 -0.0136177 0.016629 0.0910144
FixedParameters: 0 0 0

#Transform 35
Transform: AffineTransform_float_3_3
Parameters: 1 -2.369e-08 2.3e-05 -2.369e-08 1 0.00103 -2.3e-05 -0.00103 1 -0.0120477 0.0150891 0.140913
FixedParameters: 0 0 0

#Transform 36
Transform: AffineTransform_float_3_3
Parameters: 1 -0.000183038 2.26975e-05 0.000182963 0.999998 0.001653 -2.23025e-05 -0.00165299 0.999998 -0.0525396 0.0269097 0.183227
FixedParameters: 0 0 0

#Transform 37
Transform: AffineTransform_float_3_3
Parameters: 1 -1.7595e-08 2.3e-05 -1.7595e-08 0.999999 0.000765 -2.3e-05 -0.000765 0.999999 -0.0276416 0.0077597 0.10176
FixedParameters: 0 0 0

#Transform 38
Transform: AffineTransform_float_3_3
Parameters: 1 1.4e-09 0.00028 1.4e-09 1 -5e-06 -0.00028 5e-06 1 -0.034589 0.0211542 0.107378
FixedParameters: 0 0 0

#Transform 39
Transform: AffineTransform_float_3_3
Parameters: 1 -0.000112311 0.000228848 0.000111689 0.999999 0.00135703 -0.000229152 -0.00135697 0.999999 -0.0460366 0.0235726 0.22229
FixedParameters: 0 0 0

#Transform 40
Transform: AffineTransform_float_3_3
Parameters: 1 -0.000217102 0.000225902 0.000217898 1 0.000450049 -0.000226098 -0.000449951 1 -0.0460917 0.016717 0.137104
FixedParameters: 0 0 0

#Transform 41
Transform: AffineTransform_float_3_3
Parameters: 1 -2.34178e-07 0.000301 -2.34178e-07 0.999999 0.000777999 -0.000301 -0.000777999 0.999999 -0.0643814 -0.00406701 0.0561016
FixedParameters: 0 0 0

#Transform 42
Transform: AffineTransform_float_3_3
Parameters: 1 -0.000196398 0.000225654 0.000196602 0.999999 0.00176205 -0.000226347 -0.00176196 0.999999 -0.0626796 0.0311337 0.223299
FixedParameters: 0 0 0

#Transform 43
Transform: AffineTransform_float_3_3
Parameters: 1 -3.27022e-07 0.000226 -3.27022e-07 0.999999 0.001447 -0.000226 -0.001447 0.999999 -0.0606842 0.0476241 0.226445
FixedParameters: 0 0 0

#Transform 44
Transform: AffineTransform_float_3_3
Parameters: 1 -0.0001592 0.000225859 0.0001588 0.999999 0.000886035 -0.000226141 -0.000885963 0.999999 -0.0523284 0.0442049 0.1463
FixedParameters: 0 0 0

#Transform 45
Transform: AffineTransform_float_3_3
Parameters: 1 -0.000309151 7.73998e-05 0.00030885 0.999998 0.00194202 -7.75999e-05 -0.00194198 0.999998 -0.0564956 0.0419629 0.250594
FixedParameters: 0 0 0

#Transform 46
Transform: AffineTransform_float_3_3
Parameters: 1 -0.000350298 0.000225537 0.000350701 0.999999 0.00132208 -0.000226464 -0.00132192 0.999999 -0.0544321 0.0290143 0.170956
FixedParameters: 0 0 0

#Transform 47
Transform: AffineTransform_float_3_3
Parameters: 1 -1.90368e-07 0.000144 -1.90368e-07 0.999999 0.001322 -0.000144 -0.001322 0.999999 -0.0566963 0.0429051 0.191631
FixedParameters: 0 0 0

#Transform 48
Transform: AffineTransform_float_3_3
Parameters: 1 -0.000433194 0.000146427 0.000432805 0.999999 0.00132206 -0.000147572 -0.00132194 0.999999 -0.0573166 0.0241482 0.199363
FixedParameters: 0 0 0

#Transform 49
Transform: AffineTransform_float_3_3
Parameters: 1 -0.000327285 0.000225587 0.000327714 0.999999 0.00126407 -0.000226414 -0.00126393 0.999999 -0.073858 0.0192935 0.212542
FixedParameters: 0 0 0

#Transform 50
Transform: AffineTransform_float_3_3
Parameters: 1 -0.00020937 0.000225657 0.000209629 0.999998 0.00164105 -0.000226344 -0.00164095 0.999998 -0.0628178 0.022449 0.219993
FixedParameters: 0 0 0

#Transform 51
Transform: AffineTransform_float_3_3
Parameters: 1 -2.373e-07 0.000226 -2.373e-07 1 0.00105 -0.000226 -0.00105 1 -0.060691 0.031375 0.182891
FixedParameters: 0 0 0

#Transform 52
Transform: AffineTransform_float_3_3
Parameters: 1 -0.00044007 3.82066e-05 0.000439931 0.999999 0.00180302 -3.87933e-05 -0.00180298 0.999999 -0.072987 0.0237801 0.278168
FixedParameters: 0 0 0

#Transform 53
Transform: AffineTransform_float_3_3
Parameters: 1 -0.00032319 0.000225728 0.00032281 0.999999 0.000840072 -0.000226271 -0.000839926 0.999999 -0.0744067 0.0307724 0.200859
FixedParameters: 0 0 0

#Transform 54
Transform: AffineTransform_float_3_3
Parameters: 1 -0.0003694 0.000225345 0.000369599 0.999999 0.00177408 -0.000226656 -0.00177392 0.999999 -0.0881203 0.0179326 0.266171
FixedParameters: 0 0 0

#Transform 55
Transform: AffineTransform_float_3_3
Parameters: 1 -0.000401314 0.000225441 0.000400685 0.999999 0.00139309 -0.000226558 -0.00139291 0.999999 -0.0804084 -0.00377505 0.185446
FixedParameters: 0 0 0

#Transform 56
Transform: AffineTransform_float_3_3
Parameters: 1 -0.00043851 0.000225009 0.00043849 0.999998 0.0022611 -0.000225992 -0.0022609 0.999998 -0.0794006 0.0214708 0.328194
FixedParameters: 0 0 0

#Transform 57
Transform: AffineTransform_float_3_3
Parameters: 1 -0.0003012 0.000119496 0.0003008 0.999998 0.00167503 -0.000119504 -0.00167496 0.999998 -0.0625516 0.0249419 0.244623
FixedParameters: 0 0 0

#Transform 58
Transform: AffineTransform_float_3_3
Parameters: 1 -0.000427313 -0.000327897 0.000427687 0.999997 0.00209686 0.000327104 -0.00209714 0.999997 -0.0584089 0.0399626 0.269607
FixedParameters: 0 0 0

#Transform 59
Transform: AffineTransform_float_3_3
Parameters: 1 -0.000320708 -0.000211444 0.000321291 0.999999 0.00138293 0.000210556 -0.00138307 0.999999 -0.0471852 0.0134055 0.251487
FixedParameters: 0 0 0

#Transform 60
Transform: AffineTransform_float_3_3
Parameters: 1 -0.000377187 -0.000355864 0.000377814 0.999998 0.00228787 0.000355137 -0.00228814 0.999998 -0.0428705 0.0230578 0.285032
FixedParameters: 0 0 0

#Transform 61
Transform: AffineTransform_float_3_3
Parameters: 1 -0.000461701 -0.000211654 0.000462298 0.999999 0.0014159 0.000210346 -0.0014161 0.999999 -0.0298313 0.0402228 0.241858
FixedParameters: 0 0 0

#Transform 62
Transform: AffineTransform_float_3_3
Parameters: 1 -0.0004026 -0.000211763 0.000402399 0.999998 0.00189392 0.000210238 -0.00189409 0.999998 -0.0568899 0.0583932 0.294905
FixedParameters: 0 0 0

#Transform 63
Transform: AffineTransform_float_3_3
Parameters: 1 3.25784e-07 -0.000211 3.25784e-07 0.999999 0.001544 0.000211 -0.001544 0.999999 -0.0208143 0.0334338 0.19626
FixedParameters: 0 0 0

#Transform 64
Transform: AffineTransform_float_3_3
Parameters: 1 -0.000366512 -0.000211847 0.000367489 0.999998 0.00230892 0.000211152 -0.00230908 0.999998 -0.0503278 0.0205823 0.259036
FixedParameters: 0 0 0

#Transform 65
Transform: AffineTransform_float_3_3
Parameters: 1 -0.000445355 -0.000460624 0.000445645 0.999999 0.00139979 0.000460376 -0.00140021 0.999999 -0.0295156 0.0382209 0.208014
FixedParameters: 0 0 0

#Transform 66
Transform: AffineTransform_float_3_3
Parameters: 1 -0.000413607 -0.000211769 0.000413391 0.999998 0.00185791 0.000210232 -0.00185809 0.999999 -0.0565231 0.0464367 0.287914
FixedParameters: 0 0 0

#Transform 67
Transform: AffineTransform_float_3_3
Parameters: 1 -0.000185066 3.86834e-05 0.000184933 0.999998 0.00171101 -3.93165e-05 -0.00171099 0.999998 -0.0474563 0.0352989 0.266919
FixedParameters: 0 0 0

#Transform 68
Transform: AffineTransform_float_3_3
Parameters: 1 -0.000303585 -0.000211597 0.000303414 0.999998 0.00196494 0.000210404 -0.00196506 0.999998 -0.0466863 0.0438893 0.272457
FixedParameters: 0 0 0

#Transform 69
Transform: AffineTransform_float_3_3
Parameters: 1 -0.000330558 -0.00032445 0.000331441 0.999999 0.00136189 0.000323549 -0.00136211 0.999999 -0.0427475 0.0413289 0.24089
FixedParameters: 0 0 0

#Transform 70
Transform: AffineTransform_float_3_3
Parameters: 1 -0.00027955 -0.000291432 0.00027945 0.999999 0.00154392 0.000291569 -0.00154408 0.999999 -0.0439635 0.0515826 0.223835
FixedParameters: 0 0 0

#Transform 71
Transform: AffineTransform_float_3_3
Parameters: 1 -0.000333858 -0.000829461 0.000335143 0.999999 0.00137672 0.00082954 -0.00137728 0.999998 -0.0434367 0.0559793 0.272445
FixedParameters: 0 0 0

#Transform 72
Transform: AffineTransform_float_3_3
Parameters: 1 -0.000217045 -0.000653318 0.000217954 0.999999 0.00146186 0.000652682 -0.00146214 0.999998 -0.0392026 0.0560381 0.251234
FixedParameters: 0 0 0

#Transform 73
Transform: AffineTransform_float_3_3
Parameters: 1 -0.000216006 -0.000482446 0.000216995 0.999998 0.00206189 0.000482553 -0.0020621 0.999998 -0.0559801 0.0468808 0.328291
FixedParameters: 0 0 0

#Transform 74
Transform: AffineTransform_float_3_3
Parameters: 1 3.2785e-07 -0.000158 3.2785e-07 0.999998 0.002075 0.000158 -0.002075 0.999998 -0.069192 0.00358788 0.264218
FixedParameters: 0 0 0

#Transform 75
Transform: AffineTransform_float_3_3
Parameters: 1 1.43399e-06 -0.000652999 4.33991e-07 0.999997 0.002196 0.000653001 -0.002196 0.999998 -0.0573027 0.0156249 0.275677
FixedParameters: 0 0 0

#Transform 76
Transform: AffineTransform_float_3_3
Parameters: 1 -0.000176989 -0.000653274 0.000178011 0.999999 0.00154788 0.000652725 -0.00154811 0.999998 -0.0381122 0.0259694 0.235125
FixedParameters: 0 0 0

#Transform 77
Transform: AffineTransform_float_3_3
Parameters: 1 -0.00034517 -0.00042168 0.000345828 0.999998 0.00196885 0.00042032 -0.00196915 0.999998 -0.0617148 0.0409486 0.294274
FixedParameters: 0 0 0

#Transform 78
Transform: AffineTransform_float_3_3
Parameters: 1 6.56799e-07 -0.000428999 -3.432e-07 0.999999 0.001531 0.000429001 -0.001531 0.999998 -0.0398909 0.0377139 0.26248
FixedParameters: 0 0 0

#Transform 79
Transform: AffineTransform_float_3_3
Parameters: 1 9.46374e-07 -0.000428999 -5.3623e-08 0.999997 0.002206 0.000429001 -0.002206 0.999998 -0.0539 0.0387175 0.325687
FixedParameters: 0 0 0

#Transform 80
Transform: AffineTransform_float_3_3
Parameters: 1 -0.000281194 -0.000429529 0.000281806 0.999998 0.00187888 0.000428472 -0.00187812 0.999998 -0.0518594 0.0314212 0.304462
FixedParameters: 0 0 0

#Transform 81
Transform: AffineTransform_float_3_3
Parameters: 1 -0.000168902 -0.000429433 0.000170097 0.999996 0.00255793 0.000428566 -0.00255707 0.999996 -0.0463592 0.0161334 0.300832
FixedParameters: 0 0 0

#Transform 82
Transform: AffineTransform_float_3_3
Parameters: 1 -0.000128945 -0.000429318 0.000130054 0.999997 0.00245794 0.000428682 -0.00245806 0.999997 -0.0542983 0.030367 0.350214
FixedParameters: 0 0 0

#Transform 83
Transform: AffineTransform_float_3_3
Parameters: 1 -0.000328944 -0.00042981 0.000330056 0.999997 0.00245786 0.00042919 -0.00245814 0.999997 -0.0588778 0.00623189 0.301439
FixedParameters: 0 0 0

#Transform 84
Transform: AffineTransform_float_3_3
Parameters: 1 -0.000415944 -0.000430024 0.000417056 0.999997 0.00245782 0.000428976 -0.00245818 0.999997 -0.0593599 0.0211675 0.328034
FixedParameters: 0 0 0

#Transform 85
Transform: AffineTransform_float_3_3
Parameters: 1 -0.000428433 -0.000276879 0.000428567 0.999998 0.00205088 0.000276121 -0.00205112 0.999998 -0.0613898 0.0265632 0.286728
FixedParameters: 0 0 0

#Transform 86
Transform: AffineTransform_float_3_3
Parameters: 1 3.2816e-08 -1.6e-05 3.2816e-08 0.999998 0.002051 1.6e-05 -0.002051 0.999998 -0.0697157 0.0268403 0.326347
FixedParameters: 0 0 0

#Transform 87
Transform: AffineTransform_float_3_3
Parameters: 1 -0.00024846 -0.00026351 0.000249541 0.999998 0.00205093 0.000263489 -0.00205107 0.999998 -0.0602105 0.0267184 0.297574
FixedParameters: 0 0 0

#Transform 88
Transform: AffineTransform_float_3_3
Parameters: 1 -0.000279411 -0.000263626 0.00028059 0.999998 0.00223593 0.000263373 -0.00223608 0.999998 -0.0605639 0.0177158 0.324359
FixedParameters: 0 0 0

#Transform 89
Transform: AffineTransform_float_3_3
Parameters: 1 -0.000510459 -0.000264047 0.00051154 0.999998 0.00205086 0.000262951 -0.00205113 0.999998 -0.0628768 0.0114427 0.265788
FixedParameters: 0 0 0

#Transform 90
Transform: AffineTransform_float_3_3
Parameters: 1 -0.000386868 -6.47936e-05 0.000386132 0.999998 0.00205097 6.42082e-05 -0.00205102 0.999998 -0.0741812 0.0376324 0.29616
FixedParameters: 0 0 0

#Transform 91
Transform: AffineTransform_float_3_3
Parameters: 1 -0.000454302 0.000147068 0.000453697 0.999998 0.00205107 -0.000147931 -0.00205093 0.999998 -0.0719525 0.0562297 0.296243
FixedParameters: 0 0 0

#Transform 92
Transform: AffineTransform_float_3_3
Parameters: 1 -0.00016855 -0.000263288 0.000168451 0.999998 0.00170795 0.000263713 -0.00170804 0.999998 -0.0708519 0.066937 0.287261
FixedParameters: 0 0 0

#Transform 93
Transform: AffineTransform_float_3_3
Parameters: 1 -0.000420743 -0.000115939 0.000420258 0.999998 0.00223095 0.000115063 -0.00223105 0.999998 -0.0743804 0.0496745 0.301661
FixedParameters: 0 0 0

#Transform 94
Transform: AffineTransform_float_3_3
Parameters: 1 -0.00033846 -0.000263695 0.000339541 0.999998 0.00205091 0.000263304 -0.00205109 0.999998 -0.0597515 0.0563641 0.3091
FixedParameters: 0 0 0

#Transform 95
Transform: AffineTransform_float_3_3
Parameters: 1 -0.0004015 -0.000263763 0.000402501 0.999998 0.00189989 0.000263236 -0.00190011 0.999998 -0.0678145 0.0595196 0.297608
FixedParameters: 0 0 0

#Transform 96
Transform: AffineTransform_float_3_3
Parameters: 1 8.14247e-07 -0.000396999 -1.85751e-07 0.999998 0.002051 0.000397001 -0.002051 0.999998 -0.0514504 0.0754612 0.312224
FixedParameters: 0 0 0

#Transform 97
Transform: AffineTransform_float_3_3
Parameters: 1 -0.000403566 -0.000263665 0.000403434 0.999998 0.00164689 0.000263336 -0.00164711 0.999998 -0.0703135 0.0602687 0.277811
FixedParameters: 0 0 0

#Transform 98
Transform: AffineTransform_float_3_3
Parameters: 1 -0.00041646 -0.000263855 0.00041754 0.999998 0.00205089 0.000263144 -0.00205111 0.999998 -0.0912147 0.0623765 0.292129
FixedParameters: 0 0 0

#Transform 99
Transform: AffineTransform_float_3_3
Parameters: 1 -0.00028846 -0.000263592 0.000288541 0.999998 0.00205092 0.000263409 -0.00205108 0.999998 -0.0814591 0.085245 0.367328
FixedParameters: 0 0 0

#Transform 100
Transform: AffineTransform_float_3_3
Parameters: 1 -0.000665339 -0.000750588 0.000665662 1 0.000881501 0.000749414 -0.0008825 1 -0.0483835 0.103332 0.348146
FixedParameters: 0 0 0

#Transform 101
Transform: AffineTransform_float_3_3
Parameters: 0.999999 -8.39816e-07 -0.001858 1.60182e-07 1 -0.000452001 0.001858 0.000451999 0.999998 -0.0933565 0.117882 0.262049
FixedParameters: 0 0 0

#Transform 102
Transform: AffineTransform_float_3_3
Parameters: 0.999999 -1.61228e-06 -0.001295 3.87721e-07 0.999999 -0.001245 0.001295 0.001245 0.999999 -0.120697 0.128622 0.219402
FixedParameters: 0 0 0

#Transform 103
Transform: AffineTransform_float_3_3
Parameters: 1 -1.62656e-07 -0.000391 -1.62656e-07 1 -0.000416 0.000391 0.000416 1 -0.111288 0.139421 0.304523
FixedParameters: 0 0 0

#Transform 104
Transform: AffineTransform_float_3_3
Parameters: 0.999999 -7.00588e-07 -0.000764 2.99411e-07 0.999999 -0.000917 0.000764001 0.000917 1 -0.0884295 0.131353 0.280519
FixedParameters: 0 0 0

#Transform 105
Transform: AffineTransform_float_3_3
Parameters: 1 -5.24722e-07 -0.000671 4.75277e-07 0.999999 -0.000782001 0.000671001 0.000782 1 -0.107337 0.130159 0.275927
FixedParameters: 0 0 0

#Transform 106
Transform: AffineTransform_float_3_3
Parameters: 1 3.14e-09 4e-06 3.14e-09 0.999999 -0.000785 -4e-06 0.000785 0.999999 -0.117747 0.14957 0.35133
FixedParameters: 0 0 0

#Transform 107
Transform: AffineTransform_float_3_3
Parameters: 1 3.656e-09 4e-06 3.656e-09 0.999999 -0.000913999 -4e-06 0.000913999 0.999999 -0.12916 0.161844 0.355709
FixedParameters: 0 0 0

#Transform 108
Transform: AffineTransform_float_3_3
Parameters: 1 5.50032e-05 3.95572e-06 -5.49967e-05 0.999999 -0.000805 -4.04427e-06 0.000804999 0.999999 -0.113956 0.156582 0.307865
FixedParameters: 0 0 0

#Transform 109
Transform: AffineTransform_float_3_3
Parameters: 1 -1.96098e-07 -0.000147 -1.96098e-07 0.999999 -0.001334 0.000147 0.001334 0.999999 -0.123604 0.177774 0.300497
FixedParameters: 0 0 0

#Transform 110
Transform: AffineTransform_float_3_3
Parameters: 1 -4.03095e-07 -0.000231 -4.03095e-07 0.999999 -0.001745 0.000231 0.001745 0.999999 -0.113236 0.17842 0.323973
FixedParameters: 0 0 0

#Transform 111
Transform: AffineTransform_float_3_3
Parameters: 1 0.000134007 3.76617e-06 -0.000133995 0.999999 -0.001745 -3.23383e-06 0.001745 0.999999 -0.118031 0.171118 0.28349
FixedParameters: 0 0 0

#Transform 112
Transform: AffineTransform_float_3_3
Parameters: 1 3.616e-09 4e-06 3.616e-09 0.999999 -0.000903999 -4e-06 0.000903999 0.999999 -0.130606 0.160518 0.341583
FixedParameters: 0 0 0

#Transform 113
Transform: AffineTransform_float_3_3
Parameters: 1 0.000232912 -6.03424e-05 -0.000233088 0.999999 -0.00146999 5.96574e-05 0.00147001 0.999999 -0.120043 0.159803 0.280116
FixedParameters: 0 0 0

#Transform 114
Transform: AffineTransform_float_3_3
Parameters: 1 -8.7904e-08 -0.000134 -8.7904e-08 1 -0.000656 0.000134 0.000656 1 -0.133429 0.175179 0.339527
FixedParameters: 0 0 0

#Transform 115
Transform: AffineTransform_float_3_3
Parameters: 1 3.892e-09 4e-06 3.892e-09 0.999999 -0.000972999 -4e-06 0.000972999 0.999999 -0.116588 0.156856 0.283986
FixedParameters: 0 0 0

#Transform 116
Transform: AffineTransform_float_3_3
Parameters: 1 0.000198134 7.66544e-05 -0.000198865 0.999999 -0.00174502 -7.73472e-05 0.00174499 0.999999 -0.120083 0.159194 0.245614
FixedParameters: 0 0 0

#Transform 117
Transform: AffineTransform_float_3_3
Parameters: 1 -3.11928e-07 -0.000246 -3.11928e-07 0.999999 -0.001268 0.000246 0.001268 0.999999 -0.0977869 0.150575 0.285058
FixedParameters: 0 0 0

#Transform 118
Transform: AffineTransform_float_3_3
Parameters: 1 6.98001e-09 4e-06 6.98001e-09 0.999999 -0.001745 -4e-06 0.001745 0.999999 -0.120325 0.170083 0.24524
FixedParameters: 0 0 0

#Transform 119
Transform: AffineTransform_float_3_3
Parameters: 1 -6.3014e-08 -4.9e-05 -6.3014e-08 0.999999 -0.001286 4.9e-05 0.001286 0.999999 -0.117801 0.164396 0.292264
FixedParameters: 0 0 0

#Transform 120
Transform: AffineTransform_float_3_3
Parameters: 1 0.00028239 0.000198446 -0.000281611 0.999998 -0.00196206 -0.000198553 0.00196194 0.999998 -0.12422 0.170658 0.176293
FixedParameters: 0 0 0

#Transform 121
Transform: AffineTransform_float_3_3
Parameters: 1 0.000212034 0.000421482 -0.000210965 0.999997 -0.00245009 -0.000422518 0.00245091 0.999997 -0.138484 0.171161 0.0611062
FixedParameters: 0 0 0

#Transform 122
Transform: AffineTransform_float_3_3
Parameters: 0.999999 0.000549607 -0.000463656 -0.000551391 0.999996 -0.00300975 0.000461343 0.00300926 0.999996 -0.0880855 0.173124 0.0270534
FixedParameters: 0 0 0

#Transform 123
Transform: AffineTransform_float_3_3
Parameters: 1 0.000641009 1.9116e-06 -0.000640993 0.999994 -0.003258 -3.08837e-06 0.003258 0.999994 -0.113711 0.185834 0.0563572
FixedParameters: 0 0 0

#Transform 124
Transform: AffineTransform_float_3_3
Parameters: 1 0.000267486 0.000193329 -0.000267514 0.999997 -0.00251205 -0.000193673 0.00251195 0.999997 -0.126786 0.193895 0.172951
FixedParameters: 0 0 0

#Transform 125
Transform: AffineTransform_float_3_3
Parameters: 1 0.00035271 0.000274088 -0.00035129 0.999996 -0.00258809 -0.00027491 0.0025879 0.999996 -0.111021 0.222147 0.224582
FixedParameters: 0 0 0

#Transform 126
Transform: AffineTransform_float_3_3
Parameters: 1 0.000484008 2.83548e-06 -0.000483994 0.999997 -0.002406 -3.1645e-06 0.002406 0.999997 -0.110937 0.199339 0.247183
FixedParameters: 0 0 0

#Transform 127
Transform: AffineTransform_float_3_3
Parameters: 1 0.000352009 3.11717e-06 -0.000351991 0.999997 -0.002508 -3.88281e-06 0.002508 0.999997 -0.0922886 0.203753 0.253643
FixedParameters: 0 0 0

#Transform 128
Transform: AffineTransform_float_3_3
Parameters: 1 0.00052501 2.3541e-06 -0.000524991 0.999995 -0.003135 -3.64586e-06 0.003135 0.999995 -0.0930085 0.208402 0.144257
FixedParameters: 0 0 0

#Transform 129
Transform: AffineTransform_float_3_3
Parameters: 1 0.000573396 0.000100775 -0.000573604 0.999993 -0.00388106 -0.000103227 0.00388094 0.999993 -0.118993 0.209867 0.0834911
FixedParameters: 0 0 0

#Transform 130
Transform: AffineTransform_float_3_3
Parameters: 1 0.000573391 0.000137379 -0.00057361 0.999996 -0.00282808 -0.000138623 0.00282792 0.999996 -0.113321 0.212435 0.17629
FixedParameters: 0 0 0

#Transform 131
Transform: AffineTransform_float_3_3
Parameters: 1 0.00057404 0.000348291 -0.000572961 0.999996 -0.0029792 -0.000349708 0.0029788 0.999995 -0.105323 0.204559 0.153153
FixedParameters: 0 0 0

#Transform 132
Transform: AffineTransform_float_3_3
Parameters: 1 0.000395837 0.000220504 -0.000395165 0.999993 -0.00378309 -0.000221496 0.00378291 0.999993 -0.119899 0.195348 0.089989
FixedParameters: 0 0 0

#Transform 133
Transform: AffineTransform_float_3_3
Parameters: 1 0.000573951 0.000257895 -0.000573049 0.999993 -0.00367115 -0.000260106 0.00367185 0.999993 -0.126658 0.190024 0.0970018
FixedParameters: 0 0 0

#Transform 134
Transform: AffineTransform_float_3_3
Parameters: 1 0.000197804 0.000310489 -0.000197195 0.999996 -0.00258706 -0.000311511 0.00258694 0.999996 -0.120861 0.20203 0.188371
FixedParameters: 0 0 0

#Transform 135
Transform: AffineTransform_float_3_3
Parameters: 1 0.000246555 0.000212357 -0.000246445 0.999996 -0.00261105 -0.000212644 0.00261095 0.999996 -0.095957 0.22285 0.225335
FixedParameters: 0 0 0

#Transform 136
Transform: AffineTransform_float_3_3
Parameters: 0.999999 0.000221482 0.000783302 -0.000218518 0.999995 -0.00316817 -0.000783696 0.00316783 0.999994 -0.128066 0.191666 0.137925
FixedParameters: 0 0 0

#Transform 137
Transform: AffineTransform_float_3_3
Parameters: 0.999999 0.000119442 0.000777628 -0.00011656 0.999995 -0.00314009 -0.000777369 0.00313991 0.999995 -0.151335 0.178275 0.123903
FixedParameters: 0 0 0

#Transform 138
Transform: AffineTransform_float_3_3
Parameters: 0.999999 2.90051e-05 0.000745925 -2.69946e-05 0.999997 -0.00268802 -0.000746075 0.00268798 0.999996 -0.136034 0.18915 0.242885
FixedParameters: 0 0 0

#Transform 139
Transform: AffineTransform_float_3_3
Parameters: 0.999999 1.21278e-06 0.00083 1.21278e-06 0.999997 -0.002666 -0.00083 0.002666 0.999996 -0.130531 0.215977 0.26128
FixedParameters: 0 0 0

#Transform 140
Transform: AffineTransform_float_3_3
Parameters: 0.999999 0.000121504 0.000829637 -0.000119494 0.999996 -0.0030181 -0.000830364 0.0030179 0.999995 -0.128756 0.19544 0.14002
FixedParameters: 0 0 0

#Transform 141
Transform: AffineTransform_float_3_3
Parameters: 0.999999 0.00028462 0.000829104 -0.00028138 0.999995 -0.00315923 -0.000829892 0.00315876 0.999994 -0.142546 0.184486 0.0935602
FixedParameters: 0 0 0

#Transform 142
Transform: AffineTransform_float_3_3
Parameters: 0.999999 1.62119e-05 0.00082996 -1.4788e-05 0.999997 -0.00266501 -0.000830042 0.00266499 0.999996 -0.142623 0.196813 0.160926
FixedParameters: 0 0 0

#Transform 143
Transform: AffineTransform_float_3_3
Parameters: 1 0.000574838 0.000828729 -0.000573163 0.999998 -0.00221548 -0.000830273 0.00221553 0.999997 -0.123045 0.21558 0.16298
FixedParameters: 0 0 0

#Transform 144
Transform: AffineTransform_float_3_3
Parameters: 1 0.000304849 0.000558996 -0.000303152 0.999995 -0.00330317 -0.000560005 0.00330383 0.999995 -0.120347 0.222782 0.0767346
FixedParameters: 0 0 0

#Transform 145
Transform: AffineTransform_float_3_3
Parameters: 0.999999 0.00028925 0.000700074 -0.000287751 0.999995 -0.0032112 -0.000700927 0.0032118 0.999994 -0.133658 0.200781 0.0757979
FixedParameters: 0 0 0

#Transform 146
Transform: AffineTransform_float_3_3
Parameters: 0.999999 0.000234424 0.000829599 -0.000233575 0.999998 -0.00171619 -0.000830402 0.00171581 0.999998 -0.140281 0.193695 0.248943
FixedParameters: 0 0 0

#Transform 147
Transform: AffineTransform_float_3_3
Parameters: 0.999999 0.000293342 0.000829175 -0.000291658 0.999996 -0.00282324 -0.000829826 0.00282276 0.999995 -0.139772 0.207251 0.169641
FixedParameters: 0 0 0

#Transform 148
Transform: AffineTransform_float_3_3
Parameters: 0.999999 0.000574935 0.00082866 -0.000573063 0.999997 -0.00233448 -0.000830339 0.00233352 0.999997 -0.156466 0.203728 0.18648
FixedParameters: 0 0 0

#Transform 149
Transform: AffineTransform_float_3_3
Parameters: 0.999999 9.95184e-05 0.000779807 -9.84811e-05 0.999998 -0.00194708 -0.000780193 0.00194692 0.999998 -0.129364 0.225052 0.313368
FixedParameters: 0 0 0

#Transform 150
Transform: AffineTransform_float_3_3
Parameters: 1 0.000345867 0.000350145 -0.000345133 0.999997 -0.00247412 -0.000350855 0.00247388 0.999997 -0.102072 0.210242 0.210508
FixedParameters: 0 0 0

#Transform 151
Transform: AffineTransform_float_3_3
Parameters: 1 0.000155124 0.000520666 -0.000153875 0.999997 -0.00215908 -0.000521333 0.00215892 0.999997 -0.125765 0.208524 0.215836
FixedParameters: 0 0 0

#Transform 152
Transform: AffineTransform_float_3_3
Parameters: 1 0.00010934 0.000553737 -0.000107662 0.999997 -0.00241906 -0.000553262 0.00241894 0.999997 -0.114089 0.203527 0.190369
FixedParameters: 0 0 0

#Transform 153
Transform: AffineTransform_float_3_3
Parameters: 1 0.000102827 0.000646712 -0.000101172 0.999996 -0.00282407 -0.000647288 0.00282393 0.999996 -0.118673 0.177477 0.141206
FixedParameters: 0 0 0

#Transform 154
Transform: AffineTransform_float_3_3
Parameters: 1 8.71692e-06 0.000583977 -7.283e-06 0.999995 -0.00294 -0.000584024 0.00293999 0.999995 -0.137632 0.195205 0.145758
FixedParameters: 0 0 0

#Transform 155
Transform: AffineTransform_float_3_3
Parameters: 1 0.000104785 0.000350766 -0.000104214 0.999998 -0.00223804 -0.000351234 0.00223797 0.999998 -0.0997723 0.193549 0.284843
FixedParameters: 0 0 0

#Transform 156
Transform: AffineTransform_float_3_3
Parameters: 1 3.64789e-05 0.000538902 -3.55208e-05 0.999996 -0.00274402 -0.000539099 0.00274398 0.999996 -0.11642 0.185495 0.206041
FixedParameters: 0 0 0

#Transform 157
Transform: AffineTransform_float_3_3
Parameters: 0.999999 -8.23178e-05 0.000707198 8.46841e-05 0.999997 -0.00237894 -0.0007078 0.00237906 0.999997 -0.125493 0.199518 0.234159
FixedParameters: 0 0 0

#Transform 158
Transform: AffineTransform_float_3_3
Parameters: 1 -4.16002e-05 0.000447132 4.23994e-05 0.999995 -0.00313098 -0.000446869 0.00313102 0.999995 -0.113873 0.19787 0.162587
FixedParameters: 0 0 0

#Transform 159
Transform: AffineTransform_float_3_3
Parameters: 1 0.000102861 0.000619694 -0.000101138 0.999995 -0.00300306 -0.000620307 0.00300294 0.999996 -0.117745 0.213739 0.131972
FixedParameters: 0 0 0

#Transform 160
Transform: AffineTransform_float_3_3
Parameters: 1 -0.000165038 -9.34784e-06 0.000164963 0.999992 -0.003952 9.65201e-06 0.003952 0.999992 -0.11071 0.200841 0.0141611
FixedParameters: 0 0 0

#Transform 161
Transform: AffineTransform_float_3_3
Parameters: 1 0.000102262 0.000350634 -0.00010074 0.999993 -0.00359804 -0.000350365 0.00359796 0.999994 -0.125356 0.234872 0.111063
FixedParameters: 0 0 0

#Transform 162
Transform: AffineTransform_float_3_3
Parameters: 0.999999 0.000104308 0.000825588 -0.00010069 0.999992 -0.00400608 -0.000826409 0.00400591 0.999991 -0.121382 0.2214 0.0491719
FixedParameters: 0 0 0

#Transform 163
Transform: AffineTransform_float_3_3
Parameters: 0.999999 0.000104429 0.000867594 -0.000100569 0.999992 -0.00395209 -0.000868404 0.00395191 0.999992 -0.135286 0.249954 0.136448
FixedParameters: 0 0 0

#Transform 164
Transform: AffineTransform_float_3_3
Parameters: 0.999999 0.00010383 0.000787632 -0.000101169 0.999993 -0.00359208 -0.000788368 0.00359192 0.999993 -0.115816 0.237723 0.146907
FixedParameters: 0 0 0

#Transform 165
Transform: AffineTransform_float_3_3
Parameters: 0.999999 0.000103879 0.000877664 -0.000101123 0.999994 -0.00328009 -0.000877336 0.00327991 0.999994 -0.123427 0.274385 0.20248
FixedParameters: 0 0 0

#Transform 166
Transform: AffineTransform_float_3_3
Parameters: 1 0.000104954 0.0010166 -0.000101048 0.999993 -0.00388911 -0.0010164 0.0038889 0.999992 -0.126832 0.271384 0.141044
FixedParameters: 0 0 0

#Transform 167
Transform: AffineTransform_float_3_3
Parameters: 1 0.000102711 0.00056169 -0.000101288 0.999996 -0.00304606 -0.000562311 0.00304594 0.999995 -0.104795 0.261341 0.203531
FixedParameters: 0 0 0

#Transform 168
Transform: AffineTransform_float_3_3
Parameters: 1 0.000103468 0.000561551 -0.00010053 0.999991 -0.00439406 -0.000562447 0.00439394 0.99999 -0.104834 0.262104 0.132437
FixedParameters: 0 0 0

#Transform 169
Transform: AffineTransform_float_3_3
Parameters: 1 0.000102871 0.000561661 -0.000101127 0.999995 -0.00333106 -0.00056234 0.00333095 0.999995 -0.104793 0.250115 0.203584
FixedParameters: 0 0 0

#Transform 170
Transform: AffineTransform_float_3_3
Parameters: 0.999999 -2.52631e-06 0.00103702 7.47358e-06 0.99999 -0.00431399 -0.00103698 0.004314 0.99999 -0.120782 0.246657 0.127087
FixedParameters: 0 0 0

#Transform 171
Transform: AffineTransform_float_3_3
Parameters: 0.999999 -0.000143508 0.00127551 0.000147493 0.999994 -0.00352181 -0.00127549 0.00352219 0.999993 -0.141815 0.249552 0.184457
FixedParameters: 0 0 0

#Transform 172
Transform: AffineTransform_float_3_3
Parameters: 0.999999 -7.50828e-05 0.00127524 7.89164e-05 0.999996 -0.0030719 -0.00127476 0.0030721 0.999995 -0.141093 0.213998 0.173788
FixedParameters: 0 0 0

#Transform 173
Transform: AffineTransform_float_3_3
Parameters: 0.999999 0.000106868 0.00139456 -0.000101136 0.999991 -0.00420615 -0.00139444 0.00420686 0.99999 -0.142993 0.228165 0.148835
FixedParameters: 0 0 0

#Transform 174
Transform: AffineTransform_float_3_3
Parameters: 0.999999 -8.37282e-05 0.00127529 8.82708e-05 0.999995 -0.00334989 -0.00127471 0.00335011 0.999993 -0.129068 0.22586 0.198142
FixedParameters: 0 0 0

#Transform 175
Transform: AffineTransform_float_3_3
Parameters: 0.999999 0.000106503 0.00135658 -0.0001005 0.999992 -0.00405514 -0.00135642 0.00405586 0.999991 -0.131137 0.240213 0.159623
FixedParameters: 0 0 0

#Transform 176
Transform: AffineTransform_float_3_3
Parameters: 0.999999 -6.35243e-05 0.00127523 6.74748e-05 0.999994 -0.00350992 -0.00127477 0.00351008 0.999993 -0.143274 0.245813 0.185759
FixedParameters: 0 0 0

#Transform 177
Transform: AffineTransform_float_3_3
Parameters: 0.999999 0.000103703 0.000926701 -0.000101296 0.999995 -0.0029161 -0.000927299 0.00291591 0.999996 -0.112975 0.229637 0.189053
FixedParameters: 0 0 0

#Transform 178
Transform: AffineTransform_float_3_3
Parameters: 0.999999 0.000104527 0.000844571 -0.000100471 0.999992 -0.00417509 -0.000845426 0.00417491 0.999991 -0.109062 0.233741 0.10452
FixedParameters: 0 0 0

#Transform 179
Transform: AffineTransform_float_3_3
Parameters: 1 3.53988e-06 0.00101399 -4.60098e-07 0.999994 -0.003491 -0.00101401 0.003491 0.999994 -0.121203 0.249633 0.186567
FixedParameters: 0 0 0
