# transform file /out/sourcedata/freesurfer/sub-v2s12x28876_ses-1/mri/transforms/cc_up.lta
# created by oesteban on Wed Mar 11 00:46:42 2026

type      = 0 # LINEAR_VOX_TO_VOX
nxforms   = 1
mean      = 126.0000 116.0000 116.0000
sigma     = 10000.0000
1 4 4
9.895651936531067e-01 1.212921887636185e-01 7.777499407529831e-02 -1.918400382995605e+01 
-1.209192872047424e-01 9.926168322563171e-01 -9.503666311502457e-03 4.725612640380859e+01 
-7.835349440574646e-02 0.000000000000000e+00 9.969256520271301e-01 2.737050437927246e+01 
0.000000000000000e+00 0.000000000000000e+00 0.000000000000000e+00 1.000000000000000e+00 
src volume info
valid = 1  # volume info valid
filename = /out/sourcedata/freesurfer/sub-v2s12x28876_ses-1/mri/norm.mgz
volume = 256 256 256
voxelsize = 1.000000000000000e+00 1.000000000000000e+00 1.000000000000000e+00
xras   = -1.000000000000000e+00 0.000000000000000e+00 0.000000000000000e+00
yras   = 0.000000000000000e+00 0.000000000000000e+00 -1.000000000000000e+00
zras   = 0.000000000000000e+00 1.000000000000000e+00 0.000000000000000e+00
cras   = 4.562988281250000e-01 5.899993896484375e+00 6.649993896484375e+00
dst volume info
valid = 1  # volume info valid
filename = /out/sourcedata/freesurfer/sub-v2s12x28876_ses-1/mri/norm.mgz
volume = 256 256 256
voxelsize = 1.000000000000000e+00 1.000000000000000e+00 1.000000000000000e+00
xras   = -1.000000000000000e+00 0.000000000000000e+00 0.000000000000000e+00
yras   = 0.000000000000000e+00 0.000000000000000e+00 -1.000000000000000e+00
zras   = 0.000000000000000e+00 1.000000000000000e+00 0.000000000000000e+00
cras   = 4.562988281250000e-01 5.899993896484375e+00 6.649993896484375e+00
