# transform file /out/sourcedata/freesurfer/sub-v2s12x28893_ses-1/mri/transforms/cc_up.lta
# created by oesteban on Wed Mar 11 03:59:25 2026

type      = 0 # LINEAR_VOX_TO_VOX
nxforms   = 1
mean      = 129.0000 114.0000 130.0000
sigma     = 10000.0000
1 4 4
9.984487295150757e-01 -9.822772815823555e-03 5.480595305562019e-02 -6.714877128601074e+00 
9.808008559048176e-03 9.999517798423767e-01 5.383723764680326e-04 2.568161392211914e+01 
-5.480860173702240e-02 5.820766091346741e-11 9.984968900680542e-01 9.204896926879883e+00 
0.000000000000000e+00 0.000000000000000e+00 0.000000000000000e+00 1.000000000000000e+00 
src volume info
valid = 1  # volume info valid
filename = /out/sourcedata/freesurfer/sub-v2s12x28893_ses-1/mri/norm.mgz
volume = 256 256 256
voxelsize = 1.000000000000000e+00 1.000000000000000e+00 1.000000000000000e+00
xras   = -1.000000000000000e+00 0.000000000000000e+00 0.000000000000000e+00
yras   = 0.000000000000000e+00 0.000000000000000e+00 -1.000000000000000e+00
zras   = 0.000000000000000e+00 1.000000000000000e+00 0.000000000000000e+00
cras   = 3.546600341796875e+00 9.289001464843750e+00 7.414001464843750e+00
dst volume info
valid = 1  # volume info valid
filename = /out/sourcedata/freesurfer/sub-v2s12x28893_ses-1/mri/norm.mgz
volume = 256 256 256
voxelsize = 1.000000000000000e+00 1.000000000000000e+00 1.000000000000000e+00
xras   = -1.000000000000000e+00 0.000000000000000e+00 0.000000000000000e+00
yras   = 0.000000000000000e+00 0.000000000000000e+00 -1.000000000000000e+00
zras   = 0.000000000000000e+00 1.000000000000000e+00 0.000000000000000e+00
cras   = 3.546600341796875e+00 9.289001464843750e+00 7.414001464843750e+00
