# transform file /out/sourcedata/freesurfer/sub-v2s12x28871_ses-1/mri/transforms/cc_up.lta
# created by oesteban on Wed Mar 11 00:14:00 2026

type      = 0 # LINEAR_VOX_TO_VOX
nxforms   = 1
mean      = 128.0000 135.0000 105.0000
sigma     = 10000.0000
1 4 4
9.999384284019470e-01 5.638964474201202e-03 9.566429071128368e-03 -2.612384080886841e+00 
-5.638706497848034e-03 9.999841451644897e-01 -5.394560866989195e-05 1.273469161987305e+01 
-9.566581808030605e-03 -3.637979240772582e-12 9.999542832374573e-01 2.823870277404785e+01 
0.000000000000000e+00 0.000000000000000e+00 0.000000000000000e+00 1.000000000000000e+00 
src volume info
valid = 1  # volume info valid
filename = /out/sourcedata/freesurfer/sub-v2s12x28871_ses-1/mri/norm.mgz
volume = 256 256 256
voxelsize = 1.000000000000000e+00 1.000000000000000e+00 1.000000000000000e+00
xras   = -1.000000000000000e+00 0.000000000000000e+00 0.000000000000000e+00
yras   = 0.000000000000000e+00 0.000000000000000e+00 -1.000000000000000e+00
zras   = 0.000000000000000e+00 1.000000000000000e+00 0.000000000000000e+00
cras   = 2.374702453613281e+00 1.983599853515625e+01 -4.380035400390625e-01
dst volume info
valid = 1  # volume info valid
filename = /out/sourcedata/freesurfer/sub-v2s12x28871_ses-1/mri/norm.mgz
volume = 256 256 256
voxelsize = 1.000000000000000e+00 1.000000000000000e+00 1.000000000000000e+00
xras   = -1.000000000000000e+00 0.000000000000000e+00 0.000000000000000e+00
yras   = 0.000000000000000e+00 0.000000000000000e+00 -1.000000000000000e+00
zras   = 0.000000000000000e+00 1.000000000000000e+00 0.000000000000000e+00
cras   = 2.374702453613281e+00 1.983599853515625e+01 -4.380035400390625e-01
