#Insight Transform File V1.0
#Transform 0
Transform: AffineTransform_float_3_3
Parameters: 1 -0.000518 -0.000453 0.000518 1 -2.34654e-07 0.000453 -2.34654e-07 1 0.00964301 0.0244982 -0.144044
FixedParameters: 0 0 0

#Transform 1
Transform: AffineTransform_float_3_3
Parameters: 1 -0.000253236 -0.000431861 0.000252764 1 -0.000547109 0.000432138 0.00054689 1 0.00157467 0.0600213 -0.146937
FixedParameters: 0 0 0

#Transform 2
Transform: AffineTransform_float_3_3
Parameters: 1 -0.000446117 -0.000333844 0.000445883 1 -0.000350149 0.000334156 0.000349851 1 0.00703347 0.0374577 -0.156815
FixedParameters: 0 0 0

#Transform 3
Transform: AffineTransform_float_3_3
Parameters: 0.999999 -0.000580791 -0.00043228 0.000581208 0.999999 0.000482749 0.00043172 -0.000482251 1 -0.00832509 0.00387114 -0.162296
FixedParameters: 0 0 0

#Transform 4
Transform: AffineTransform_float_3_3
Parameters: 1 -0.000469029 5.17406e-05 0.000468971 0.999999 0.000553024 -5.22593e-05 -0.000552975 1 -0.00384635 -0.0379558 -0.128221
FixedParameters: 0 0 0

#Transform 5
Transform: AffineTransform_float_3_3
Parameters: 1 -0.000552087 0.000138652 0.000551913 0.999999 0.000631076 -0.000138349 -0.000631923 1 -0.0140227 -0.0430583 -0.138116
FixedParameters: 0 0 0

#Transform 6
Transform: AffineTransform_float_3_3
Parameters: 0.999999 -0.00071121 0.000237373 0.00071079 1 0.000882169 -0.000238627 -0.00088283 0.999999 -0.00206092 0.0124001 -0.123977
FixedParameters: 0 0 0

#Transform 7
Transform: AffineTransform_float_3_3
Parameters: 0.999999 -0.000756959 -2.81112e-05 0.00075704 0.999998 0.00146798 2.68887e-05 -0.00146802 0.999999 0.0134232 0.0211283 -0.140955
FixedParameters: 0 0 0

#Transform 8
Transform: AffineTransform_float_3_3
Parameters: 1 -0.000458004 2.36017e-06 0.000457997 0.999999 0.001397 -2.63982e-06 -0.001397 0.999999 0.0206723 0.00321699 -0.141341
FixedParameters: 0 0 0

#Transform 9
Transform: AffineTransform_float_3_3
Parameters: 0.999999 -0.000740714 0.000411718 0.000740285 0.999998 0.00173231 -0.000413283 -0.0017317 0.999999 0.00233131 -0.0207774 -0.147028
FixedParameters: 0 0 0

#Transform 10
Transform: AffineTransform_float_3_3
Parameters: 0.999999 -0.000800605 0.000411825 0.000799394 0.999998 0.00146833 -0.000413174 -0.00146767 0.999999 -0.00593437 -0.0141852 -0.11861
FixedParameters: 0 0 0

#Transform 11
Transform: AffineTransform_float_3_3
Parameters: 1 -0.00109961 0.000411386 0.00109939 0.999999 0.00146845 -0.000413614 -0.00146755 0.999999 -0.0381857 -0.0139537 -0.00446908
FixedParameters: 0 0 0

#Transform 12
Transform: AffineTransform_float_3_3
Parameters: 1 -0.000940276 0.000510492 0.000939725 1 0.00054048 -0.000510507 -0.00053952 0.999999 -0.0371379 -0.00158747 -0.00532796
FixedParameters: 0 0 0

#Transform 13
Transform: AffineTransform_float_3_3
Parameters: 0.999999 -0.000877349 0.000533425 0.00087665 1 0.000655468 -0.000533574 -0.000654532 0.999999 -0.0360038 -6.32282e-05 -0.00477815
FixedParameters: 0 0 0

#Transform 14
Transform: AffineTransform_float_3_3
Parameters: 0.999999 -0.000635243 0.000427638 0.000635755 0.999999 0.000570272 -0.000428362 -0.000569728 0.999999 -0.0411689 0.028726 -0.0174835
FixedParameters: 0 0 0

#Transform 15
Transform: AffineTransform_float_3_3
Parameters: 1 -0.000383177 0.000427841 0.000383823 1 0.000414164 -0.000428159 -0.000413836 1 -0.0215939 0.0115749 -0.0320638
FixedParameters: 0 0 0

#Transform 16
Transform: AffineTransform_float_3_3
Parameters: 0.999999 -0.000635145 0.000311703 0.000634854 0.999999 0.000467198 -0.000312296 -0.000466802 1 -0.0119002 0.0103295 -0.0071837
FixedParameters: 0 0 0

#Transform 17
Transform: AffineTransform_float_3_3
Parameters: 0.999999 -0.00063528 0.000427584 0.000635719 0.999999 0.000655272 -0.000428416 -0.000654728 0.999999 -0.0202208 0.00584927 0.00944331
FixedParameters: 0 0 0

#Transform 18
Transform: AffineTransform_float_3_3
Parameters: 1 -0.000425052 0.000119814 0.000424948 1 0.000437051 -0.000119186 -0.000436949 1 -0.0244613 -0.0105213 0.0182495
FixedParameters: 0 0 0

#Transform 19
Transform: AffineTransform_float_3_3
Parameters: 1 -8.30047e-05 1.89794e-05 8.29953e-05 1 0.000248002 -1.90206e-05 -0.000247998 1 -0.00275692 -0.0059637 0.000909094
FixedParameters: 0 0 0

#Transform 20
Transform: AffineTransform_float_3_3
Parameters: 1 -8.30004e-05 1.89983e-05 8.29996e-05 1 2.00016e-05 -1.90017e-05 -1.99984e-05 1 0.000134544 -0.00044142 -0.00310275
FixedParameters: 0 0 0

#Transform 21
Transform: AffineTransform_float_3_3
Parameters: 1 -8.30063e-05 1.89726e-05 8.29937e-05 1 0.000330002 -1.90274e-05 -0.000329998 1 -0.00412747 0.00068831 0.00129958
FixedParameters: 0 0 0

#Transform 22
Transform: AffineTransform_float_3_3
Parameters: 1 -8.30986e-05 0.000535985 8.29013e-05 1 0.000184044 -0.000536015 -0.000183955 1 -0.0067797 -0.0193935 -0.0133896
FixedParameters: 0 0 0

#Transform 23
Transform: AffineTransform_float_3_3
Parameters: 1 -0.000245352 0.000336744 0.000244648 1 0.00104608 -0.000336256 -0.00104592 1 -0.0149845 -0.0255748 0.0380871
FixedParameters: 0 0 0

#Transform 24
Transform: AffineTransform_float_3_3
Parameters: 1 -0.000530131 0.000163575 0.000529868 0.999999 0.000801086 -0.000164424 -0.000800912 0.999999 -0.0224631 -0.0193243 0.0594498
FixedParameters: 0 0 0

#Transform 25
Transform: AffineTransform_float_3_3
Parameters: 1 -8.29561e-05 0.000232016 8.20438e-05 1 -0.000188981 -0.000231984 0.000189019 1 -0.0181447 -0.0204536 0.0542144
FixedParameters: 0 0 0

#Transform 26
Transform: AffineTransform_float_3_3
Parameters: 1 -8.28968e-05 0.00017005 8.21032e-05 1 -0.000606986 -0.00016995 0.000607014 1 -0.0166628 -0.00376205 0.0520643
FixedParameters: 0 0 0

#Transform 27
Transform: AffineTransform_float_3_3
Parameters: 1 -0.000277474 0.000574254 0.000278526 0.999999 -0.000914839 -0.000574745 0.000915159 0.999999 -0.0256564 0.0150366 0.0677021
FixedParameters: 0 0 0

#Transform 28
Transform: AffineTransform_float_3_3
Parameters: 1 -0.000263469 0.000398352 0.00026353 0.999999 -0.0013329 -0.000397649 0.00133311 0.999999 -0.0213466 0.0174079 0.0379446
FixedParameters: 0 0 0

#Transform 29
Transform: AffineTransform_float_3_3
Parameters: 1 -8.20281e-05 0.000662121 8.29717e-05 0.999999 -0.00146794 -0.000661879 0.00146805 0.999998 -0.021835 0.0173887 0.0285275
FixedParameters: 0 0 0

#Transform 30
Transform: AffineTransform_float_3_3
Parameters: 0.999999 -0.000417237 0.000574555 0.000417764 0.999999 -0.00132976 -0.000574445 0.00132924 0.999999 -0.0248653 0.014044 0.0671083
FixedParameters: 0 0 0

#Transform 31
Transform: AffineTransform_float_3_3
Parameters: 0.999999 -0.000519503 0.000574449 0.000519497 0.999999 -0.000864701 -0.000574551 0.000864298 0.999999 -0.0622515 0.00266616 0.0990142
FixedParameters: 0 0 0

#Transform 32
Transform: AffineTransform_float_3_3
Parameters: 0.999999 -0.000184198 0.000875169 0.000184801 0.999999 -0.000915838 -0.000874831 0.000916161 0.999999 -0.0553373 -0.0351219 0.100707
FixedParameters: 0 0 0

#Transform 33
Transform: AffineTransform_float_3_3
Parameters: 1 -8.22289e-05 0.00104206 8.2771e-05 0.999999 -0.000739914 -0.00104194 0.000740086 0.999999 -0.0642494 0.00163552 0.101006
FixedParameters: 0 0 0

#Transform 34
Transform: AffineTransform_float_3_3
Parameters: 0.999999 -0.000349797 0.000637111 0.000349202 1 -0.000317777 -0.000636889 0.000318223 0.999999 -0.0434294 -0.0247746 0.0586272
FixedParameters: 0 0 0

#Transform 35
Transform: AffineTransform_float_3_3
Parameters: 0.999999 -0.0004996 0.000704283 0.000499399 0.999999 -0.000567648 -0.000703716 0.000568351 0.999999 -0.0436103 -0.0249272 0.0674764
FixedParameters: 0 0 0

#Transform 36
Transform: AffineTransform_float_3_3
Parameters: 1 -0.000553719 0.00104215 0.000554281 1 -0.000269423 -0.00104185 0.000269577 1 -0.0643159 -0.0423469 0.0645635
FixedParameters: 0 0 0

#Transform 37
Transform: AffineTransform_float_3_3
Parameters: 0.999999 -8.29054e-05 0.000945007 8.20944e-05 1 -9.99224e-05 -0.000944991 0.000100078 0.999999 -0.0610525 -0.0528732 0.0894452
FixedParameters: 0 0 0

#Transform 38
Transform: AffineTransform_float_3_3
Parameters: 1 3.53532e-05 0.00104199 -3.56478e-05 1 -0.000338037 -0.00104201 0.000338963 1 -0.0360687 -0.0785382 0.0585248
FixedParameters: 0 0 0

#Transform 39
Transform: AffineTransform_float_3_3
Parameters: 0.999999 -0.000459836 0.000812092 0.000460163 1 -0.000200626 -0.000811907 0.000201373 0.999999 -0.0753403 0.023371 0.0638323
FixedParameters: 0 0 0

#Transform 40
Transform: AffineTransform_float_3_3
Parameters: 1 -8.15526e-05 0.00104211 8.24473e-05 0.999999 -0.00138891 -0.00104189 0.00138909 0.999998 -0.0828689 0.05229 -0.014465
FixedParameters: 0 0 0

#Transform 41
Transform: AffineTransform_float_3_3
Parameters: 1 -0.000309474 0.000985166 0.000310526 1 -0.000533694 -0.000984835 0.000534305 1 -0.0917837 0.0358899 0.0326063
FixedParameters: 0 0 0

#Transform 42
Transform: AffineTransform_float_3_3
Parameters: 0.999999 -0.000545805 0.000724147 0.000546195 1 -0.000269604 -0.000724852 0.000269396 0.999999 -0.0965549 0.0230713 0.0264884
FixedParameters: 0 0 0

#Transform 43
Transform: AffineTransform_float_3_3
Parameters: 1 -0.000384342 0.00104224 0.000384657 0.999999 -0.000630599 -0.00104176 0.000631401 1 -0.100563 0.00565139 0.00214781
FixedParameters: 0 0 0

#Transform 44
Transform: AffineTransform_float_3_3
Parameters: 1 -0.000414434 0.000970242 0.000414565 0.999999 -0.000582598 -0.000969759 0.000583402 1 -0.091752 0.000729132 0.0104774
FixedParameters: 0 0 0

#Transform 45
Transform: AffineTransform_float_3_3
Parameters: 1 -0.000414126 0.00104235 0.000414873 0.999999 -0.000837568 -0.00104165 0.000838432 0.999999 -0.0983431 0.0202668 0.0851759
FixedParameters: 0 0 0

#Transform 46
Transform: AffineTransform_float_3_3
Parameters: 1 -0.000212519 0.000597171 0.000212481 0.999999 -0.000805873 -0.000596829 0.000805126 0.999999 -0.0916005 0.0193273 0.0990924
FixedParameters: 0 0 0

#Transform 47
Transform: AffineTransform_float_3_3
Parameters: 1 -6.63349e-06 0.000500005 6.36649e-06 0.999999 -0.000732996 -0.000499995 0.000733003 0.999999 -0.09051 0.017424 0.135213
FixedParameters: 0 0 0

#Transform 48
Transform: AffineTransform_float_3_3
Parameters: 1 -6.46687e-06 0.000597006 6.53311e-06 0.999999 -0.000892996 -0.000596995 0.000893004 1 -0.105345 0.0213616 0.159434
FixedParameters: 0 0 0

#Transform 49
Transform: AffineTransform_float_3_3
Parameters: 1 -6.39524e-06 0.000597007 6.60476e-06 1 -0.001013 -0.000596994 0.001013 1 -0.105328 0.0241478 0.183416
FixedParameters: 0 0 0

#Transform 50
Transform: AffineTransform_float_3_3
Parameters: 0.999999 0.000589711 0.000596297 -0.000588288 0.999999 -0.00119235 -0.000597701 0.00119165 0.999999 -0.0908458 -0.0181535 0.167349
FixedParameters: 0 0 0

#Transform 51
Transform: AffineTransform_float_3_3
Parameters: 1 0.000191639 0.000596795 -0.000190361 1 -0.00107011 -0.000597204 0.00106989 0.999999 -0.0809498 8.24689e-05 0.163276
FixedParameters: 0 0 0

#Transform 52
Transform: AffineTransform_float_3_3
Parameters: 1 5.4682e-06 0.000652996 -5.53179e-06 0.999999 -0.000717003 -0.000653004 0.000716996 0.999999 -0.0812714 0.0134543 0.184833
FixedParameters: 0 0 0

#Transform 53
Transform: AffineTransform_float_3_3
Parameters: 1 5.57431e-06 0.000596995 -5.42568e-06 0.999999 -0.000962003 -0.000597006 0.000961997 1 -0.0598335 -0.00326341 0.157306
FixedParameters: 0 0 0

#Transform 54
Transform: AffineTransform_float_3_3
Parameters: 1 0.000205588 0.000662818 -0.000205412 0.999999 -0.000887136 -0.000663183 0.000886864 1 -0.0716263 -0.00523412 0.172164
FixedParameters: 0 0 0

#Transform 55
Transform: AffineTransform_float_3_3
Parameters: 0.999999 0.000408749 0.000596487 -0.00040725 0.999999 -0.00125624 -0.000597512 0.00125576 0.999999 -0.0680913 0.028988 0.170323
FixedParameters: 0 0 0

#Transform 56
Transform: AffineTransform_float_3_3
Parameters: 1 0.000408575 0.000482513 -0.000407425 0.999999 -0.0011922 -0.000482486 0.0011918 0.999999 -0.0641589 0.00212521 0.141665
FixedParameters: 0 0 0

#Transform 57
Transform: AffineTransform_float_3_3
Parameters: 0.999999 0.000408579 0.000596604 -0.00040742 1 -0.000971244 -0.000597396 0.000970757 1 -0.0612096 -0.00330694 0.17181
FixedParameters: 0 0 0

#Transform 58
Transform: AffineTransform_float_3_3
Parameters: 0.999999 0.000408849 0.000712513 -0.000408151 0.999999 -0.00119229 -0.000712487 0.00119171 0.999999 -0.0848462 0.001978 0.206989
FixedParameters: 0 0 0

#Transform 59
Transform: AffineTransform_float_3_3
Parameters: 0.999999 0.000160754 0.000874862 -0.000160246 0.999999 -0.00086214 -0.000875138 0.00086186 0.999999 -0.0733542 -0.00585885 0.19562
FixedParameters: 0 0 0

#Transform 60
Transform: AffineTransform_float_3_3
Parameters: 0.999999 0.00040866 0.00087069 -0.000407339 0.999999 -0.000758355 -0.000871309 0.000757644 1 -0.0887788 0.0161134 0.181445
FixedParameters: 0 0 0

#Transform 61
Transform: AffineTransform_float_3_3
Parameters: 1 0.000161991 0.00109785 -0.000161008 0.999999 -0.000903177 -0.00109815 0.000902822 0.999999 -0.0929103 -0.0310129 0.208322
FixedParameters: 0 0 0

#Transform 62
Transform: AffineTransform_float_3_3
Parameters: 0.999999 0.000138108 0.000889675 -0.000135891 0.999997 -0.00236912 -0.000890324 0.00236888 0.999997 -0.0946894 0.0150621 0.151089
FixedParameters: 0 0 0

#Transform 63
Transform: AffineTransform_float_3_3
Parameters: 1 1.68196e-05 0.000345961 -1.61803e-05 0.999997 -0.00236901 -0.000346039 0.002369 0.999997 -0.0738318 0.0305296 0.151382
FixedParameters: 0 0 0

#Transform 64
Transform: AffineTransform_float_3_3
Parameters: 1 0.000223758 0.000371544 -0.000223241 0.999998 -0.00203908 -0.000372456 0.00203892 0.999998 -0.064174 0.0124715 0.124363
FixedParameters: 0 0 0

#Transform 65
Transform: AffineTransform_float_3_3
Parameters: 1 9.87351e-05 0.000417827 -9.8265e-05 0.999999 -0.00175804 -0.000418174 0.00175896 0.999999 -0.0644588 0.0360144 0.124613
FixedParameters: 0 0 0

#Transform 66
Transform: AffineTransform_float_3_3
Parameters: 1 -0.000158141 0.00105013 0.00015886 0.999999 -0.000817833 -0.00105087 0.000818166 0.999999 -0.0739905 -0.0203255 0.13529
FixedParameters: 0 0 0

#Transform 67
Transform: AffineTransform_float_3_3
Parameters: 1 -0.000158573 0.000223304 0.000158428 0.999998 -0.00191397 -0.000223697 0.00191404 0.999998 -0.0329299 0.0465646 0.0893401
FixedParameters: 0 0 0

#Transform 68
Transform: AffineTransform_float_3_3
Parameters: 1 0.000219513 0.000518783 -0.000218488 1 -0.000988114 -0.000518216 0.000987887 1 -0.0481745 0.0393837 0.0941793
FixedParameters: 0 0 0

#Transform 69
Transform: AffineTransform_float_3_3
Parameters: 0.999999 0.000457377 0.000775778 -0.000456624 1 -0.000485354 -0.000775221 0.000485645 0.999999 -0.0536426 0.0139715 0.0561593
FixedParameters: 0 0 0

#Transform 70
Transform: AffineTransform_float_3_3
Parameters: 1 0.000457403 0.000949807 -0.000456598 1 -0.000423434 -0.000950194 0.000423566 1 -0.0642998 0.0246517 0.0823927
FixedParameters: 0 0 0

#Transform 71
Transform: AffineTransform_float_3_3
Parameters: 0.999999 0.000457386 0.000839789 -0.000456613 1 -0.000460383 -0.000840209 0.000459616 0.999999 -0.0774759 0.0359967 0.112318
FixedParameters: 0 0 0

#Transform 72
Transform: AffineTransform_float_3_3
Parameters: 1 0.000372498 0.00100782 -0.000371502 1 -0.000494375 -0.00100718 0.000493625 1 -0.0609004 0.011746 0.0925594
FixedParameters: 0 0 0

#Transform 73
Transform: AffineTransform_float_3_3
Parameters: 0.999999 0.000517083 0.000520917 -0.000516916 1 -0.000160269 -0.000521082 0.000159731 1 -0.049799 0.0179239 0.09629
FixedParameters: 0 0 0

#Transform 74
Transform: AffineTransform_float_3_3
Parameters: 0.999999 0.000457088 0.000748946 -0.000456912 1 -0.000117342 -0.000749053 0.000117658 0.999999 -0.0682213 0.0179148 0.130495
FixedParameters: 0 0 0

#Transform 75
Transform: AffineTransform_float_3_3
Parameters: 1 0.000456776 0.0010081 -0.000457224 1 0.000221539 -0.0010079 -0.000222461 1 -0.0846439 0.0142833 0.155647
FixedParameters: 0 0 0

#Transform 76
Transform: AffineTransform_float_3_3
Parameters: 1 0.000457117 0.00100795 -0.000456883 1 -0.000116461 -0.00100805 0.000115539 1 -0.073707 0.0202353 0.157759
FixedParameters: 0 0 0

#Transform 77
Transform: AffineTransform_float_3_3
Parameters: 0.999999 0.000259323 0.000859902 -0.000258676 1 -0.000376222 -0.000860097 0.000375777 0.999999 -0.0688829 0.0177732 0.174626
FixedParameters: 0 0 0

#Transform 78
Transform: AffineTransform_float_3_3
Parameters: 1 0.000456954 0.00100802 -0.000457046 1 4.55393e-05 -0.00100798 -4.64606e-05 1 -0.0821114 0.0189835 0.176828
FixedParameters: 0 0 0

#Transform 79
Transform: AffineTransform_float_3_3
Parameters: 0.999999 0.000324039 0.000706981 -0.00032396 1 -5.6229e-05 -0.000707018 5.57709e-05 0.999999 -0.104772 -0.0163227 0.176432
FixedParameters: 0 0 0

#Transform 80
Transform: AffineTransform_float_3_3
Parameters: 0.999999 0.000457625 0.000592518 -0.000457376 1 -0.00105427 -0.000592482 0.00105373 1 -0.0840302 0.0428888 0.122442
FixedParameters: 0 0 0

#Transform 81
Transform: AffineTransform_float_3_3
Parameters: 0.999999 0.000457347 0.000706775 -0.000456652 1 -0.000491323 -0.000707224 0.000490676 0.999999 -0.0920753 0.0493606 0.181349
FixedParameters: 0 0 0

#Transform 82
Transform: AffineTransform_float_3_3
Parameters: 0.999999 0.000457485 0.000697681 -0.000457514 0.999999 -0.000696319 -0.000698318 0.00069568 0.999999 -0.0945332 0.0400473 0.175032
FixedParameters: 0 0 0

#Transform 83
Transform: AffineTransform_float_3_3
Parameters: 0.999999 0.000347461 0.000809802 -0.000346538 1 -0.000570281 -0.000810198 0.000569719 1 -0.098542 0.0375915 0.137526
FixedParameters: 0 0 0

#Transform 84
Transform: AffineTransform_float_3_3
Parameters: 1 4.64617e-05 0.00100798 -4.65383e-05 1 -0.000458047 -0.00100802 0.000457954 1 -0.110562 0.0333857 0.137895
FixedParameters: 0 0 0

#Transform 85
Transform: AffineTransform_float_3_3
Parameters: 1 -0.000135155 0.00100811 0.000135845 0.999999 -0.000837863 -0.00100789 0.000838136 0.999999 -0.117348 0.0277806 0.10302
FixedParameters: 0 0 0

#Transform 86
Transform: AffineTransform_float_3_3
Parameters: 1 0.000327096 0.0011757 -0.000325904 0.999999 -0.000932383 -0.0011763 0.000931615 0.999999 -0.116274 0.02877 0.141885
FixedParameters: 0 0 0

#Transform 87
Transform: AffineTransform_float_3_3
Parameters: 1 0.000326463 0.00100785 -0.000325538 1 -0.000459328 -0.00100715 0.000458672 1 -0.112096 0.0307889 0.150801
FixedParameters: 0 0 0

#Transform 88
Transform: AffineTransform_float_3_3
Parameters: 1 0.000452027 0.00100799 -0.000451974 1 -2.64556e-05 -0.00100801 2.65444e-05 1 -0.112752 0.0234791 0.179592
FixedParameters: 0 0 0

#Transform 89
Transform: AffineTransform_float_3_3
Parameters: 0.999999 0.00106499 0.00100802 -0.00106502 1 1.49265e-05 -0.00100798 -1.50735e-05 1 -0.0951916 0.0181392 0.175802
FixedParameters: 0 0 0

#Transform 90
Transform: AffineTransform_float_3_3
Parameters: 0.999999 0.00106501 0.00100799 -0.00106499 1 -1.30735e-05 -0.00100801 1.19265e-05 1 -0.0981137 0.0171325 0.200555
FixedParameters: 0 0 0

#Transform 91
Transform: AffineTransform_float_3_3
Parameters: 0.999999 0.00106448 0.00141639 -0.00106553 1 0.000369491 -0.00141561 -0.000371508 0.999999 -0.108029 0.0188404 0.220972
FixedParameters: 0 0 0

#Transform 92
Transform: AffineTransform_float_3_3
Parameters: 0.999998 0.00106433 0.00181939 -0.00106567 1 0.000369062 -0.00181861 -0.000370937 0.999999 -0.0990452 0.0130242 0.232895
FixedParameters: 0 0 0

#Transform 93
Transform: AffineTransform_float_3_3
Parameters: 0.999998 0.000648977 0.00201098 -0.000652022 0.999998 0.00150269 -0.00201002 -0.00150431 0.999997 -0.120458 -0.02496 0.25586
FixedParameters: 0 0 0

#Transform 94
Transform: AffineTransform_float_3_3
Parameters: 0.999998 0.000659663 0.002214 -0.000663336 0.999998 0.00150654 -0.002213 -0.00150846 0.999997 -0.139317 -0.0401532 0.273636
FixedParameters: 0 0 0

#Transform 95
Transform: AffineTransform_float_3_3
Parameters: 0.999997 0.000840204 0.00221444 -0.000843798 0.999998 0.00171414 -0.00221356 -0.00171587 0.999996 -0.126394 -0.0307335 0.252554
FixedParameters: 0 0 0

#Transform 96
Transform: AffineTransform_float_3_3
Parameters: 0.999997 0.000819379 0.00221434 -0.000823623 0.999999 0.00163518 -0.00221366 -0.00163682 0.999996 -0.12624 -0.0331144 0.264943
FixedParameters: 0 0 0

#Transform 97
Transform: AffineTransform_float_3_3
Parameters: 0.999997 0.0010619 0.00221449 -0.0010651 0.999999 0.00139865 -0.00221351 -0.00140135 0.999996 -0.127512 -0.027389 0.27996
FixedParameters: 0 0 0

#Transform 98
Transform: AffineTransform_float_3_3
Parameters: 0.999995 0.00106171 0.00273128 -0.00106529 0.999998 0.00120309 -0.00273072 -0.0012069 0.999995 -0.143353 -0.00514523 0.304366
FixedParameters: 0 0 0

#Transform 99
Transform: AffineTransform_float_3_3
Parameters: 0.999997 0.000715056 0.00241987 -0.000717941 0.999999 0.00121527 -0.00241813 -0.00121773 0.999997 -0.153234 0.00661167 0.321736
FixedParameters: 0 0 0

#Transform 100
Transform: AffineTransform_float_3_3
Parameters: 0.999998 0.000711664 0.00221343 -0.000712337 0.999999 0.000603425 -0.00221357 -0.000604577 0.999998 -0.156071 -0.00619187 0.301413
FixedParameters: 0 0 0

#Transform 101
Transform: AffineTransform_float_3_3
Parameters: 0.999998 0.000757927 0.00221371 -0.000760075 1 0.00093632 -0.00221329 -0.00093768 0.999997 -0.146004 0.00987507 0.279964
FixedParameters: 0 0 0

#Transform 102
Transform: AffineTransform_float_3_3
Parameters: 0.999997 0.00106437 0.00184836 -0.00106563 1 0.000340031 -0.00184864 -0.000341969 0.999998 -0.113022 0.0222855 0.199724
FixedParameters: 0 0 0

#Transform 103
Transform: AffineTransform_float_3_3
Parameters: 0.999998 0.00106444 0.0020193 -0.00106556 1 0.000276849 -0.00201971 -0.000278151 0.999998 -0.11799 -0.00459517 0.230312
FixedParameters: 0 0 0

#Transform 104
Transform: AffineTransform_float_3_3
Parameters: 0.999997 0.00106408 0.00193551 -0.00106492 1 0.00047494 -0.00193449 -0.00047706 0.999998 -0.11696 0.0151278 0.231512
FixedParameters: 0 0 0

#Transform 105
Transform: AffineTransform_float_3_3
Parameters: 0.999998 0.000583571 0.00156316 -0.000583427 1 0.000273088 -0.00156284 -0.000274912 0.999998 -0.104531 0.0399343 0.182855
FixedParameters: 0 0 0

#Transform 106
Transform: AffineTransform_float_3_3
Parameters: 0.999997 0.00071924 0.00225624 -0.000720761 0.999999 0.000336375 -0.00225576 -0.000337623 0.999998 -0.114191 0.0169029 0.232077
FixedParameters: 0 0 0

#Transform 107
Transform: AffineTransform_float_3_3
Parameters: 0.999998 0.000583268 0.00180024 -0.000583732 0.999999 0.00040595 -0.00179976 -0.00040705 0.999999 -0.101534 0.0120082 0.278413
FixedParameters: 0 0 0

#Transform 108
Transform: AffineTransform_float_3_3
Parameters: 0.999998 0.00111537 0.00180039 -0.00111663 1 0.000346991 -0.00179961 -0.000349008 0.999999 -0.114734 0.0275027 0.286008
FixedParameters: 0 0 0

#Transform 109
Transform: AffineTransform_float_3_3
Parameters: 0.999997 0.00106018 0.00223739 -0.00106082 1 0.000364628 -0.00223661 -0.000366373 0.999998 -0.131902 0.0272166 0.299371
FixedParameters: 0 0 0

#Transform 110
Transform: AffineTransform_float_3_3
Parameters: 0.999997 0.00118936 0.00180042 -0.00118964 0.999999 0.000351859 -0.00179958 -0.000354141 0.999999 -0.0807076 0.045575 0.280439
FixedParameters: 0 0 0

#Transform 111
Transform: AffineTransform_float_3_3
Parameters: 0.999997 0.00118933 0.00218537 -0.00118967 0.999999 0.000307401 -0.00218463 -0.000309599 0.999997 -0.0768179 0.0124172 0.238555
FixedParameters: 0 0 0

#Transform 112
Transform: AffineTransform_float_3_3
Parameters: 0.999998 0.00119015 0.00189991 -0.00118985 1 -8.12608e-05 -0.0018991 7.874e-05 0.999998 -0.0771439 0.0433602 0.202286
FixedParameters: 0 0 0

#Transform 113
Transform: AffineTransform_float_3_3
Parameters: 0.999998 0.00119055 0.00151357 -0.00118945 0.999999 -0.000361801 -0.00151343 0.000360199 0.999999 -0.0678643 0.0472704 0.149154
FixedParameters: 0 0 0

#Transform 114
Transform: AffineTransform_float_3_3
Parameters: 0.999998 0.00076273 0.00153764 -0.000761268 0.999999 -0.000476171 -0.00153736 0.000474828 0.999998 -0.0663822 0.0318453 0.111798
FixedParameters: 0 0 0

#Transform 115
Transform: AffineTransform_float_3_3
Parameters: 0.999998 0.000643268 0.00195224 -0.00064473 0.999999 0.000373742 -0.00195176 -0.000375256 0.999998 -0.0888737 0.0110543 0.176663
FixedParameters: 0 0 0

#Transform 116
Transform: AffineTransform_float_3_3
Parameters: 0.999998 0.00118879 0.00190076 -0.00119021 0.999999 0.000633739 -0.00189925 -0.000636259 0.999998 -0.0928388 0.0114993 0.178103
FixedParameters: 0 0 0

#Transform 117
Transform: AffineTransform_float_3_3
Parameters: 0.999999 0.000741056 0.00165187 -0.000742945 0.999999 0.00117677 -0.00165113 -0.00117823 0.999998 -0.0973054 0.0235821 0.180987
FixedParameters: 0 0 0

#Transform 118
Transform: AffineTransform_float_3_3
Parameters: 0.999997 0.000741328 0.00232053 -0.000743672 1 0.000719277 -0.00232046 -0.000721723 0.999997 -0.115352 0.00253096 0.195276
FixedParameters: 0 0 0

#Transform 119
Transform: AffineTransform_float_3_3
Parameters: 0.999997 0.00114965 0.00183622 -0.00115035 1 0.000190888 -0.00183578 -0.000193111 0.999999 -0.0950076 0.0152427 0.127781
FixedParameters: 0 0 0

#Transform 120
Transform: AffineTransform_float_3_3
Parameters: 0.999998 0.000782526 0.00189978 -0.000782474 0.999999 -0.000277487 -0.00189922 0.000276514 0.999998 -0.114891 0.0559755 0.108736
FixedParameters: 0 0 0

#Transform 121
Transform: AffineTransform_float_3_3
Parameters: 0.999998 0.000393932 0.00189981 -0.000393067 1 -0.000491748 -0.00189919 0.000490253 0.999998 -0.109029 0.0611079 0.0891088
FixedParameters: 0 0 0

#Transform 122
Transform: AffineTransform_float_3_3
Parameters: 0.999998 0.000394112 0.00230981 -0.000392888 1 -0.000481909 -0.00231019 0.000481091 0.999997 -0.133786 0.0513331 0.145019
FixedParameters: 0 0 0

#Transform 123
Transform: AffineTransform_float_3_3
Parameters: 0.999999 0.000120832 0.00138984 -0.000119168 0.999999 -0.00131817 -0.00139016 0.00131783 0.999998 -0.139556 0.0849693 0.1411
FixedParameters: 0 0 0

#Transform 124
Transform: AffineTransform_float_3_3
Parameters: 0.999999 0.000643917 0.00125153 -0.000643081 0.999999 -0.000733805 -0.00125247 0.000732194 0.999999 -0.123952 0.0705245 0.0999526
FixedParameters: 0 0 0

#Transform 125
Transform: AffineTransform_float_3_3
Parameters: 0.999999 0.000392946 0.00131002 -0.000393055 1 4.14851e-05 -0.00130998 -4.15148e-05 0.999999 -0.123338 0.0516674 0.139367
FixedParameters: 0 0 0

#Transform 126
Transform: AffineTransform_float_3_3
Parameters: 0.999998 -1.063e-05 0.00209 1.13699e-05 1 -0.000176977 -0.00209 0.000177023 0.999998 -0.151408 0.0599212 0.184125
FixedParameters: 0 0 0

#Transform 127
Transform: AffineTransform_float_3_3
Parameters: 0.999998 0.000392633 0.00208207 -0.000392368 1 0.000176183 -0.00208193 -0.000176818 0.999998 -0.142036 -0.0018426 0.223277
FixedParameters: 0 0 0

#Transform 128
Transform: AffineTransform_float_3_3
Parameters: 0.999998 -8.9503e-05 0.00227698 8.84966e-05 1 0.000221202 -0.00227702 -0.000220797 0.999998 -0.137329 0.0666494 0.206795
FixedParameters: 0 0 0

#Transform 129
Transform: AffineTransform_float_3_3
Parameters: 0.999998 0.000265369 0.00231219 -0.000267629 0.999999 0.000704383 -0.00231181 -0.000705615 0.999997 -0.153217 0.0383196 0.23071
FixedParameters: 0 0 0

#Transform 130
Transform: AffineTransform_float_3_3
Parameters: 0.999997 0.000431875 0.00233439 -0.000434125 1 0.000909989 -0.00233361 -0.000911011 0.999997 -0.151804 0.0332707 0.245558
FixedParameters: 0 0 0

#Transform 131
Transform: AffineTransform_float_3_3
Parameters: 0.999998 0.000264372 0.00226331 -0.000267627 1 0.0011604 -0.00226269 -0.0011616 0.999997 -0.150672 0.0271495 0.23902
FixedParameters: 0 0 0

#Transform 132
Transform: AffineTransform_float_3_3
Parameters: 0.999997 0.000686499 0.0026064 -0.000687502 0.999999 0.00057521 -0.00260661 -0.000576792 0.999997 -0.133005 0.0227108 0.184494
FixedParameters: 0 0 0

#Transform 133
Transform: AffineTransform_float_3_3
Parameters: 0.999996 0.000340345 0.0028712 -0.000341655 1 0.000576021 -0.0028708 -0.000576979 0.999995 -0.153283 0.0414828 0.167893
FixedParameters: 0 0 0

#Transform 134
Transform: AffineTransform_float_3_3
Parameters: 0.999995 0.000311565 0.00297825 -0.000314435 0.999999 0.000817067 -0.00297874 -0.000817932 0.999995 -0.168586 0.023817 0.231076
FixedParameters: 0 0 0

#Transform 135
Transform: AffineTransform_float_3_3
Parameters: 0.999996 0.000292849 0.00301021 -0.000295151 0.999999 0.000714115 -0.00300979 -0.000714885 0.999995 -0.171122 0.0191364 0.247734
FixedParameters: 0 0 0

#Transform 136
Transform: AffineTransform_float_3_3
Parameters: 0.999997 0.000116047 0.00250014 -0.000118955 1 0.00118171 -0.00249986 -0.00118129 0.999996 -0.154571 0.0347973 0.250338
FixedParameters: 0 0 0

#Transform 137
Transform: AffineTransform_float_3_3
Parameters: 0.999997 0.000117558 0.00250207 -0.000119443 1 0.000576703 -0.00250193 -0.000576296 0.999996 -0.15078 0.0311755 0.247125
FixedParameters: 0 0 0

#Transform 138
Transform: AffineTransform_float_3_3
Parameters: 0.999996 0.000117343 0.00287507 -0.000119658 1 0.000576658 -0.00287493 -0.000576339 0.999995 -0.158914 0.0145096 0.223224
FixedParameters: 0 0 0

#Transform 139
Transform: AffineTransform_float_3_3
Parameters: 0.999995 0.000116028 0.00293312 -0.000118971 1 0.00101266 -0.00293288 -0.00101335 0.999995 -0.170868 0.00922933 0.249444
FixedParameters: 0 0 0

#Transform 140
Transform: AffineTransform_float_3_3
Parameters: 0.999996 0.000224664 0.0026062 -0.000226335 0.999999 0.000895413 -0.0026068 -0.000896589 0.999996 -0.148492 0.0148077 0.248858
FixedParameters: 0 0 0

#Transform 141
Transform: AffineTransform_float_3_3
Parameters: 0.999996 0.000116972 0.00260609 -0.000119027 0.999999 0.000777692 -0.00260591 -0.000778307 0.999997 -0.147732 0.0290068 0.28343
FixedParameters: 0 0 0

#Transform 142
Transform: AffineTransform_float_3_3
Parameters: 0.999996 0.000119245 0.00260599 -0.000119755 1 -9.43124e-05 -0.00260601 9.36895e-05 0.999996 -0.154544 0.0492658 0.228032
FixedParameters: 0 0 0

#Transform 143
Transform: AffineTransform_float_3_3
Parameters: 0.999997 0.000533918 0.00260643 -0.000536084 0.999999 0.000798605 -0.00260657 -0.000799394 0.999997 -0.137687 0.0170186 0.198859
FixedParameters: 0 0 0

#Transform 144
Transform: AffineTransform_float_3_3
Parameters: 0.999998 0.00067173 0.00224668 -0.00067427 1 0.00100949 -0.00224632 -0.00101151 0.999997 -0.123602 0.0270075 0.202797
FixedParameters: 0 0 0

#Transform 145
Transform: AffineTransform_float_3_3
Parameters: 0.999998 0.0007995 0.00219391 -0.000802499 0.999999 0.00113824 -0.00219309 -0.00114076 0.999997 -0.13328 0.0232169 0.25111
FixedParameters: 0 0 0

#Transform 146
Transform: AffineTransform_float_3_3
Parameters: 0.999996 0.000534375 0.00252034 -0.000536626 0.999999 0.000644649 -0.00251965 -0.000645348 0.999996 -0.147808 0.0207826 0.272056
FixedParameters: 0 0 0

#Transform 147
Transform: AffineTransform_float_3_3
Parameters: 0.999997 0.000534708 0.0023133 -0.000536291 0.999999 0.000557761 -0.0023127 -0.000559238 0.999997 -0.14264 0.0367468 0.301286
FixedParameters: 0 0 0

#Transform 148
Transform: AffineTransform_float_3_3
Parameters: 0.999998 0.000996658 0.00205714 -0.000999342 0.999999 0.00113795 -0.00205586 -0.00114005 0.999997 -0.138906 0.0281063 0.304515
FixedParameters: 0 0 0

#Transform 149
Transform: AffineTransform_float_3_3
Parameters: 0.999998 0.00105085 0.00181367 -0.00105215 0.999999 0.000632093 -0.00181233 -0.000634906 0.999998 -0.117807 0.0206795 0.280912
FixedParameters: 0 0 0

#Transform 150
Transform: AffineTransform_float_3_3
Parameters: 0.999998 0.000997879 0.00181262 -0.000999122 1 0.000618191 -0.00181238 -0.00061981 0.999998 -0.117207 0.0211008 0.261661
FixedParameters: 0 0 0

#Transform 151
Transform: AffineTransform_float_3_3
Parameters: 0.999999 0.000998129 0.00151458 -0.000998874 1 0.000575488 -0.00151443 -0.000576513 0.999998 -0.125889 0.0221676 0.22226
FixedParameters: 0 0 0

#Transform 152
Transform: AffineTransform_float_3_3
Parameters: 0.999998 0.000999024 0.00160799 -0.000998976 0.999999 -1.56064e-05 -0.00160802 1.43936e-05 0.999998 -0.128125 0.0366792 0.238262
FixedParameters: 0 0 0

#Transform 153
Transform: AffineTransform_float_3_3
Parameters: 0.999998 0.0009991 0.00160794 -0.0009989 0.999999 -6.26062e-05 -0.00160806 6.13934e-05 0.999998 -0.134093 0.0480585 0.218908
FixedParameters: 0 0 0

#Transform 154
Transform: AffineTransform_float_3_3
Parameters: 0.999999 0.00099874 0.00151317 -0.000999259 0.999999 0.000170488 -0.00151283 -0.000172511 0.999999 -0.122828 0.0320368 0.231309
FixedParameters: 0 0 0

#Transform 155
Transform: AffineTransform_float_3_3
Parameters: 0.999998 0.000998649 0.00160822 -0.000999349 0.999999 0.000216393 -0.00160778 -0.000218606 0.999998 -0.120684 0.0513775 0.215344
FixedParameters: 0 0 0

#Transform 156
Transform: AffineTransform_float_3_3
Parameters: 0.999999 0.000998981 0.00119402 -0.000999018 0.999999 1.48072e-05 -0.00119398 -1.61928e-05 1 -0.118059 0.0700969 0.24538
FixedParameters: 0 0 0

#Transform 157
Transform: AffineTransform_float_3_3
Parameters: 0.999999 0.00120087 0.000764205 -0.00120113 1 0.000170082 -0.000763794 -0.000171917 0.999999 -0.0934673 0.0367091 0.266199
FixedParameters: 0 0 0

#Transform 158
Transform: AffineTransform_float_3_3
Parameters: 0.999999 0.000857845 0.00116611 -0.000858154 0.999999 0.000131999 -0.00116589 -0.000133 1 -0.120898 0.033138 0.28329
FixedParameters: 0 0 0

#Transform 159
Transform: AffineTransform_float_3_3
Parameters: 0.999998 0.00117703 0.00157323 -0.00117597 0.999999 -0.000653852 -0.00157477 0.000652148 0.999999 -0.128308 -0.0126022 0.26131
FixedParameters: 0 0 0

#Transform 160
Transform: AffineTransform_float_3_3
Parameters: 0.999999 0.00100066 0.00116543 -0.000999336 1 -0.000570166 -0.00116557 0.000568835 0.999999 -0.117384 0.076903 0.243255
FixedParameters: 0 0 0

#Transform 161
Transform: AffineTransform_float_3_3
Parameters: 0.999999 0.000870344 0.00116574 -0.000870655 0.999999 -0.000296015 -0.00116626 0.000294985 1 -0.122991 0.105862 0.231845
FixedParameters: 0 0 0

#Transform 162
Transform: AffineTransform_float_3_3
Parameters: 0.999999 0.000870254 0.00116581 -0.000870745 0.999999 -0.000219015 -0.00116619 0.000217985 1 -0.125804 0.0993567 0.2276
FixedParameters: 0 0 0

#Transform 163
Transform: AffineTransform_float_3_3
Parameters: 0.999999 0.000831328 0.00116577 -0.000830671 0.999999 -0.000281969 -0.00116623 0.000281031 1 -0.116695 0.084411 0.21295
FixedParameters: 0 0 0

#Transform 164
Transform: AffineTransform_float_3_3
Parameters: 0.999998 0.000816184 0.00170444 -0.000814818 1 -0.000694391 -0.00170557 0.00069361 0.999999 -0.121125 0.0340568 0.215234
FixedParameters: 0 0 0

#Transform 165
Transform: AffineTransform_float_3_3
Parameters: 1 0.000815602 0.000866435 -0.0008144 1 -0.000693707 -0.000866566 0.000693294 1 -0.116877 0.0435993 0.271281
FixedParameters: 0 0 0

#Transform 166
Transform: AffineTransform_float_3_3
Parameters: 1 0.000815277 0.000762705 -0.000814723 0.999999 -0.000362621 -0.000763296 0.000362378 0.999999 -0.121306 0.067714 0.283828
FixedParameters: 0 0 0

#Transform 167
Transform: AffineTransform_float_3_3
Parameters: 0.999999 0.00081498 0.000973017 -0.00081502 0.999999 2.0207e-05 -0.000972983 -2.0793e-05 0.999999 -0.127373 0.0550773 0.22044
FixedParameters: 0 0 0

#Transform 168
Transform: AffineTransform_float_3_3
Parameters: 0.999999 0.000920803 0.000978186 -0.000921197 0.999999 0.000201099 -0.000978815 -0.000201901 1 -0.132664 0.0713125 0.248795
FixedParameters: 0 0 0

#Transform 169
Transform: AffineTransform_float_3_3
Parameters: 1 0.000910376 0.000628456 -0.000910625 1 -0.000597573 -0.000629544 0.000596427 0.999999 -0.120032 0.0734392 0.200125
FixedParameters: 0 0 0

#Transform 170
Transform: AffineTransform_float_3_3
Parameters: 1 0.000815681 0.000901385 -0.00081432 1 -0.000754735 -0.000902615 0.000754265 1 -0.0585552 0.0864572 0.173233
FixedParameters: 0 0 0

#Transform 171
Transform: AffineTransform_float_3_3
Parameters: 0.999999 0.00121688 0.000711489 -0.00121612 0.999998 -0.00124287 -0.00071251 0.00124113 0.999999 -0.104935 0.111466 0.182136
FixedParameters: 0 0 0

#Transform 172
Transform: AffineTransform_float_3_3
Parameters: 0.999999 0.0012174 0.000765784 -0.0012166 0.999997 -0.00182193 -0.000768217 0.00182107 0.999998 -0.106342 0.103439 0.163252
FixedParameters: 0 0 0

#Transform 173
Transform: AffineTransform_float_3_3
Parameters: 0.999999 0.00138731 0.000718478 -0.00138569 0.999998 -0.001819 -0.000720521 0.001818 0.999998 -0.133351 0.119695 0.153618
FixedParameters: 0 0 0

#Transform 174
Transform: AffineTransform_float_3_3
Parameters: 0.999999 0.00170329 0.000621481 -0.00170271 0.999997 -0.00206706 -0.00062552 0.00206594 0.999997 -0.138655 0.146823 0.144645
FixedParameters: 0 0 0

#Transform 175
Transform: AffineTransform_float_3_3
Parameters: 0.999999 0.00170274 0.000393821 -0.00170226 0.999997 -0.00186767 -0.00039718 0.00186733 0.999998 -0.13308 0.142073 0.180729
FixedParameters: 0 0 0

#Transform 176
Transform: AffineTransform_float_3_3
Parameters: 0.999999 0.00170308 0.00062204 -0.00170192 0.999997 -0.00173906 -0.00062496 0.00173794 0.999999 -0.13866 0.121051 0.193816
FixedParameters: 0 0 0

#Transform 177
Transform: AffineTransform_float_3_3
Parameters: 0.999999 0.00150971 0.000441592 -0.00150929 0.999997 -0.00159567 -0.000444409 0.00159533 0.999998 -0.133339 0.117729 0.188138
FixedParameters: 0 0 0

#Transform 178
Transform: AffineTransform_float_3_3
Parameters: 0.999998 0.00170206 4.14809e-05 -0.00170194 0.999998 -0.00148007 -4.45188e-05 0.00147993 0.999999 -0.154081 0.114756 0.216508
FixedParameters: 0 0 0

#Transform 179
Transform: AffineTransform_float_3_3
Parameters: 0.999999 0.00175363 0.000286193 -0.00175337 0.999996 -0.0021715 -0.000290809 0.00217149 0.999997 -0.151658 0.111352 0.245989
FixedParameters: 0 0 0
