#Insight Transform File V1.0
#Transform 0
Transform: AffineTransform_float_3_3
Parameters: 0.999999 -1.55707e-06 -0.000848998 4.4293e-07 0.999999 -0.001834 0.000849002 0.001834 0.999998 0.0216386 0.0844674 -0.0747676
FixedParameters: 0 0 0

#Transform 1
Transform: AffineTransform_float_3_3
Parameters: 1 -1.6493e-06 -0.001101 3.50698e-07 0.999999 -0.001498 0.001101 0.001498 0.999999 0.0332947 0.068966 -0.0609966
FixedParameters: 0 0 0

#Transform 2
Transform: AffineTransform_float_3_3
Parameters: 0.999999 -1.87019e-06 -0.001241 1.29809e-07 0.999999 -0.001507 0.001241 0.001507 0.999998 0.039114 0.0752517 -0.0377999
FixedParameters: 0 0 0

#Transform 3
Transform: AffineTransform_float_3_3
Parameters: 1 -1.90944e-06 -0.001105 9.05561e-08 0.999999 -0.001728 0.001105 0.001728 0.999998 0.0371469 0.0841339 -0.0681452
FixedParameters: 0 0 0

#Transform 4
Transform: AffineTransform_float_3_3
Parameters: 0.999999 -1.36689e-06 -0.000848999 -3.66892e-07 0.999998 -0.00161 0.000849 0.00161 0.999999 0.0241238 0.0811693 -0.0585718
FixedParameters: 0 0 0

#Transform 5
Transform: AffineTransform_float_3_3
Parameters: 0.999999 -1.60631e-06 -0.000848998 3.93688e-07 0.999998 -0.001892 0.000849002 0.001892 0.999998 0.02267 0.0870192 -0.0435192
FixedParameters: 0 0 0

#Transform 6
Transform: AffineTransform_float_3_3
Parameters: 1 -2.3288e-06 -0.001136 -3.28806e-07 0.999998 -0.00205 0.001136 0.00205 0.999998 0.0375088 0.0943471 -0.0729332
FixedParameters: 0 0 0

#Transform 7
Transform: AffineTransform_float_3_3
Parameters: 0.999999 0.000272365 -0.000849525 -0.000274634 0.999998 -0.00192477 0.000848472 0.00192523 0.999998 0.0240182 0.0875249 -0.0600005
FixedParameters: 0 0 0

#Transform 8
Transform: AffineTransform_float_3_3
Parameters: 0.999999 -1.65725e-06 -0.000848998 3.42748e-07 0.999998 -0.001952 0.000849002 0.001952 0.999997 0.0161614 0.0898292 -0.0556844
FixedParameters: 0 0 0

#Transform 9
Transform: AffineTransform_float_3_3
Parameters: 1 -1.99872e-06 -0.001041 1.276e-09 0.999998 -0.00192 0.001041 0.00192 0.999997 0.0284909 0.0883443 -0.067234
FixedParameters: 0 0 0

#Transform 10
Transform: AffineTransform_float_3_3
Parameters: 0.999999 0.000234465 -0.000849425 -0.000235535 0.999999 -0.0018078 0.000848575 0.0018072 0.999998 0.0225056 0.0822322 -0.0594581
FixedParameters: 0 0 0

#Transform 11
Transform: AffineTransform_float_3_3
Parameters: 0.999999 -1.1886e-06 -0.000848999 -1.88601e-07 0.999999 -0.0014 0.000849 0.0014 0.999998 0.022499 0.0850244 -0.0575865
FixedParameters: 0 0 0

#Transform 12
Transform: AffineTransform_float_3_3
Parameters: 0.999999 7.15718e-05 -0.000849122 -7.34287e-05 0.999998 -0.00168294 0.000848878 0.00168206 0.999998 0.0232508 0.0771394 -0.0588533
FixedParameters: 0 0 0

#Transform 13
Transform: AffineTransform_float_3_3
Parameters: 0.999999 -1.42717e-06 -0.000848999 -4.27171e-07 0.999998 -0.001681 0.000849 0.001681 0.999998 0.0307393 0.0773224 -0.0532687
FixedParameters: 0 0 0

#Transform 14
Transform: AffineTransform_float_3_3
Parameters: 0.999999 -8.82504e-05 -0.00084887 8.77493e-05 0.999999 -0.00147307 0.000849129 0.00147292 0.999998 0.0188952 0.0680655 -0.0266522
FixedParameters: 0 0 0

#Transform 15
Transform: AffineTransform_float_3_3
Parameters: 0.999999 -9.29655e-07 -0.000848999 7.0344e-08 1 -0.001095 0.000849 0.001095 0.999999 0.0151983 0.0579488 -0.0167392
FixedParameters: 0 0 0

#Transform 16
Transform: AffineTransform_float_3_3
Parameters: 0.999999 0.000628023 -0.000849722 -0.000628975 0.999999 -0.00114947 0.000848277 0.00115053 0.999999 0.00563856 0.0505319 -0.0418508
FixedParameters: 0 0 0

#Transform 17
Transform: AffineTransform_float_3_3
Parameters: 0.999999 0.000232416 -0.00084916 -0.000232584 0.999999 -0.000687803 0.00084884 0.000688198 1 0.0379438 0.0336794 0.00465996
FixedParameters: 0 0 0

#Transform 18
Transform: AffineTransform_float_3_3
Parameters: 1 0.000232391 0.000619229 -0.000232609 0.999999 0.000983856 -0.000618771 -0.000984144 1 -0.0297632 -0.0463068 0.0943047
FixedParameters: 0 0 0

#Transform 19
Transform: AffineTransform_float_3_3
Parameters: 1 0.000233 4.40012e-05 -0.000233 1 4.98975e-06 -4.39988e-05 -5.01025e-06 1 -0.00332878 -0.001434 0.00525635
FixedParameters: 0 0 0

#Transform 20
Transform: AffineTransform_float_3_3
Parameters: 1 0.000233006 4.39681e-05 -0.000232994 1 -0.00013701 -4.40319e-05 0.00013699 1 -0.00332728 0.00511186 0.00462244
FixedParameters: 0 0 0

#Transform 21
Transform: AffineTransform_float_3_3
Parameters: 1 -0.000216992 4.40386e-05 0.000217008 1 -0.00017799 -4.39614e-05 0.00017801 1 -0.00130077 0.00866927 0.0230616
FixedParameters: 0 0 0

#Transform 22
Transform: AffineTransform_float_3_3
Parameters: 1 -0.000217004 4.39811e-05 0.000216996 1 8.70095e-05 -4.40189e-05 -8.69904e-05 1 -0.00129211 -0.0264704 0.0465408
FixedParameters: 0 0 0

#Transform 23
Transform: AffineTransform_float_3_3
Parameters: 1 -0.000217007 4.39677e-05 0.000216993 1 0.00014901 -4.40323e-05 -0.00014899 1 -0.00129431 -0.0183807 0.0363517
FixedParameters: 0 0 0

#Transform 24
Transform: AffineTransform_float_3_3
Parameters: 1 -0.000163007 4.39757e-05 0.000162993 1 0.000149007 -4.40243e-05 -0.000148993 1 -0.00153205 -0.00781219 0.0161581
FixedParameters: 0 0 0

#Transform 25
Transform: AffineTransform_float_3_3
Parameters: 1 -0.000216994 4.40293e-05 0.000217006 1 -0.00013499 -4.39707e-05 0.00013501 1 -0.00130104 0.00634918 0.00543258
FixedParameters: 0 0 0

#Transform 26
Transform: AffineTransform_float_3_3
Parameters: 1 -0.000216994 4.40297e-05 0.000217006 1 -0.00013699 -4.39703e-05 0.00013701 1 -0.00130162 0.0126358 0.0231734
FixedParameters: 0 0 0

#Transform 27
Transform: AffineTransform_float_3_3
Parameters: 1 -0.000216956 0.000122078 0.000217044 1 -0.000359973 -0.000121922 0.000360026 1 -0.00486033 0.0242647 0.0218806
FixedParameters: 0 0 0

#Transform 28
Transform: AffineTransform_float_3_3
Parameters: 1 -0.000550006 4.39257e-05 0.000549994 1 0.000135024 -4.40742e-05 -0.000134976 1 0.000166482 -0.00426621 -0.0026731
FixedParameters: 0 0 0

#Transform 29
Transform: AffineTransform_float_3_3
Parameters: 1 -0.000624051 0.000237864 0.000623948 1 0.000217148 -0.000238135 -0.000216851 1 -0.00837403 0.00519429 0.0130849
FixedParameters: 0 0 0

#Transform 30
Transform: AffineTransform_float_3_3
Parameters: 0.999999 -0.000624072 0.000407889 0.000623928 1 0.000177254 -0.00040711 -0.000176746 1 -0.0161908 5.14308e-05 0.0193663
FixedParameters: 0 0 0

#Transform 31
Transform: AffineTransform_float_3_3
Parameters: 1 -0.000624006 4.39089e-05 0.000623993 1 0.000146027 -4.40911e-05 -0.000145972 1 0.00738513 0.00145961 -0.00297577
FixedParameters: 0 0 0

#Transform 32
Transform: AffineTransform_float_3_3
Parameters: 1 -0.000624014 4.37934e-05 0.000623985 1 0.000331027 -4.42065e-05 -0.000330972 1 0.0151713 -0.00701944 0.0170277
FixedParameters: 0 0 0

#Transform 33
Transform: AffineTransform_float_3_3
Parameters: 0.999999 -0.00062409 0.000356843 0.00062391 1 0.000251223 -0.000357157 -0.000251777 1 -0.0016154 -0.00625357 0.0164474
FixedParameters: 0 0 0

#Transform 34
Transform: AffineTransform_float_3_3
Parameters: 0.999999 -0.000624062 0.000401904 0.000623938 1 0.000154251 -0.000402096 -0.000153749 1 -0.00501575 0.00112886 -0.0283346
FixedParameters: 0 0 0

#Transform 35
Transform: AffineTransform_float_3_3
Parameters: 1 -0.000624022 4.36767e-05 0.000623977 0.999999 0.000518027 -4.43232e-05 -0.000517972 1 0.00929588 -0.015617 -0.0236019
FixedParameters: 0 0 0

#Transform 36
Transform: AffineTransform_float_3_3
Parameters: 1 -0.000355999 0.000204001 0.000356001 1 -3.92738e-06 -0.000203999 4.07262e-06 1 -0.00801639 0.0073823 -0.0276295
FixedParameters: 0 0 0

#Transform 37
Transform: AffineTransform_float_3_3
Parameters: 1 -0.000623987 4.41741e-05 0.000624012 1 -0.000278972 -4.48259e-05 0.000279028 1 0.000514823 -0.00742445 -0.0223849
FixedParameters: 0 0 0

#Transform 38
Transform: AffineTransform_float_3_3
Parameters: 0.999999 -0.00104136 0.000770872 0.00104164 0.999999 -0.000836198 -0.000770129 0.000836803 1 -0.0134688 0.0196687 3.54697e-06
FixedParameters: 0 0 0

#Transform 39
Transform: AffineTransform_float_3_3
Parameters: 0.999997 -0.00062581 0.00205145 0.000624189 1 0.000883283 -0.00205255 -0.000881718 0.999998 -0.0896649 -0.0609736 0.0380418
FixedParameters: 0 0 0

#Transform 40
Transform: AffineTransform_float_3_3
Parameters: 0.999999 -0.000332055 0.00120199 0.000331945 1 4.6399e-05 -0.00120202 -4.56009e-05 1 -0.0622995 0.00386339 0.012315
FixedParameters: 0 0 0

#Transform 41
Transform: AffineTransform_float_3_3
Parameters: 0.999999 -0.000274114 0.000837962 0.000273886 1 0.00013623 -0.000838037 -0.00013577 0.999999 -0.0400319 0.0156599 0.0281423
FixedParameters: 0 0 0

#Transform 42
Transform: AffineTransform_float_3_3
Parameters: 0.999999 -0.000814946 0.00020022 0.000815053 0.999999 -0.000269837 -0.000199781 0.000269163 1 -0.0102627 0.0098 0.0213791
FixedParameters: 0 0 0

#Transform 43
Transform: AffineTransform_float_3_3
Parameters: 0.999999 -0.000927951 -5.38518e-05 0.000928049 0.999999 0.00091795 5.3148e-05 -0.000918049 0.999999 0.00166274 -0.046409 0.0102505
FixedParameters: 0 0 0

#Transform 44
Transform: AffineTransform_float_3_3
Parameters: 1 -0.00115072 -0.000260226 0.00115028 0.999999 0.0010647 0.000259775 -0.0010653 1 -0.00479614 -0.0608087 0.0119963
FixedParameters: 0 0 0

#Transform 45
Transform: AffineTransform_float_3_3
Parameters: 0.999999 -0.000693882 -0.000209391 0.000694117 0.999999 0.000563854 0.000208609 -0.000563145 1 -0.00490715 -0.045857 -0.0161382
FixedParameters: 0 0 0

#Transform 46
Transform: AffineTransform_float_3_3
Parameters: 1 -0.00109873 -0.000351845 0.00109927 0.999999 0.000768614 0.000351156 -0.000768386 0.999999 0.00347568 -0.0301337 0.0124167
FixedParameters: 0 0 0

#Transform 47
Transform: AffineTransform_float_3_3
Parameters: 1 -0.000378779 -0.00034824 0.000379221 0.999999 0.000634868 0.000347759 -0.000635131 0.999999 0.00209931 -0.0241135 0.0302401
FixedParameters: 0 0 0

#Transform 48
Transform: AffineTransform_float_3_3
Parameters: 1 -0.000527888 -0.000238247 0.000528111 1 0.000468874 0.000237752 -0.000469125 1 -0.00431479 -0.0105368 0.00318194
FixedParameters: 0 0 0

#Transform 49
Transform: AffineTransform_float_3_3
Parameters: 1 -0.000616776 -0.000306451 0.000617224 1 0.000731811 0.000305548 -0.000732189 0.999999 -0.000882994 -0.0276924 0.0317774
FixedParameters: 0 0 0

#Transform 50
Transform: AffineTransform_float_3_3
Parameters: 1 -0.0010528 -0.000238896 0.0010532 0.999999 0.000850749 0.000238104 -0.000851251 0.999999 -0.0018549 -0.0314958 0.0124182
FixedParameters: 0 0 0

#Transform 51
Transform: AffineTransform_float_3_3
Parameters: 0.999999 -0.00147663 -0.000430256 0.00147636 0.999998 0.000850365 0.000428743 -0.000851633 0.999999 0.00879459 -0.0476315 0.0336904
FixedParameters: 0 0 0

#Transform 52
Transform: AffineTransform_float_3_3
Parameters: 0.999999 -0.00139168 -0.00046694 0.00139231 0.999999 0.00067535 0.00046606 -0.000675649 0.999999 0.0161433 -0.0397918 0.0296803
FixedParameters: 0 0 0

#Transform 53
Transform: AffineTransform_float_3_3
Parameters: 0.999999 -0.00119849 -0.000549118 0.00119951 0.999999 0.000932342 0.000547881 -0.000933658 1 0.0130091 -0.0523782 0.0139756
FixedParameters: 0 0 0

#Transform 54
Transform: AffineTransform_float_3_3
Parameters: 0.999999 -0.000868797 -0.000238739 0.000869203 1 0.000850793 0.00023826 -0.000851207 0.999999 -0.00277277 -0.0498513 0.0124446
FixedParameters: 0 0 0

#Transform 55
Transform: AffineTransform_float_3_3
Parameters: 0.999999 -0.00128969 -0.000544741 0.00129031 0.999999 0.000574297 0.000544258 -0.000575702 0.999999 0.0132267 -0.0355566 0.0123661
FixedParameters: 0 0 0

#Transform 56
Transform: AffineTransform_float_3_3
Parameters: 0.999999 -0.00103983 -0.000238748 0.00104017 0.999999 0.000719752 0.000238251 -0.000720248 0.999999 -0.00204027 -0.0432064 0.0118703
FixedParameters: 0 0 0

#Transform 57
Transform: AffineTransform_float_3_3
Parameters: 0.999999 -0.0012898 -0.000239074 0.0012902 0.999999 0.000832692 0.000237925 -0.000833307 0.999999 -0.0145315 -0.0474199 0.0123952
FixedParameters: 0 0 0

#Transform 58
Transform: AffineTransform_float_3_3
Parameters: 0.999999 -0.00128975 -0.00023933 0.00129025 0.999998 0.00103069 0.000237671 -0.00103031 1 -0.0220045 -0.0565047 0.0109949
FixedParameters: 0 0 0

#Transform 59
Transform: AffineTransform_float_3_3
Parameters: 0.999999 -0.00146175 -0.000239507 0.00146125 0.999999 0.00103065 0.000238495 -0.00103035 1 -0.0176202 -0.0560125 0.0132911
FixedParameters: 0 0 0

#Transform 60
Transform: AffineTransform_float_3_3
Parameters: 0.999999 -0.00134383 -0.000238949 0.00134417 0.999999 0.000705679 0.000238051 -0.00070632 0.999999 -0.0158228 -0.0414266 0.0117876
FixedParameters: 0 0 0

#Transform 61
Transform: AffineTransform_float_3_3
Parameters: 0.999999 -0.00134375 -0.000239385 0.00134425 0.999998 0.00103068 0.000237615 -0.00103032 1 -0.0187882 -0.0428248 0.0131806
FixedParameters: 0 0 0

#Transform 62
Transform: AffineTransform_float_3_3
Parameters: 0.999999 -0.00134381 -0.00023909 0.00134419 0.999999 0.000810679 0.00023791 -0.00081132 0.999999 -0.00677671 -0.0462901 -0.0113508
FixedParameters: 0 0 0

#Transform 63
Transform: AffineTransform_float_3_3
Parameters: 0.999999 -0.0013437 -0.000239701 0.0013443 0.999999 0.00126568 0.000238298 -0.00126632 0.999999 -0.000616725 -0.06728 -0.014582
FixedParameters: 0 0 0

#Transform 64
Transform: AffineTransform_float_3_3
Parameters: 0.999999 -0.00134353 -0.000298144 0.00134447 0.999998 0.0015956 0.000295856 -0.0015954 0.999998 -0.00852661 -0.0823273 0.0278783
FixedParameters: 0 0 0

#Transform 65
Transform: AffineTransform_float_3_3
Parameters: 0.999999 -0.00134343 -0.000476619 0.00134457 0.999999 0.00120436 0.000475381 -0.00120464 0.999999 -0.00460837 -0.0644486 -0.00442831
FixedParameters: 0 0 0

#Transform 66
Transform: AffineTransform_float_3_3
Parameters: 0.999999 -0.0013429 -0.000656262 0.0013441 0.999997 0.00168312 0.000653738 -0.00168388 0.999999 -0.000778514 -0.086365 0.0511014
FixedParameters: 0 0 0

#Transform 67
Transform: AffineTransform_float_3_3
Parameters: 0.999999 -0.00134284 -0.000656368 0.00134415 0.999997 0.00176212 0.000653632 -0.00176288 0.999998 1.42038e-05 -0.0900202 0.0514003
FixedParameters: 0 0 0

#Transform 68
Transform: AffineTransform_float_3_3
Parameters: 0.999999 -0.00134284 -0.000772023 0.00134416 0.999998 0.00150596 0.000769975 -0.00150704 0.999998 0.0100801 -0.0782956 0.0417952
FixedParameters: 0 0 0

#Transform 69
Transform: AffineTransform_float_3_3
Parameters: 0.999999 -0.00134236 -0.00079478 0.00134464 0.999997 0.00206993 0.000792217 -0.00207106 0.999997 0.011302 -0.114221 0.0313745
FixedParameters: 0 0 0

#Transform 70
Transform: AffineTransform_float_3_3
Parameters: 0.999999 -0.00134282 -0.000656427 0.00134418 0.999998 0.00180612 0.000653572 -0.00180788 0.999998 0.00439667 -0.0921704 0.0321789
FixedParameters: 0 0 0

#Transform 71
Transform: AffineTransform_float_3_3
Parameters: 0.999998 -0.00163598 -8.42703e-06 0.00163602 0.999986 0.00515099 -4.27156e-07 -0.00515101 0.999986 -0.0380078 -0.206502 0.163144
FixedParameters: 0 0 0

#Transform 72
Transform: AffineTransform_float_3_3
Parameters: 1 -0.00103834 -0.000225049 0.00103866 0.999995 0.00293577 0.000221951 -0.00293623 0.999995 -0.039007 -0.156037 0.0730853
FixedParameters: 0 0 0

#Transform 73
Transform: AffineTransform_float_3_3
Parameters: 0.999999 -0.00122973 -8.31545e-05 0.00123027 0.999993 0.0033779 7.88446e-05 -0.0033781 0.999995 -0.0447227 -0.147829 0.0589896
FixedParameters: 0 0 0

#Transform 74
Transform: AffineTransform_float_3_3
Parameters: 1 -0.00121358 -0.0001368 0.00121442 0.999995 0.00313084 0.000133198 -0.00313117 0.999995 -0.0423354 -0.136598 0.0627326
FixedParameters: 0 0 0

#Transform 75
Transform: AffineTransform_float_3_3
Parameters: 0.999999 -0.00124327 -0.000238818 0.00124373 0.999994 0.0030697 0.000235183 -0.00307029 0.999996 -0.0374566 -0.133677 0.0480541
FixedParameters: 0 0 0

#Transform 76
Transform: AffineTransform_float_3_3
Parameters: 0.999999 -0.00132821 -0.000246291 0.00132979 0.999994 0.00322967 0.000241706 -0.00323032 0.999995 -0.0368355 -0.140339 0.139809
FixedParameters: 0 0 0

#Transform 77
Transform: AffineTransform_float_3_3
Parameters: 0.999999 -0.00132873 -0.00013961 0.00132927 0.999997 0.00196382 0.000137389 -0.00196418 0.999998 -0.0416972 -0.0823638 0.0826316
FixedParameters: 0 0 0

#Transform 78
Transform: AffineTransform_float_3_3
Parameters: 0.999999 -0.00132819 -0.000375861 0.00132981 0.999997 0.0021535 0.000373137 -0.0021535 0.999997 -0.0308469 -0.0701852 0.0842487
FixedParameters: 0 0 0

#Transform 79
Transform: AffineTransform_float_3_3
Parameters: 0.999999 -0.00132806 -0.000496524 0.00132894 0.999998 0.00189934 0.000494477 -0.00189966 0.999998 -0.0173114 -0.0715245 0.0606031
FixedParameters: 0 0 0

#Transform 80
Transform: AffineTransform_float_3_3
Parameters: 0.999999 -0.00132833 -0.000371394 0.00132967 0.999998 0.00180151 0.000369606 -0.00180149 0.999999 -0.0310429 -0.074824 0.0827505
FixedParameters: 0 0 0

#Transform 81
Transform: AffineTransform_float_3_3
Parameters: 0.999999 -0.00132824 -0.000346935 0.00132976 0.999996 0.00220854 0.000344063 -0.00220946 0.999998 -0.0322141 -0.0934184 0.128437
FixedParameters: 0 0 0

#Transform 82
Transform: AffineTransform_float_3_3
Parameters: 1 -0.00101635 -0.000656567 0.00101765 0.999997 0.00252333 0.000653434 -0.00252367 0.999996 -0.0192567 -0.109245 0.0946009
FixedParameters: 0 0 0

#Transform 83
Transform: AffineTransform_float_3_3
Parameters: 0.999999 -0.000589246 -0.000655581 0.000590753 0.999996 0.00267961 0.000653419 -0.00267939 0.999996 -0.0213548 -0.0905654 0.108063
FixedParameters: 0 0 0

#Transform 84
Transform: AffineTransform_float_3_3
Parameters: 1 -0.000738246 -0.000655981 0.000740756 0.999996 0.00267952 0.000654018 -0.00267949 0.999996 -0.0206068 -0.086974 0.0918676
FixedParameters: 0 0 0

#Transform 85
Transform: AffineTransform_float_3_3
Parameters: 0.999999 -0.00105436 -0.000656648 0.00105664 0.999997 0.00250931 0.00065335 -0.00250969 0.999996 -0.0300496 -0.0780224 0.0770263
FixedParameters: 0 0 0

#Transform 86
Transform: AffineTransform_float_3_3
Parameters: 0.999999 -0.00105403 -0.00083848 0.00105597 0.999996 0.00235012 0.00083552 -0.00235088 0.999997 -0.0107747 -0.0707169 0.0763267
FixedParameters: 0 0 0

#Transform 87
Transform: AffineTransform_float_3_3
Parameters: 1 -0.000934293 -0.000656437 0.000936707 0.999996 0.00260539 0.000653562 -0.00260561 0.999997 -0.0197093 -0.0827767 0.112374
FixedParameters: 0 0 0

#Transform 88
Transform: AffineTransform_float_3_3
Parameters: 0.999999 -0.0010544 -0.00065657 0.0010566 0.999997 0.00243531 0.000653429 -0.00243569 0.999997 -0.0191658 -0.0745497 0.111553
FixedParameters: 0 0 0

#Transform 89
Transform: AffineTransform_float_3_3
Parameters: 0.999999 -0.0010538 -0.000821827 0.0010562 0.999996 0.00267913 0.000819173 -0.00267987 0.999996 -0.0115631 -0.085771 0.113394
FixedParameters: 0 0 0

#Transform 90
Transform: AffineTransform_float_3_3
Parameters: 0.999999 -0.00105384 -0.000805827 0.00105616 0.999996 0.00267915 0.000803173 -0.00267985 0.999996 -0.0122704 -0.109486 0.0997181
FixedParameters: 0 0 0

#Transform 91
Transform: AffineTransform_float_3_3
Parameters: 0.999999 -0.00105389 -0.000858603 0.00105612 0.999997 0.0024671 0.000856396 -0.0024679 0.999996 -0.00981146 -0.0971497 0.0988972
FixedParameters: 0 0 0

#Transform 92
Transform: AffineTransform_float_3_3
Parameters: 0.999999 -0.00105416 -0.000746611 0.00105584 0.999997 0.00247421 0.00074339 -0.00247479 0.999996 -0.0149844 -0.108507 0.0704737
FixedParameters: 0 0 0

#Transform 93
Transform: AffineTransform_float_3_3
Parameters: 0.999999 -0.00113345 -0.000656674 0.00113455 0.999996 0.00235726 0.000654327 -0.00235774 0.999997 -0.00452721 -0.0958517 0.069692
FixedParameters: 0 0 0

#Transform 94
Transform: AffineTransform_float_3_3
Parameters: 0.999999 -0.00105449 -0.000656427 0.00105651 0.999997 0.00229931 0.000653573 -0.00229969 0.999997 -0.0191251 -0.0973294 0.0693622
FixedParameters: 0 0 0

#Transform 95
Transform: AffineTransform_float_3_3
Parameters: 0.999999 -0.00105436 -0.000656635 0.00105664 0.999997 0.00249731 0.000653363 -0.00249769 0.999996 -0.0191344 -0.092825 0.070153
FixedParameters: 0 0 0

#Transform 96
Transform: AffineTransform_float_3_3
Parameters: 1 -0.000731944 -0.000895684 0.000734057 0.999997 0.00229734 0.000894316 -0.00229866 0.999997 -0.00350658 -0.0870951 0.0702619
FixedParameters: 0 0 0

#Transform 97
Transform: AffineTransform_float_3_3
Parameters: 0.999999 -0.000724336 -0.000655841 0.000725663 0.999996 0.00253952 0.000654159 -0.00253947 0.999996 -0.0206365 -0.103225 0.052167
FixedParameters: 0 0 0

#Transform 98
Transform: AffineTransform_float_3_3
Parameters: 0.999999 -0.00105372 -0.000954521 0.00105628 0.999996 0.00238999 0.000951477 -0.002391 0.999996 -0.00541678 -0.101155 0.0758827
FixedParameters: 0 0 0

#Transform 99
Transform: AffineTransform_float_3_3
Parameters: 0.999999 -0.00105452 -0.000656379 0.00105648 0.999997 0.00225331 0.00065362 -0.00225469 0.999997 -0.0191437 -0.0852746 0.0859789
FixedParameters: 0 0 0

#Transform 100
Transform: AffineTransform_float_3_3
Parameters: 0.999999 -0.00105359 -0.0010574 0.00105641 0.999997 0.00227888 0.00105559 -0.00228011 0.999997 -0.000655988 -0.0864824 0.0730431
FixedParameters: 0 0 0

#Transform 101
Transform: AffineTransform_float_3_3
Parameters: 1 -0.000935504 -0.000656139 0.000937497 0.999997 0.00228439 0.000653861 -0.00228461 0.999997 -0.0298619 -0.0871091 0.0860608
FixedParameters: 0 0 0

#Transform 102
Transform: AffineTransform_float_3_3
Parameters: 0.999999 -0.00049654 -0.000655109 0.00049746 0.999998 0.00223068 0.000653892 -0.00223133 0.999998 -0.0378521 -0.0863433 0.109697
FixedParameters: 0 0 0

#Transform 103
Transform: AffineTransform_float_3_3
Parameters: 0.999999 -0.000655509 -0.000655493 0.000656489 0.999997 0.00227557 0.000653507 -0.00227643 0.999997 -0.0257805 -0.0878333 0.104147
FixedParameters: 0 0 0

#Transform 104
Transform: AffineTransform_float_3_3
Parameters: 0.999999 -0.00105452 -0.000656387 0.00105648 0.999997 0.00226131 0.000653613 -0.00226169 0.999997 -0.0283597 -0.0745 0.11592
FixedParameters: 0 0 0

#Transform 105
Transform: AffineTransform_float_3_3
Parameters: 1 -0.000900468 -0.000783763 0.000902532 0.999997 0.00195629 0.000782235 -0.0019577 0.999998 -0.0262767 -0.060648 0.108864
FixedParameters: 0 0 0

#Transform 106
Transform: AffineTransform_float_3_3
Parameters: 0.999999 -0.00105451 -0.0006564 0.00105649 0.999997 0.00227331 0.000653599 -0.00227469 0.999997 -0.01915 -0.086172 0.0970175
FixedParameters: 0 0 0

#Transform 107
Transform: AffineTransform_float_3_3
Parameters: 0.999999 -0.00105439 -0.000656587 0.00105661 0.999997 0.00245131 0.000653411 -0.00245269 0.999997 -0.0191482 -0.0943994 0.110663
FixedParameters: 0 0 0

#Transform 108
Transform: AffineTransform_float_3_3
Parameters: 0.999999 -0.00105344 -0.00113239 0.00105656 0.999997 0.00226181 0.00112961 -0.00226219 0.999997 0.00271894 -0.0855659 0.111482
FixedParameters: 0 0 0

#Transform 109
Transform: AffineTransform_float_3_3
Parameters: 0.999999 -0.000815577 -0.00130215 0.000818425 0.999996 0.00262994 0.00130085 -0.00263106 0.999995 -0.00496124 -0.103554 0.11389
FixedParameters: 0 0 0

#Transform 110
Transform: AffineTransform_float_3_3
Parameters: 0.999999 -0.000761166 -0.00107401 0.000763834 0.999996 0.00264018 0.00107199 -0.00264182 0.999996 -0.0229398 -0.0899562 0.127696
FixedParameters: 0 0 0

#Transform 111
Transform: AffineTransform_float_3_3
Parameters: 0.999999 -0.000853942 -0.00107444 0.000857056 0.999995 0.00284808 0.00107156 -0.00284992 0.999996 -0.00593997 -0.0854367 0.114039
FixedParameters: 0 0 0

#Transform 112
Transform: AffineTransform_float_3_3
Parameters: 0.999999 -0.000761093 -0.00107407 0.000763907 0.999996 0.00270918 0.00107193 -0.00270982 0.999996 -0.00112956 -0.107392 0.0746265
FixedParameters: 0 0 0

#Transform 113
Transform: AffineTransform_float_3_3
Parameters: 0.999999 -0.000760979 -0.00107415 0.00076402 0.999995 0.00281418 0.00107185 -0.00281582 0.999996 -0.0162572 -0.112156 0.0962944
FixedParameters: 0 0 0

#Transform 114
Transform: AffineTransform_float_3_3
Parameters: 0.999999 -0.000760799 -0.00107427 0.000764201 0.999996 0.00298318 0.00107172 -0.00298382 0.999995 -0.0187599 -0.111276 0.10381
FixedParameters: 0 0 0

#Transform 115
Transform: AffineTransform_float_3_3
Parameters: 0.999999 -0.000760857 -0.00107423 0.000764144 0.999996 0.00292918 0.00107177 -0.00292982 0.999995 -0.014561 -0.0900516 0.0794257
FixedParameters: 0 0 0

#Transform 116
Transform: AffineTransform_float_3_3
Parameters: 0.999999 -0.000865475 -0.00115964 0.000869523 0.999995 0.00304299 0.00115636 -0.003044 0.999994 0.00318291 -0.123769 0.127142
FixedParameters: 0 0 0

#Transform 117
Transform: AffineTransform_float_3_3
Parameters: 0.999999 -0.00065761 -0.00107408 0.00066139 0.999995 0.00315929 0.00107192 -0.00315971 0.999995 -0.0289796 -0.130141 0.158481
FixedParameters: 0 0 0

#Transform 118
Transform: AffineTransform_float_3_3
Parameters: 0.999999 -0.000760608 -0.00107441 0.000763391 0.999994 0.00316018 0.00107159 -0.00316082 0.999995 -0.0284608 -0.131912 0.153854
FixedParameters: 0 0 0

#Transform 119
Transform: AffineTransform_float_3_3
Parameters: 1 -0.000365295 -0.00107327 0.000369705 0.999994 0.00345461 0.00107173 -0.0034544 0.999994 -0.0214884 -0.1361 0.139381
FixedParameters: 0 0 0

#Transform 120
Transform: AffineTransform_float_3_3
Parameters: 0.999999 -0.000760581 -0.00107443 0.000763417 0.999994 0.00318518 0.00107157 -0.00318582 0.999995 -0.028478 -0.115942 0.153843
FixedParameters: 0 0 0

#Transform 121
Transform: AffineTransform_float_3_3
Parameters: 0.999999 -0.000760286 -0.00118439 0.000763712 0.999995 0.0031381 0.00118161 -0.0031389 0.999995 -0.0233867 -0.120091 0.154002
FixedParameters: 0 0 0

#Transform 122
Transform: AffineTransform_float_3_3
Parameters: 0.999999 -0.000760751 -0.00107431 0.000763248 0.999995 0.00302718 0.00107169 -0.00302782 0.999995 -0.0284561 -0.115096 0.142167
FixedParameters: 0 0 0

#Transform 123
Transform: AffineTransform_float_3_3
Parameters: 0.999999 -0.000649974 -0.00121217 0.000653025 0.999995 0.00332321 0.00120984 -0.00332479 0.999993 -0.0225282 -0.125047 0.114417
FixedParameters: 0 0 0

#Transform 124
Transform: AffineTransform_float_3_3
Parameters: 0.999999 -0.00076051 -0.00114832 0.000763489 0.999995 0.00304213 0.00114568 -0.00304287 0.999994 -0.0249967 -0.115815 0.112875
FixedParameters: 0 0 0

#Transform 125
Transform: AffineTransform_float_3_3
Parameters: 0.999999 -0.000627381 -0.00107412 0.000630618 0.999994 0.00337132 0.00107188 -0.00337267 0.999993 -0.029103 -0.116123 0.142132
FixedParameters: 0 0 0

#Transform 126
Transform: AffineTransform_float_3_3
Parameters: 0.999999 -0.000760121 -0.00107475 0.000763876 0.999993 0.00361318 0.00107125 -0.00361482 0.999993 -0.0285016 -0.121167 0.175877
FixedParameters: 0 0 0

#Transform 127
Transform: AffineTransform_float_3_3
Parameters: 0.999999 -0.00067036 -0.00108089 0.00067564 0.99999 0.00429827 0.00107811 -0.00429872 0.99999 -0.0287046 -0.153003 0.202917
FixedParameters: 0 0 0

#Transform 128
Transform: AffineTransform_float_3_3
Parameters: 0.999999 -0.00075903 -0.00110643 0.000763968 0.999989 0.00449816 0.00110257 -0.00449884 0.99999 -0.016498 -0.182641 0.177904
FixedParameters: 0 0 0

#Transform 129
Transform: AffineTransform_float_3_3
Parameters: 0.999999 -0.00118863 -0.000557094 0.00119137 0.99999 0.00428134 0.000551904 -0.00428166 0.99999 -0.0451772 -0.159562 0.193634
FixedParameters: 0 0 0

#Transform 130
Transform: AffineTransform_float_3_3
Parameters: 0.999999 -0.000974697 -0.0011068 0.000979304 0.999992 0.00389392 0.00110319 -0.00389508 0.999992 -0.0261177 -0.148379 0.16699
FixedParameters: 0 0 0

#Transform 131
Transform: AffineTransform_float_3_3
Parameters: 0.999998 -0.00116006 -0.00110714 0.00116494 0.999993 0.00356471 0.00110285 -0.00356528 0.999993 -0.0253104 -0.138276 0.160312
FixedParameters: 0 0 0

#Transform 132
Transform: AffineTransform_float_3_3
Parameters: 0.999999 -0.00116081 -0.000829482 0.00116419 0.999992 0.00385504 0.000824518 -0.00385596 0.999992 -0.0266272 -0.125895 0.171295
FixedParameters: 0 0 0

#Transform 133
Transform: AffineTransform_float_3_3
Parameters: 0.999999 -0.00123228 -0.000677967 0.00123472 0.999991 0.00402617 0.000673034 -0.00402683 0.999991 -0.0295695 -0.129722 0.158134
FixedParameters: 0 0 0

#Transform 134
Transform: AffineTransform_float_3_3
Parameters: 0.999999 -0.00123393 -0.000516967 0.00123607 0.999991 0.00402136 0.000512033 -0.00402164 0.999992 -0.0299275 -0.139519 0.187384
FixedParameters: 0 0 0

#Transform 135
Transform: AffineTransform_float_3_3
Parameters: 0.999999 -0.00127695 -0.000527004 0.00127905 0.999992 0.00391533 0.000521996 -0.00391567 0.999992 -0.0278273 -0.124406 0.174808
FixedParameters: 0 0 0

#Transform 136
Transform: AffineTransform_float_3_3
Parameters: 0.999999 -0.00116195 -0.000522585 0.00116405 0.999991 0.00394239 0.000517414 -0.0039436 0.999992 -0.0301265 -0.136402 0.174669
FixedParameters: 0 0 0

#Transform 137
Transform: AffineTransform_float_3_3
Parameters: 0.999998 -0.00115968 -0.00110754 0.00116432 0.999991 0.00390571 0.00110346 -0.00390728 0.999992 -0.00638754 -0.154711 0.157882
FixedParameters: 0 0 0

#Transform 138
Transform: AffineTransform_float_3_3
Parameters: 0.999999 -0.00116045 -0.000965277 0.00116454 0.999992 0.00367988 0.00096072 -0.00368112 0.999993 -0.0121821 -0.148584 0.156152
FixedParameters: 0 0 0

#Transform 139
Transform: AffineTransform_float_3_3
Parameters: 0.999998 -0.00115962 -0.00110761 0.00116438 0.999992 0.00396472 0.00110339 -0.00396628 0.999991 -0.0159928 -0.145065 0.191467
FixedParameters: 0 0 0

#Transform 140
Transform: AffineTransform_float_3_3
Parameters: 0.999999 -0.00178789 -0.000409342 0.00179011 0.999985 0.00522128 0.000399659 -0.00522172 0.999987 -0.017211 -0.181363 0.475091
FixedParameters: 0 0 0

#Transform 141
Transform: AffineTransform_float_3_3
Parameters: 0.999995 -0.00293106 5.03641e-06 0.00293094 0.999985 0.00476404 -1.89632e-05 -0.00476396 0.999988 -0.0134234 -0.156961 0.319762
FixedParameters: 0 0 0

#Transform 142
Transform: AffineTransform_float_3_3
Parameters: 0.999998 -0.00189586 -0.000371867 0.00189714 0.999994 0.0030933 0.000366131 -0.0030947 0.999995 -0.0182715 -0.0998386 0.118017
FixedParameters: 0 0 0

#Transform 143
Transform: AffineTransform_float_3_3
Parameters: 0.999999 -0.00179264 -0.000496942 0.00179436 0.999994 0.00275511 0.000492058 -0.00275589 0.999996 -0.023958 -0.0770033 0.103057
FixedParameters: 0 0 0

#Transform 144
Transform: AffineTransform_float_3_3
Parameters: 0.999997 -0.00209178 -0.000444766 0.00209221 0.999994 0.00275508 0.000438237 -0.00275592 0.999996 -0.0251991 -0.0852481 0.0441106
FixedParameters: 0 0 0

#Transform 145
Transform: AffineTransform_float_3_3
Parameters: 0.999998 -0.00160749 -0.000548431 0.0016095 0.999995 0.00275512 0.000543567 -0.00275588 0.999996 -0.0369245 -0.0938178 0.0891544
FixedParameters: 0 0 0

#Transform 146
Transform: AffineTransform_float_3_3
Parameters: 0.999998 -0.00193314 -0.00029469 0.00193386 0.999994 0.00294243 0.000289309 -0.00294356 0.999995 -0.0366089 -0.0910943 0.062194
FixedParameters: 0 0 0

#Transform 147
Transform: AffineTransform_float_3_3
Parameters: 0.999999 -0.00177936 -0.000233905 0.00178064 0.999994 0.00275559 0.000229095 -0.00275541 0.999996 -0.034643 -0.067488 0.0713804
FixedParameters: 0 0 0

#Transform 148
Transform: AffineTransform_float_3_3
Parameters: 0.999999 -0.00124173 -0.000471359 0.00124227 0.999995 0.00270342 0.000468644 -0.00270358 0.999996 -0.0276235 -0.0676523 0.0885919
FixedParameters: 0 0 0

#Transform 149
Transform: AffineTransform_float_3_3
Parameters: 0.999999 -0.00124175 -0.000457424 0.00124226 0.999996 0.00275544 0.000454579 -0.00275557 0.999996 -0.0297985 -0.0700974 0.0997521
FixedParameters: 0 0 0

#Transform 150
Transform: AffineTransform_float_3_3
Parameters: 0.999999 -0.00178202 -0.000441992 0.00178298 0.999996 0.00223922 0.000437009 -0.00223978 0.999998 -0.0281785 -0.0671826 0.0863734
FixedParameters: 0 0 0

#Transform 151
Transform: AffineTransform_float_3_3
Parameters: 0.999999 -0.00143013 -0.000378297 0.00143087 0.999997 0.00230446 0.000374704 -0.00230454 0.999998 -0.0298901 -0.0690562 0.0751105
FixedParameters: 0 0 0

#Transform 152
Transform: AffineTransform_float_3_3
Parameters: 0.999999 -0.00121609 -0.000375945 0.00121691 0.999997 0.00242055 0.000373055 -0.00242146 0.999997 -0.0337258 -0.0678747 0.0944315
FixedParameters: 0 0 0

#Transform 153
Transform: AffineTransform_float_3_3
Parameters: 0.999999 -0.00143969 -0.000129471 0.00144031 0.999996 0.00241082 0.000125528 -0.00241118 0.999997 -0.0376541 -0.0533864 0.102871
FixedParameters: 0 0 0

#Transform 154
Transform: AffineTransform_float_3_3
Parameters: 0.999998 -0.00164124 -0.000323854 0.00164176 0.999996 0.00234747 0.000320146 -0.00234853 0.999997 -0.0342873 -0.0497943 0.103358
FixedParameters: 0 0 0

#Transform 155
Transform: AffineTransform_float_3_3
Parameters: 0.999999 -0.00126115 -0.000347088 0.00126185 0.999996 0.00244756 0.000344912 -0.00244844 0.999997 -0.0348343 -0.0558781 0.0786776
FixedParameters: 0 0 0

#Transform 156
Transform: AffineTransform_float_3_3
Parameters: 0.999999 -0.00126154 -0.000201894 0.00126246 0.999996 0.00229375 0.000199104 -0.00229425 0.999998 -0.0415612 -0.0486176 0.0916125
FixedParameters: 0 0 0

#Transform 157
Transform: AffineTransform_float_3_3
Parameters: 0.999999 -0.00132339 -0.000264087 0.00132461 0.999997 0.00233165 0.000260913 -0.00233135 0.999997 -0.0384577 -0.0463471 0.102949
FixedParameters: 0 0 0

#Transform 158
Transform: AffineTransform_float_3_3
Parameters: 0.999999 -0.00126169 -0.000106695 0.00126231 0.999995 0.00292787 0.000103304 -0.00292813 0.999995 -0.0362035 -0.0843098 0.12171
FixedParameters: 0 0 0

#Transform 159
Transform: AffineTransform_float_3_3
Parameters: 0.999998 -0.00160354 -0.000156821 0.00160346 0.999994 0.00300575 0.000152182 -0.00300525 0.999996 -0.0373833 -0.0801651 0.122247
FixedParameters: 0 0 0

#Transform 160
Transform: AffineTransform_float_3_3
Parameters: 0.999999 -0.00134157 -0.000158698 0.00134243 0.999996 0.00275579 0.000154301 -0.00275621 0.999996 -0.0312451 -0.0760986 0.113545
FixedParameters: 0 0 0

#Transform 161
Transform: AffineTransform_float_3_3
Parameters: 0.999998 -0.00171358 -0.000152723 0.00171441 0.999994 0.00275574 0.000147275 -0.00275626 0.999996 -0.0418967 -0.0923346 0.121155
FixedParameters: 0 0 0

#Transform 162
Transform: AffineTransform_float_3_3
Parameters: 0.999998 -0.00165451 -0.00018156 0.00165449 0.999995 0.0027557 0.000176442 -0.0027553 0.999996 -0.0407622 -0.111786 0.198517
FixedParameters: 0 0 0

#Transform 163
Transform: AffineTransform_float_3_3
Parameters: 0.999998 -0.00211628 0.000100168 0.00211672 0.999994 0.00275622 -0.000105834 -0.00275578 0.999996 -0.032671 -0.0867271 0.14679
FixedParameters: 0 0 0

#Transform 164
Transform: AffineTransform_float_3_3
Parameters: 0.999997 -0.00236162 -0.000181969 0.00236238 0.999995 0.00210358 0.000176032 -0.00210342 0.999998 0.0160379 -0.055823 0.104355
FixedParameters: 0 0 0

#Transform 165
Transform: AffineTransform_float_3_3
Parameters: 0.999998 -0.00184863 0.000936794 0.00184737 0.999997 0.00173573 -0.000940207 -0.00173427 0.999998 -0.0430441 -0.000459451 0.0709701
FixedParameters: 0 0 0

#Transform 166
Transform: AffineTransform_float_3_3
Parameters: 0.999997 -0.00227833 0.00104209 0.00227666 0.999996 0.00128038 -0.00104491 -0.00127762 0.999998 -0.0580285 -0.000868465 0.0313147
FixedParameters: 0 0 0

#Transform 167
Transform: AffineTransform_float_3_3
Parameters: 0.999997 -0.00246926 0.00104065 0.00246674 0.999994 0.00216857 -0.00104535 -0.00216543 0.999997 -0.0397181 -0.0472666 0.0384525
FixedParameters: 0 0 0

#Transform 168
Transform: AffineTransform_float_3_3
Parameters: 0.999996 -0.00265636 0.000808544 0.00265464 0.999995 0.00167915 -0.000812458 -0.00167785 0.999999 -0.0282025 -0.029645 0.034116
FixedParameters: 0 0 0

#Transform 169
Transform: AffineTransform_float_3_3
Parameters: 0.999997 -0.00223927 0.000809493 0.00223773 0.999997 0.00156782 -0.000812508 -0.00156619 0.999999 -0.0278768 -0.0205184 0.050959
FixedParameters: 0 0 0

#Transform 170
Transform: AffineTransform_float_3_3
Parameters: 0.999997 -0.0022911 0.000809885 0.0022909 0.999997 0.00136086 -0.000813116 -0.00135914 0.999998 -0.0299514 -0.0108053 0.0552673
FixedParameters: 0 0 0

#Transform 171
Transform: AffineTransform_float_3_3
Parameters: 0.999997 -0.00229134 0.000809209 0.00229066 0.999996 0.00165586 -0.000812793 -0.00165414 0.999999 -0.0299301 -0.0243627 0.0482583
FixedParameters: 0 0 0

#Transform 172
Transform: AffineTransform_float_3_3
Parameters: 0.999997 -0.00229139 0.000809063 0.00229061 0.999996 0.00171986 -0.000812939 -0.00171814 0.999998 -0.0438987 -0.0218152 0.0326143
FixedParameters: 0 0 0

#Transform 173
Transform: AffineTransform_float_3_3
Parameters: 0.999997 -0.00229134 0.000809209 0.00229066 0.999996 0.00165586 -0.000812793 -0.00165414 0.999999 -0.0459333 -0.00633337 0.00168429
FixedParameters: 0 0 0

#Transform 174
Transform: AffineTransform_float_3_3
Parameters: 0.999997 -0.00229134 0.000809209 0.00229066 0.999996 0.00165586 -0.000812793 -0.00165414 0.999999 -0.0527989 -0.0162923 -0.00870369
FixedParameters: 0 0 0

#Transform 175
Transform: AffineTransform_float_3_3
Parameters: 0.999997 -0.00229034 0.000812038 0.00229066 0.999998 0.000420861 -0.000812962 -0.000419139 0.999999 -0.0600046 0.0322663 -0.0142152
FixedParameters: 0 0 0

#Transform 176
Transform: AffineTransform_float_3_3
Parameters: 0.999998 -0.00217504 0.000815557 0.00217596 0.999997 -0.00117423 -0.000812442 0.00117677 0.999999 -0.0915282 0.105232 -0.0522255
FixedParameters: 0 0 0

#Transform 177
Transform: AffineTransform_float_3_3
Parameters: 0.999998 -0.00191005 0.000569844 0.00190995 0.999998 8.20885e-05 -0.000570155 -8.09111e-05 1 -0.095075 0.0462489 -0.0146749
FixedParameters: 0 0 0

#Transform 178
Transform: AffineTransform_float_3_3
Parameters: 0.999998 -0.00163622 0.000505297 0.00163578 0.999999 0.000429827 -0.000505702 -0.000429173 1 -0.0848487 0.0290995 0.0533656
FixedParameters: 0 0 0

#Transform 179
Transform: AffineTransform_float_3_3
Parameters: 0.999997 -0.00213346 0.00110304 0.00213354 0.999997 -0.000484648 -0.00110197 0.000486352 1 -0.108718 0.0793255 0.048636
FixedParameters: 0 0 0
