#Insight Transform File V1.0
#Transform 0
Transform: AffineTransform_float_3_3
Parameters: 1 -0.000442336 -0.00043766 0.000441664 0.999999 -0.000769193 0.000437339 0.000768806 0.999999 -0.00401319 -0.0460511 0.10909
FixedParameters: 0 0 0

#Transform 1
Transform: AffineTransform_float_3_3
Parameters: 0.999999 -0.000697612 -0.000437023 0.000697387 0.999999 -0.0014013 0.000437977 0.00140069 0.999999 0.000622111 -0.0488831 0.15626
FixedParameters: 0 0 0

#Transform 2
Transform: AffineTransform_float_3_3
Parameters: 0.999999 -0.000697173 -0.000214437 0.000697827 1 -0.00080715 0.000214563 0.000806851 0.999999 -0.0281779 -0.0364905 0.053971
FixedParameters: 0 0 0

#Transform 3
Transform: AffineTransform_float_3_3
Parameters: 0.999999 -0.000829119 -0.000290659 0.00082888 0.999999 -0.000411241 0.00029134 0.000410758 1 -0.0221125 -0.0455795 0.0293316
FixedParameters: 0 0 0

#Transform 4
Transform: AffineTransform_float_3_3
Parameters: 1 -0.00107412 -0.000224452 0.00107389 1 -0.000510241 0.000225548 0.000509758 1 -0.0290279 -0.0441782 0.054222
FixedParameters: 0 0 0

#Transform 5
Transform: AffineTransform_float_3_3
Parameters: 1 -0.000529086 -0.000120623 0.000528914 0.999999 -0.000713063 0.000120377 0.000712936 0.999999 -0.0336481 -0.0400013 0.0207843
FixedParameters: 0 0 0

#Transform 6
Transform: AffineTransform_float_3_3
Parameters: 1 -0.000515121 -0.000290785 0.000514878 1 -0.00041815 0.000291215 0.00041785 1 -0.028112 -0.0442375 0.0278217
FixedParameters: 0 0 0

#Transform 7
Transform: AffineTransform_float_3_3
Parameters: 0.999999 -0.000557536 -0.000743599 0.000556464 0.999999 -0.000720414 0.000744401 0.000720585 1 0.00483863 -0.0456118 0.0448702
FixedParameters: 0 0 0

#Transform 8
Transform: AffineTransform_float_3_3
Parameters: 0.999999 -0.000319396 -0.000743829 0.000318603 1 -0.000533237 0.000744169 0.000532762 0.999999 -0.0104187 -0.0328752 0.0412815
FixedParameters: 0 0 0

#Transform 9
Transform: AffineTransform_float_3_3
Parameters: 0.999999 -0.000483369 -0.000743759 0.00048263 1 -0.000497359 0.000744239 0.00049664 0.999999 -0.00234404 -0.00921436 0.0723823
FixedParameters: 0 0 0

#Transform 10
Transform: AffineTransform_float_3_3
Parameters: 0.999999 -0.00069786 -0.00102542 0.000697142 1 -0.000837716 0.00102558 0.000837285 0.999999 0.00689545 -0.0148321 0.0446736
FixedParameters: 0 0 0

#Transform 11
Transform: AffineTransform_float_3_3
Parameters: 0.999999 -0.00069894 -0.00120888 0.000697063 0.999999 -0.00160384 0.00120912 0.00160316 0.999998 -0.00297156 0.0330713 0.0511183
FixedParameters: 0 0 0

#Transform 12
Transform: AffineTransform_float_3_3
Parameters: 1 -0.000698417 -0.000878876 0.000697583 0.999999 -0.00161162 0.000880125 0.00161039 0.999999 -0.0131724 0.0438089 0.0356457
FixedParameters: 0 0 0

#Transform 13
Transform: AffineTransform_float_3_3
Parameters: 1 -0.000423808 -0.00103927 0.000422194 0.999999 -0.00173844 0.00103974 0.00173856 0.999998 -0.00309467 0.0498768 0.0359137
FixedParameters: 0 0 0

#Transform 14
Transform: AffineTransform_float_3_3
Parameters: 0.999999 -0.000698784 -0.00109386 0.000697217 0.999999 -0.00162976 0.00109514 0.00162924 0.999998 0.00780961 0.0339711 0.0368107
FixedParameters: 0 0 0

#Transform 15
Transform: AffineTransform_float_3_3
Parameters: 1 -0.00015932 -0.00117282 0.000158681 1 -0.00112419 0.00117318 0.00112481 0.999998 0.0059521 0.0418869 0.0107885
FixedParameters: 0 0 0

#Transform 16
Transform: AffineTransform_float_3_3
Parameters: 0.999999 -0.00121068 -0.000779504 0.00121132 0.999999 0.000416056 0.000778495 -0.000416943 0.999999 0.0203378 -0.0487927 0.0399267
FixedParameters: 0 0 0

#Transform 17
Transform: AffineTransform_float_3_3
Parameters: 0.999999 -0.00136601 -0.000220964 0.00136599 0.999999 -2.63019e-05 0.000221035 2.56981e-05 1 0.0169421 -0.0446065 0.0992957
FixedParameters: 0 0 0

#Transform 18
Transform: AffineTransform_float_3_3
Parameters: 0.999999 -0.00121105 -0.000232721 0.00121095 0.999999 -0.000230282 0.00023328 0.000230718 1 0.0102181 0.00193915 0.0453203
FixedParameters: 0 0 0

#Transform 19
Transform: AffineTransform_float_3_3
Parameters: 0.999999 -0.000689041 0.000205862 0.000688959 0.999999 0.000200142 -0.000205138 -0.000199859 1 -0.000745799 0.00194406 0.0226265
FixedParameters: 0 0 0

#Transform 20
Transform: AffineTransform_float_3_3
Parameters: 1 0.000127998 -0.000133002 -0.000128002 1 -1.5983e-05 0.000132998 1.6017e-05 1 0.00511005 -0.00522248 0.00835859
FixedParameters: 0 0 0

#Transform 21
Transform: AffineTransform_float_3_3
Parameters: 1 -0.000301001 6.94401e-06 0.000300999 1 0.000186002 -7.05599e-06 -0.000185998 1 -0.000749886 -0.00545148 -0.0136477
FixedParameters: 0 0 0

#Transform 22
Transform: AffineTransform_float_3_3
Parameters: 1 -0.000156055 0.000353976 0.000155945 1 0.000156055 -0.000354024 -0.000155945 1 -0.00184963 -0.00768579 -0.0146661
FixedParameters: 0 0 0

#Transform 23
Transform: AffineTransform_float_3_3
Parameters: 1 -0.000261001 7.59979e-05 0.000260999 1 8.01984e-06 -7.60021e-05 -7.98016e-06 1 -0.0087259 0.0119517 -0.0231372
FixedParameters: 0 0 0

#Transform 24
Transform: AffineTransform_float_3_3
Parameters: 1 -3.978e-06 -4.70019e-05 4.022e-06 1 0.000468 4.69981e-05 -0.000468 1 0.00395002 -0.0117946 -0.0187936
FixedParameters: 0 0 0

#Transform 25
Transform: AffineTransform_float_3_3
Parameters: 1 0.000219015 -4.69279e-05 -0.000218985 1 0.00032901 4.7072e-05 -0.00032899 1 0.00857757 -0.000138964 -0.000123404
FixedParameters: 0 0 0

#Transform 26
Transform: AffineTransform_float_3_3
Parameters: 0.999999 0.000631034 0.000327934 -0.000630966 1 -0.000104207 -0.000328065 0.000103793 1 -0.0227456 0.0305578 -0.0358774
FixedParameters: 0 0 0

#Transform 27
Transform: AffineTransform_float_3_3
Parameters: 1 0.000430996 0.000492003 -0.000431004 1 7.78794e-06 -0.000491996 -8.21205e-06 1 -0.0172944 0.0302556 -0.0151999
FixedParameters: 0 0 0

#Transform 28
Transform: AffineTransform_float_3_3
Parameters: 1 -0.000247986 7.80436e-05 0.000248014 1 -0.000175981 -7.79563e-05 0.000176019 1 0.0104499 0.00453276 -0.0146092
FixedParameters: 0 0 0

#Transform 29
Transform: AffineTransform_float_3_3
Parameters: 1 -0.000247996 1.70645e-05 0.000248005 1 -0.000259996 -1.79355e-05 0.000260004 1 -0.000548898 0.0375679 -0.0129087
FixedParameters: 0 0 0

#Transform 30
Transform: AffineTransform_float_3_3
Parameters: 1 9.19994e-05 7.80007e-05 -9.20006e-05 1 7.99282e-06 -7.79993e-05 -8.00718e-06 1 0.0116745 0.0278463 -0.041212
FixedParameters: 0 0 0

#Transform 31
Transform: AffineTransform_float_3_3
Parameters: 1 -0.000149654 -0.000681076 0.000150346 1 0.000507897 0.000680923 -0.000508102 0.999999 0.0308298 0.0403658 -0.0563405
FixedParameters: 0 0 0

#Transform 32
Transform: AffineTransform_float_3_3
Parameters: 1 -0.000326016 -5.99152e-05 0.000325984 1 -0.00026002 6.00847e-05 0.00025998 1 0.00827408 0.065056 -0.025341
FixedParameters: 0 0 0

#Transform 33
Transform: AffineTransform_float_3_3
Parameters: 1 -0.000247935 0.000248064 0.000248064 1 -0.000259938 -0.000247935 0.000260061 1 0.00959908 0.0443823 -0.0086643
FixedParameters: 0 0 0

#Transform 34
Transform: AffineTransform_float_3_3
Parameters: 1 -0.000549015 -5.98572e-05 0.000548984 1 -0.000260033 6.01427e-05 0.000259967 1 0.0209868 0.0455969 0.00685968
FixedParameters: 0 0 0

#Transform 35
Transform: AffineTransform_float_3_3
Parameters: 0.999999 -0.000776106 -0.000204597 0.000776893 0.999999 -0.000519159 0.000205403 0.00051884 1 0.0319564 0.0547696 0.0318795
FixedParameters: 0 0 0

#Transform 36
Transform: AffineTransform_float_3_3
Parameters: 0.999999 -0.000761783 0.000326505 0.000762216 0.999999 -0.000662751 -0.000326495 0.000662248 0.999999 0.0128176 0.0500023 0.0139863
FixedParameters: 0 0 0

#Transform 37
Transform: AffineTransform_float_3_3
Parameters: 1 -0.000670757 0.000149099 0.000671243 0.999999 -0.0016389 -0.0001479 0.0016391 0.999998 0.0038338 0.0724777 0.00442794
FixedParameters: 0 0 0

#Transform 38
Transform: AffineTransform_float_3_3
Parameters: 1 -0.00094061 0.000359026 0.000941391 0.999999 -0.00108966 -0.000357975 0.00108934 1 -0.0343278 0.0917082 -0.0210051
FixedParameters: 0 0 0

#Transform 39
Transform: AffineTransform_float_3_3
Parameters: 0.999999 -0.000536261 0.00084347 0.000537738 0.999999 -0.000875547 -0.000842529 0.000876452 1 -0.0497642 0.0887415 -0.0269436
FixedParameters: 0 0 0

#Transform 40
Transform: AffineTransform_float_3_3
Parameters: 1 -0.00066987 0.000714062 0.000671131 0.999998 -0.00158452 -0.000712938 0.00158448 0.999998 -0.0744687 0.111332 -0.0335853
FixedParameters: 0 0 0

#Transform 41
Transform: AffineTransform_float_3_3
Parameters: 1 -0.000669191 0.000844438 0.000670809 0.999998 -0.00214444 -0.000842564 0.00214557 0.999998 -0.0583897 0.145552 -0.0650284
FixedParameters: 0 0 0

#Transform 42
Transform: AffineTransform_float_3_3
Parameters: 1 -0.000669777 0.000843972 0.000671223 0.999998 -0.00144943 -0.000843027 0.00145056 0.999998 -0.0581743 0.12399 -0.0508625
FixedParameters: 0 0 0

#Transform 43
Transform: AffineTransform_float_3_3
Parameters: 1 -0.000669782 0.000788037 0.000671218 0.999998 -0.00154647 -0.000786963 0.00154653 0.999998 -0.0472663 0.115412 -0.0555196
FixedParameters: 0 0 0

#Transform 44
Transform: AffineTransform_float_3_3
Parameters: 1 -0.000669716 0.000844021 0.000671284 0.999998 -0.00152243 -0.000842979 0.00152256 0.999998 -0.0462558 0.126261 -0.0544508
FixedParameters: 0 0 0

#Transform 45
Transform: AffineTransform_float_3_3
Parameters: 0.999999 -0.000897875 0.000844198 0.000899125 0.999998 -0.00133324 -0.000842802 0.00133376 0.999999 -0.0585875 0.110611 -0.052478
FixedParameters: 0 0 0

#Transform 46
Transform: AffineTransform_float_3_3
Parameters: 0.999999 -0.00066891 0.00106032 0.000671089 0.999998 -0.00197129 -0.00105868 0.00197271 0.999998 -0.0530088 0.0967502 -0.0592449
FixedParameters: 0 0 0

#Transform 47
Transform: AffineTransform_float_3_3
Parameters: 0.999999 -0.00051869 0.00145718 0.00052131 0.999998 -0.00227224 -0.00145582 0.00227276 0.999997 -0.0625612 0.114742 0.0321614
FixedParameters: 0 0 0

#Transform 48
Transform: AffineTransform_float_3_3
Parameters: 0.999999 -0.000564095 0.00169231 0.000567907 0.999997 -0.00230804 -0.00169169 0.00230896 0.999996 -0.0706596 0.104539 0.0924704
FixedParameters: 0 0 0

#Transform 49
Transform: AffineTransform_float_3_3
Parameters: 0.999998 -0.000457811 0.00200796 0.000462189 0.999997 -0.00208608 -0.00200704 0.00208692 0.999996 -0.0951625 0.0973488 0.0659857
FixedParameters: 0 0 0

#Transform 50
Transform: AffineTransform_float_3_3
Parameters: 0.999998 -0.000148289 0.00225732 0.00015271 0.999998 -0.00208666 -0.00225669 0.00208734 0.999996 -0.106224 0.127765 0.0230447
FixedParameters: 0 0 0

#Transform 51
Transform: AffineTransform_float_3_3
Parameters: 0.999998 -0.000667053 0.00200832 0.000670947 0.999998 -0.00196566 -0.00200668 0.00196634 0.999996 -0.0974515 0.145374 -0.0147848
FixedParameters: 0 0 0

#Transform 52
Transform: AffineTransform_float_3_3
Parameters: 0.999998 -0.00119793 0.00200943 0.00120207 0.999997 -0.00202659 -0.00200657 0.00202941 0.999996 -0.0886191 0.129306 -0.00601905
FixedParameters: 0 0 0

#Transform 53
Transform: AffineTransform_float_3_3
Parameters: 0.999998 -0.0017935 0.00143913 0.0017965 0.999997 -0.00173942 -0.00143588 0.00174158 0.999998 -0.083744 0.122857 -0.047654
FixedParameters: 0 0 0

#Transform 54
Transform: AffineTransform_float_3_3
Parameters: 0.999997 -0.00164872 0.00171715 0.00165228 0.999997 -0.00191017 -0.00171384 0.00191283 0.999996 -0.0947467 0.159659 -0.0456715
FixedParameters: 0 0 0

#Transform 55
Transform: AffineTransform_float_3_3
Parameters: 0.999996 -0.00179443 0.00183853 0.00179657 0.999998 -0.0008537 -0.00183746 0.0008563 0.999998 -0.0863176 0.164104 -0.0858165
FixedParameters: 0 0 0

#Transform 56
Transform: AffineTransform_float_3_3
Parameters: 0.999997 -0.00179378 0.00175527 0.00179622 0.999997 -0.00126385 -0.00175273 0.00126715 0.999997 -0.0736559 0.153734 -0.080269
FixedParameters: 0 0 0

#Transform 57
Transform: AffineTransform_float_3_3
Parameters: 0.999997 -0.00179373 0.00199505 0.00179627 0.999997 -0.00113742 -0.00199296 0.00114058 0.999998 -0.101221 0.159076 -0.0811832
FixedParameters: 0 0 0

#Transform 58
Transform: AffineTransform_float_3_3
Parameters: 0.999996 -0.00179298 0.00229437 0.00179602 0.999997 -0.00131688 -0.00229164 0.00132011 0.999997 -0.110688 0.170982 -0.121313
FixedParameters: 0 0 0

#Transform 59
Transform: AffineTransform_float_3_3
Parameters: 0.999996 -0.00222588 0.00186852 0.00222812 0.999997 -0.00113184 -0.00186648 0.00113516 0.999997 -0.0897792 0.147849 -0.12314
FixedParameters: 0 0 0

#Transform 60
Transform: AffineTransform_float_3_3
Parameters: 0.999995 -0.00184422 0.00229423 0.00184678 0.999997 -0.00120877 -0.00229177 0.00121223 0.999996 -0.0961169 0.148721 -0.123417
FixedParameters: 0 0 0

#Transform 61
Transform: AffineTransform_float_3_3
Parameters: 0.999997 -0.00132969 0.00206084 0.00133131 0.999999 -0.000633258 -0.00206016 0.000635741 0.999997 -0.0988732 0.16517 -0.153484
FixedParameters: 0 0 0

#Transform 62
Transform: AffineTransform_float_3_3
Parameters: 0.999996 -0.00175655 0.00229311 0.00175745 0.999999 -0.000631973 -0.00229189 0.000636029 0.999997 -0.114449 0.166817 -0.144789
FixedParameters: 0 0 0

#Transform 63
Transform: AffineTransform_float_3_3
Parameters: 0.999994 -0.00268779 0.00226062 0.0026902 0.999996 -0.000972924 -0.00225837 0.000979076 0.999997 -0.0891105 0.159203 -0.130827
FixedParameters: 0 0 0

#Transform 64
Transform: AffineTransform_float_3_3
Parameters: 0.999992 -0.0030942 0.00229942 0.0030958 0.999995 -0.000778887 -0.00229758 0.000786115 0.999997 -0.0977603 0.138319 -0.137276
FixedParameters: 0 0 0

#Transform 65
Transform: AffineTransform_float_3_3
Parameters: 0.999993 -0.00288638 0.0024441 0.00288862 0.999996 -0.00106995 -0.0024409 0.00107705 0.999997 -0.100577 0.169434 -0.132408
FixedParameters: 0 0 0

#Transform 66
Transform: AffineTransform_float_3_3
Parameters: 0.999994 -0.00316777 0.00175823 0.00316823 0.999994 -0.000699434 -0.00175578 0.000704566 0.999998 -0.08617 0.142394 -0.133798
FixedParameters: 0 0 0

#Transform 67
Transform: AffineTransform_float_3_3
Parameters: 0.999993 -0.00336414 0.00167374 0.00336487 0.999994 -0.000514372 -0.00167126 0.000519626 0.999998 -0.0831762 0.158403 -0.113673
FixedParameters: 0 0 0

#Transform 68
Transform: AffineTransform_float_3_3
Parameters: 0.999994 -0.0031683 0.00153146 0.0031687 0.999995 -0.00045715 -0.00152954 0.000461849 0.999998 -0.075107 0.148223 -0.123168
FixedParameters: 0 0 0

#Transform 69
Transform: AffineTransform_float_3_3
Parameters: 0.999995 -0.00258073 0.00144047 0.00258126 0.999996 -0.000182282 -0.00144052 0.000185718 0.999999 -0.0765286 0.158207 -0.122274
FixedParameters: 0 0 0

#Transform 70
Transform: AffineTransform_float_3_3
Parameters: 0.999994 -0.00289054 0.00152196 0.00289045 0.999996 0.000360401 -0.00152303 -0.000355599 0.999999 -0.0984088 0.136847 -0.139726
FixedParameters: 0 0 0

#Transform 71
Transform: AffineTransform_float_3_3
Parameters: 0.999996 -0.00241278 0.00138165 0.00241223 0.999997 0.000562335 -0.00138235 -0.000559667 0.999999 -0.0894603 0.15036 -0.167423
FixedParameters: 0 0 0

#Transform 72
Transform: AffineTransform_float_3_3
Parameters: 0.999996 -0.00247519 0.00151069 0.00247481 0.999997 0.000125739 -0.0015113 -0.00012126 0.999999 -0.09452 0.13518 -0.140767
FixedParameters: 0 0 0

#Transform 73
Transform: AffineTransform_float_3_3
Parameters: 0.999996 -0.002746 0.00125481 0.002745 0.999996 0.000798448 -0.00125719 -0.000795551 0.999999 -0.076675 0.1285 -0.148268
FixedParameters: 0 0 0

#Transform 74
Transform: AffineTransform_float_3_3
Parameters: 0.999994 -0.00317025 0.00156046 0.00316875 0.999994 0.000803949 -0.00156254 -0.000799051 0.999998 -0.0648277 0.131583 -0.118023
FixedParameters: 0 0 0

#Transform 75
Transform: AffineTransform_float_3_3
Parameters: 0.999995 -0.00270861 0.00147087 0.00270839 0.999996 0.000417986 -0.00147213 -0.000414015 0.999999 -0.053518 0.133165 -0.110653
FixedParameters: 0 0 0

#Transform 76
Transform: AffineTransform_float_3_3
Parameters: 0.999992 -0.00367204 0.00164167 0.00367096 0.999993 0.000638032 -0.00164433 -0.000631967 0.999999 -0.0891769 0.147431 -0.140606
FixedParameters: 0 0 0

#Transform 77
Transform: AffineTransform_float_3_3
Parameters: 0.999994 -0.00300278 0.00122309 0.00300122 0.999996 0.000638674 -0.00122491 -0.000634325 0.999999 -0.0872133 0.144557 -0.164741
FixedParameters: 0 0 0

#Transform 78
Transform: AffineTransform_float_3_3
Parameters: 0.999996 -0.00262257 0.00115972 0.00262243 0.999997 0.000491044 -0.00116028 -0.000487959 0.999999 -0.0809209 0.167003 -0.188413
FixedParameters: 0 0 0

#Transform 79
Transform: AffineTransform_float_3_3
Parameters: 0.999995 -0.00264325 0.00123732 0.00264174 0.999996 0.00101427 -0.00124068 -0.00101172 0.999998 -0.0916219 0.175825 -0.226592
FixedParameters: 0 0 0

#Transform 80
Transform: AffineTransform_float_3_3
Parameters: 0.999995 -0.00258465 0.00141281 0.00258435 0.999996 0.000461653 -0.00141419 -0.000458347 0.999999 -0.0923973 0.187738 -0.220964
FixedParameters: 0 0 0

#Transform 81
Transform: AffineTransform_float_3_3
Parameters: 0.999996 -0.00258443 0.00121008 0.00258457 0.999996 0.000359129 -0.00121092 -0.000355872 0.999999 -0.0793272 0.169248 -0.204452
FixedParameters: 0 0 0

#Transform 82
Transform: AffineTransform_float_3_3
Parameters: 0.999996 -0.00258407 0.00104583 0.00258393 0.999996 6.57026e-05 -0.00104617 -6.22969e-05 1 -0.0991952 0.178261 -0.199435
FixedParameters: 0 0 0

#Transform 83
Transform: AffineTransform_float_3_3
Parameters: 0.999997 -0.00228813 0.000840369 0.00228887 0.999997 -0.00103408 -0.000837632 0.00103592 0.999999 -0.0909304 0.211312 -0.159241
FixedParameters: 0 0 0

#Transform 84
Transform: AffineTransform_float_3_3
Parameters: 0.999994 -0.00307493 0.00164413 0.00307507 0.999996 -4.09444e-05 -0.00164387 4.6055e-05 0.999998 -0.115995 0.221072 -0.161195
FixedParameters: 0 0 0

#Transform 85
Transform: AffineTransform_float_3_3
Parameters: 0.999992 -0.0035929 0.0017982 0.0035931 0.999993 -5.35393e-05 -0.00179779 6.04598e-05 0.999999 -0.120353 0.220083 -0.169725
FixedParameters: 0 0 0

#Transform 86
Transform: AffineTransform_float_3_3
Parameters: 0.999992 -0.00378482 0.00176724 0.00378318 0.999992 0.00046769 -0.00176876 -0.00046131 0.999999 -0.11158 0.205749 -0.170984
FixedParameters: 0 0 0

#Transform 87
Transform: AffineTransform_float_3_3
Parameters: 0.999991 -0.00400079 0.00157 0.00400021 0.999992 0.000503285 -0.001572 -0.000497715 0.999998 -0.0973318 0.210764 -0.190179
FixedParameters: 0 0 0

#Transform 88
Transform: AffineTransform_float_3_3
Parameters: 0.999992 -0.00371302 0.0015746 0.00371198 0.999993 0.00064885 -0.0015764 -0.000643152 0.999998 -0.10194 0.198988 -0.203355
FixedParameters: 0 0 0

#Transform 89
Transform: AffineTransform_float_3_3
Parameters: 0.999992 -0.00364369 0.00150232 0.00364231 0.999994 0.000463476 -0.00150368 -0.000457525 0.999999 -0.0838219 0.194624 -0.176777
FixedParameters: 0 0 0

#Transform 90
Transform: AffineTransform_float_3_3
Parameters: 0.99999 -0.00400013 0.00163768 0.00399987 0.999992 8.35512e-05 -0.00163832 -7.74472e-05 0.999998 -0.102813 0.178232 -0.151806
FixedParameters: 0 0 0

#Transform 91
Transform: AffineTransform_float_3_3
Parameters: 0.99999 -0.00409646 0.00188666 0.00409453 0.999991 0.00130874 -0.00189235 -0.00130126 0.999998 -0.0915545 0.184955 -0.202085
FixedParameters: 0 0 0

#Transform 92
Transform: AffineTransform_float_3_3
Parameters: 0.999991 -0.00394177 0.00197348 0.00393923 0.999992 0.00140479 -0.00197852 -0.00139622 0.999997 -0.112434 0.204132 -0.213655
FixedParameters: 0 0 0

#Transform 93
Transform: AffineTransform_float_3_3
Parameters: 0.999993 -0.00341587 0.00150477 0.00341414 0.999994 0.00124015 -0.00150823 -0.00123486 0.999998 -0.10286 0.211308 -0.217804
FixedParameters: 0 0 0

#Transform 94
Transform: AffineTransform_float_3_3
Parameters: 0.999994 -0.00283629 0.00169785 0.00283471 0.999995 0.000761817 -0.00170015 -0.000757182 0.999999 -0.098191 0.201662 -0.187114
FixedParameters: 0 0 0

#Transform 95
Transform: AffineTransform_float_3_3
Parameters: 0.999995 -0.00282055 0.00179845 0.00281746 0.999994 0.00197108 -0.00180355 -0.00196593 0.999997 -0.101041 0.185632 -0.211446
FixedParameters: 0 0 0

#Transform 96
Transform: AffineTransform_float_3_3
Parameters: 0.999993 -0.0030271 0.00192414 0.0030239 0.999994 0.00160983 -0.00192886 -0.00160417 0.999997 -0.095328 0.187243 -0.205372
FixedParameters: 0 0 0

#Transform 97
Transform: AffineTransform_float_3_3
Parameters: 0.999992 -0.00348857 0.00171277 0.00348543 0.999993 0.00150198 -0.00171723 -0.00149602 0.999998 -0.0948509 0.18082 -0.189657
FixedParameters: 0 0 0

#Transform 98
Transform: AffineTransform_float_3_3
Parameters: 0.999995 -0.00290909 0.00173851 0.00290691 0.999995 0.00120306 -0.00174149 -0.00119794 0.999998 -0.0916354 0.172896 -0.201401
FixedParameters: 0 0 0

#Transform 99
Transform: AffineTransform_float_3_3
Parameters: 0.999969 -0.00779882 0.000229563 0.00779519 0.999878 0.0135232 -0.000334438 -0.0135208 0.999908 -0.106946 -0.189553 -0.102354
FixedParameters: 0 0 0

#Transform 100
Transform: AffineTransform_float_3_3
Parameters: 0.999979 -0.0062164 0.00139456 0.00620261 0.999937 0.00941584 -0.00145244 -0.00940716 0.999954 -0.0748748 -0.101501 -0.099249
FixedParameters: 0 0 0

#Transform 101
Transform: AffineTransform_float_3_3
Parameters: 0.999982 -0.00590983 0.0015849 0.00589717 0.99995 0.00798349 -0.00163211 -0.0079745 0.999967 -0.101301 -0.018031 -0.127505
FixedParameters: 0 0 0

#Transform 102
Transform: AffineTransform_float_3_3
Parameters: 0.999985 -0.00511318 0.00200217 0.00510082 0.999968 0.0060423 -0.00203283 -0.00603169 0.999979 -0.112556 0.0670524 -0.172486
FixedParameters: 0 0 0

#Transform 103
Transform: AffineTransform_float_3_3
Parameters: 0.999984 -0.00520633 0.00194087 0.00519467 0.999969 0.00579817 -0.00197013 -0.00578883 0.999982 -0.112296 0.0609952 -0.209103
FixedParameters: 0 0 0

#Transform 104
Transform: AffineTransform_float_3_3
Parameters: 0.999984 -0.00551267 0.00167042 0.00550334 0.999969 0.00573829 -0.00170158 -0.00572872 0.999982 -0.109473 0.0641122 -0.206971
FixedParameters: 0 0 0

#Transform 105
Transform: AffineTransform_float_3_3
Parameters: 0.999985 -0.0051636 0.00170522 0.00515341 0.999971 0.00558387 -0.00173378 -0.00557513 0.999983 -0.119665 0.0879332 -0.218924
FixedParameters: 0 0 0

#Transform 106
Transform: AffineTransform_float_3_3
Parameters: 0.999986 -0.0051624 0.00160625 0.00515361 0.999974 0.00518936 -0.00163275 -0.00518165 0.999985 -0.129948 0.109808 -0.203912
FixedParameters: 0 0 0

#Transform 107
Transform: AffineTransform_float_3_3
Parameters: 0.999986 -0.00509869 0.00129799 0.00509231 0.999974 0.00510768 -0.00132401 -0.00510132 0.999986 -0.120476 0.113817 -0.23643
FixedParameters: 0 0 0

#Transform 108
Transform: AffineTransform_float_3_3
Parameters: 0.999983 -0.00560722 0.00155308 0.00559878 0.999967 0.0058798 -0.00158592 -0.00587121 0.999982 -0.131811 0.108939 -0.22356
FixedParameters: 0 0 0

#Transform 109
Transform: AffineTransform_float_3_3
Parameters: 0.999984 -0.0054688 0.00126699 0.0054612 0.999971 0.005311 -0.001296 -0.005304 0.999985 -0.118287 0.115751 -0.204068
FixedParameters: 0 0 0

#Transform 110
Transform: AffineTransform_float_3_3
Parameters: 0.999984 -0.00545301 0.00135107 0.00544499 0.999968 0.00586345 -0.00138293 -0.00585555 0.999982 -0.117278 0.124678 -0.222624
FixedParameters: 0 0 0

#Transform 111
Transform: AffineTransform_float_3_3
Parameters: 0.999984 -0.00535907 0.00149588 0.00534993 0.999967 0.00600209 -0.00152712 -0.00599491 0.999981 -0.11664 0.111085 -0.207643
FixedParameters: 0 0 0

#Transform 112
Transform: AffineTransform_float_3_3
Parameters: 0.999986 -0.00520268 0.00133093 0.00519232 0.999956 0.00790603 -0.00137208 -0.00789898 0.999968 -0.113102 0.118132 -0.259872
FixedParameters: 0 0 0

#Transform 113
Transform: AffineTransform_float_3_3
Parameters: 0.999992 -0.00397265 0.00105428 0.00396335 0.999951 0.00900325 -0.00108972 -0.00899874 0.999959 -0.136739 0.130581 -0.288121
FixedParameters: 0 0 0

#Transform 114
Transform: AffineTransform_float_3_3
Parameters: 0.999994 -0.00328346 0.000478318 0.00327853 0.999953 0.00904661 -0.000508679 -0.00904538 0.999959 -0.144595 0.116194 -0.277006
FixedParameters: 0 0 0

#Transform 115
Transform: AffineTransform_float_3_3
Parameters: 0.999992 -0.00399912 0.00022283 0.00399688 0.999954 0.00879697 -0.000258169 -0.00879604 0.999962 -0.114261 0.111755 -0.24975
FixedParameters: 0 0 0

#Transform 116
Transform: AffineTransform_float_3_3
Parameters: 0.999993 -0.00365129 0.000696812 0.0036457 0.999965 0.00745259 -0.000724187 -0.0074504 0.999972 -0.0985728 0.133102 -0.227381
FixedParameters: 0 0 0

#Transform 117
Transform: AffineTransform_float_3_3
Parameters: 0.99999 -0.00432909 0.000901615 0.00432191 0.999961 0.00771997 -0.000935385 -0.00771602 0.99997 -0.132018 0.107385 -0.257894
FixedParameters: 0 0 0

#Transform 118
Transform: AffineTransform_float_3_3
Parameters: 0.99999 -0.00432939 0.000967535 0.00432162 0.999963 0.00750726 -0.00100046 -0.00750275 0.999972 -0.114285 0.0888594 -0.24665
FixedParameters: 0 0 0

#Transform 119
Transform: AffineTransform_float_3_3
Parameters: 0.999987 -0.00477336 0.00133292 0.00476363 0.999964 0.00694043 -0.00136608 -0.00693456 0.999975 -0.126449 0.0926803 -0.25441
FixedParameters: 0 0 0

#Transform 120
Transform: AffineTransform_float_3_3
Parameters: 0.999991 -0.00434076 0.000659416 0.00433624 0.999965 0.00705092 -0.000690586 -0.00704807 0.999975 -0.084087 0.0839728 -0.26546
FixedParameters: 0 0 0

#Transform 121
Transform: AffineTransform_float_3_3
Parameters: 0.999988 -0.00468481 0.000905459 0.00467819 0.999962 0.00738032 -0.000940541 -0.00737568 0.999973 -0.107129 0.105359 -0.281305
FixedParameters: 0 0 0

#Transform 122
Transform: AffineTransform_float_3_3
Parameters: 0.999991 -0.00422706 0.0007147 0.00422194 0.999967 0.00693708 -0.000744303 -0.00693492 0.999975 -0.0965265 0.116265 -0.274792
FixedParameters: 0 0 0

#Transform 123
Transform: AffineTransform_float_3_3
Parameters: 0.99999 -0.00422737 0.00132968 0.00421863 0.999971 0.00623567 -0.00135532 -0.00623033 0.999979 -0.100996 0.13928 -0.281391
FixedParameters: 0 0 0

#Transform 124
Transform: AffineTransform_float_3_3
Parameters: 0.99999 -0.00426173 0.00132831 0.00425327 0.99997 0.00650771 -0.0013557 -0.00650229 0.999978 -0.109859 0.136398 -0.298485
FixedParameters: 0 0 0

#Transform 125
Transform: AffineTransform_float_3_3
Parameters: 0.999988 -0.0048241 0.00139491 0.0048149 0.999967 0.0064538 -0.00142609 -0.0064472 0.999978 -0.112665 0.141195 -0.299696
FixedParameters: 0 0 0

#Transform 126
Transform: AffineTransform_float_3_3
Parameters: 0.999987 -0.00500263 0.00108748 0.00499537 0.999963 0.00690852 -0.00112153 -0.00690348 0.999976 -0.10656 0.148027 -0.320804
FixedParameters: 0 0 0

#Transform 127
Transform: AffineTransform_float_3_3
Parameters: 0.999989 -0.00446776 0.000851281 0.00446223 0.999968 0.00665786 -0.000880715 -0.00665313 0.999977 -0.089311 0.152427 -0.287139
FixedParameters: 0 0 0

#Transform 128
Transform: AffineTransform_float_3_3
Parameters: 0.99999 -0.00448503 0.000964376 0.00447898 0.999971 0.00616538 -0.000991622 -0.00616061 0.99998 -0.0929856 0.15457 -0.254323
FixedParameters: 0 0 0

#Transform 129
Transform: AffineTransform_float_3_3
Parameters: 0.999989 -0.00461512 0.000947661 0.00460888 0.999969 0.00636344 -0.000977341 -0.00635956 0.99998 -0.106247 0.148678 -0.278636
FixedParameters: 0 0 0

#Transform 130
Transform: AffineTransform_float_3_3
Parameters: 0.999991 -0.0041468 0.00091098 0.0041412 0.999971 0.00628083 -0.000937021 -0.00627717 0.99998 -0.0850403 0.120856 -0.284559
FixedParameters: 0 0 0

#Transform 131
Transform: AffineTransform_float_3_3
Parameters: 0.999993 -0.0035773 0.000991558 0.0035717 0.999974 0.00628058 -0.00101445 -0.00627741 0.99998 -0.0772996 0.153359 -0.286122
FixedParameters: 0 0 0

#Transform 132
Transform: AffineTransform_float_3_3
Parameters: 0.999994 -0.0033132 0.000937823 0.0033078 0.99998 0.00549214 -0.000956176 -0.00548887 0.999985 -0.0831056 0.166253 -0.305645
FixedParameters: 0 0 0

#Transform 133
Transform: AffineTransform_float_3_3
Parameters: 0.999992 -0.00375002 0.00066572 0.00374598 0.999976 0.00594554 -0.000688281 -0.00594346 0.999982 -0.0701117 0.126074 -0.302801
FixedParameters: 0 0 0

#Transform 134
Transform: AffineTransform_float_3_3
Parameters: 0.999994 -0.00345604 0.000699308 0.00345196 0.999978 0.00570245 -0.000718694 -0.00570055 0.999984 -0.0659264 0.15982 -0.312154
FixedParameters: 0 0 0

#Transform 135
Transform: AffineTransform_float_3_3
Parameters: 0.999993 -0.00357675 0.000900339 0.00357225 0.99998 0.00522225 -0.000918661 -0.00521875 0.999986 -0.0865965 0.181076 -0.312795
FixedParameters: 0 0 0

#Transform 136
Transform: AffineTransform_float_3_3
Parameters: 0.999994 -0.00347237 7.69092e-05 0.00347164 0.999984 0.00434629 -9.10881e-05 -0.00434571 0.99999 -0.0872753 0.183341 -0.315992
FixedParameters: 0 0 0

#Transform 137
Transform: AffineTransform_float_3_3
Parameters: 0.999995 -0.00310658 -0.000317233 0.00310842 0.999984 0.00458003 0.000302765 -0.00458096 0.999989 -0.0681812 0.165937 -0.312614
FixedParameters: 0 0 0

#Transform 138
Transform: AffineTransform_float_3_3
Parameters: 0.999994 -0.00351894 -2.15386e-05 0.00351906 0.999982 0.00498395 3.4609e-06 -0.00498404 0.999987 -0.0991079 0.139132 -0.327131
FixedParameters: 0 0 0

#Transform 139
Transform: AffineTransform_float_3_3
Parameters: 0.999994 -0.00346556 0.000481969 0.00346345 0.999981 0.00520571 -0.000499031 -0.00520331 0.999987 -0.110475 0.158634 -0.329522
FixedParameters: 0 0 0

#Transform 140
Transform: AffineTransform_float_3_3
Parameters: 0.999994 -0.00351953 7.78378e-05 0.00351847 0.999975 0.00601331 -9.91578e-05 -0.00601269 0.999982 -0.0740009 0.144333 -0.307789
FixedParameters: 0 0 0

#Transform 141
Transform: AffineTransform_float_3_3
Parameters: 0.999995 -0.00314555 7.96905e-05 0.00314445 0.999976 0.00613928 -9.93053e-05 -0.00613872 0.999981 -0.0647022 0.157007 -0.310121
FixedParameters: 0 0 0

#Transform 142
Transform: AffineTransform_float_3_3
Parameters: 0.999994 -0.00322537 0.000553735 0.00322263 0.999977 0.00597682 -0.000573269 -0.00597518 0.999982 -0.0683991 0.137247 -0.244715
FixedParameters: 0 0 0

#Transform 143
Transform: AffineTransform_float_3_3
Parameters: 0.999993 -0.00355296 0.0001463 0.00355204 0.999975 0.00610856 -0.000167702 -0.00610845 0.999982 -0.0583844 0.148831 -0.281001
FixedParameters: 0 0 0

#Transform 144
Transform: AffineTransform_float_3_3
Parameters: 0.999995 -0.00316481 0.000440233 0.00316118 0.999976 0.00624943 -0.000460761 -0.00624758 0.999981 -0.0720983 0.167032 -0.302037
FixedParameters: 0 0 0

#Transform 145
Transform: AffineTransform_float_3_3
Parameters: 0.999995 -0.00316429 4.32297e-05 0.00316371 0.999979 0.00561617 -6.07713e-05 -0.00561684 0.999984 -0.0474398 0.164055 -0.307697
FixedParameters: 0 0 0

#Transform 146
Transform: AffineTransform_float_3_3
Parameters: 0.999994 -0.00345403 0.000145278 0.00345297 0.999973 0.00657955 -0.000167723 -0.00657946 0.999979 -0.0494621 0.149178 -0.315048
FixedParameters: 0 0 0

#Transform 147
Transform: AffineTransform_float_3_3
Parameters: 0.999994 -0.00364152 9.10319e-05 0.00364047 0.99998 0.00520937 -0.000110968 -0.00520963 0.999987 -0.0672129 0.174029 -0.276393
FixedParameters: 0 0 0

#Transform 148
Transform: AffineTransform_float_3_3
Parameters: 0.999994 -0.00336361 0.000669094 0.00335939 0.99998 0.00532728 -0.000686901 -0.00532472 0.999985 -0.100475 0.180964 -0.318576
FixedParameters: 0 0 0

#Transform 149
Transform: AffineTransform_float_3_3
Parameters: 0.999994 -0.00338003 0.00066686 0.00337596 0.999976 0.00596328 -0.000687139 -0.00596071 0.999982 -0.115953 0.18842 -0.327078
FixedParameters: 0 0 0

#Transform 150
Transform: AffineTransform_float_3_3
Parameters: 0.999995 -0.00291727 0.000382041 0.00291473 0.999979 0.00581614 -0.000398957 -0.00581486 0.999983 -0.0781891 0.176291 -0.321953
FixedParameters: 0 0 0

#Transform 151
Transform: AffineTransform_float_3_3
Parameters: 0.999996 -0.00282868 0.00026139 0.00282732 0.999976 0.00622776 -0.00027861 -0.00622623 0.99998 -0.0718292 0.185847 -0.319921
FixedParameters: 0 0 0

#Transform 152
Transform: AffineTransform_float_3_3
Parameters: 0.999997 -0.0024246 0.000264776 0.0024234 0.99998 0.00586866 -0.000279227 -0.00586834 0.999982 -0.085928 0.186607 -0.332345
FixedParameters: 0 0 0

#Transform 153
Transform: AffineTransform_float_3_3
Parameters: 0.999995 -0.00296866 -7.80542e-05 0.00296834 0.999985 0.00473379 6.39482e-05 -0.00473421 0.999989 -0.0630724 0.193866 -0.318953
FixedParameters: 0 0 0

#Transform 154
Transform: AffineTransform_float_3_3
Parameters: 0.999997 -0.00242344 0.000266248 0.00242157 0.999983 0.00526366 -0.00027875 -0.00526334 0.999986 -0.0671888 0.200854 -0.328017
FixedParameters: 0 0 0

#Transform 155
Transform: AffineTransform_float_3_3
Parameters: 0.999997 -0.00239395 0.000165756 0.00239304 0.999982 0.00553341 -0.000179243 -0.00553258 0.999984 -0.0695668 0.189777 -0.316841
FixedParameters: 0 0 0

#Transform 156
Transform: AffineTransform_float_3_3
Parameters: 0.999996 -0.00257152 0.000264623 0.00256948 0.999981 0.0055927 -0.000279375 -0.0055923 0.999985 -0.073844 0.189408 -0.336387
FixedParameters: 0 0 0

#Transform 157
Transform: AffineTransform_float_3_3
Parameters: 0.999995 -0.00297176 0.00044181 0.00296824 0.999977 0.00612434 -0.000460187 -0.00612366 0.999981 -0.0768455 0.187758 -0.318693
FixedParameters: 0 0 0

#Transform 158
Transform: AffineTransform_float_3_3
Parameters: 0.999996 -0.00285956 0.000262495 0.00285744 0.999979 0.00577378 -0.000278502 -0.00577323 0.999984 -0.0829357 0.193188 -0.311494
FixedParameters: 0 0 0

#Transform 159
Transform: AffineTransform_float_3_3
Parameters: 0.999995 -0.00297033 0.000264486 0.00296867 0.999983 0.00488781 -0.00027851 -0.00488619 0.999988 -0.0804774 0.177581 -0.295213
FixedParameters: 0 0 0

#Transform 160
Transform: AffineTransform_float_3_3
Parameters: 0.999997 -0.00222548 0.000266912 0.00222351 0.999983 0.00543361 -0.000279086 -0.00543339 0.999985 -0.0823692 0.200779 -0.328339
FixedParameters: 0 0 0

#Transform 161
Transform: AffineTransform_float_3_3
Parameters: 0.999998 -0.00227471 0.000264704 0.00227229 0.999977 0.00628762 -0.000279291 -0.00628638 0.99998 -0.0744156 0.175795 -0.322148
FixedParameters: 0 0 0

#Transform 162
Transform: AffineTransform_float_3_3
Parameters: 0.999996 -0.00265486 -3.39693e-05 0.00265513 0.999984 0.00488493 2.10298e-05 -0.00488507 0.999988 -0.0627804 0.17103 -0.296651
FixedParameters: 0 0 0

#Transform 163
Transform: AffineTransform_float_3_3
Parameters: 0.999995 -0.00296045 0.000263122 0.00295855 0.999981 0.0053648 -0.000278875 -0.0053642 0.999985 -0.0775958 0.190088 -0.311057
FixedParameters: 0 0 0

#Transform 164
Transform: AffineTransform_float_3_3
Parameters: 0.999995 -0.00337735 0.000262203 0.00337566 0.999982 0.00497491 -0.000278796 -0.00497408 0.999987 -0.0775336 0.188185 -0.327488
FixedParameters: 0 0 0

#Transform 165
Transform: AffineTransform_float_3_3
Parameters: 0.999996 -0.00300546 0.000262803 0.00300354 0.999981 0.00539082 -0.000279195 -0.00539019 0.999986 -0.096483 0.208937 -0.335199
FixedParameters: 0 0 0

#Transform 166
Transform: AffineTransform_float_3_3
Parameters: 0.999995 -0.00337774 0.000257049 0.00337526 0.999973 0.0065009 -0.000278947 -0.0065001 0.999979 -0.0845756 0.166742 -0.31788
FixedParameters: 0 0 0

#Transform 167
Transform: AffineTransform_float_3_3
Parameters: 0.999993 -0.00372139 5.09353e-05 0.00372161 0.999974 0.00619823 -7.40713e-05 -0.00619877 0.999981 -0.0752186 0.171626 -0.311575
FixedParameters: 0 0 0

#Transform 168
Transform: AffineTransform_float_3_3
Parameters: 0.999991 -0.00422183 -4.03027e-05 0.00422217 0.999971 0.00622989 1.36958e-05 -0.00623012 0.999981 -0.0606111 0.158593 -0.292028
FixedParameters: 0 0 0

#Transform 169
Transform: AffineTransform_float_3_3
Parameters: 0.99999 -0.00432533 2.52453e-05 0.00432467 0.99996 0.00780418 -5.87513e-05 -0.00780382 0.999969 -0.0666994 0.114033 -0.270889
FixedParameters: 0 0 0

#Transform 170
Transform: AffineTransform_float_3_3
Parameters: 0.999991 -0.00420664 -0.000209311 0.00420835 0.999967 0.00696618 0.000179683 -0.00696781 0.999975 -0.0680462 0.13551 -0.273548
FixedParameters: 0 0 0

#Transform 171
Transform: AffineTransform_float_3_3
Parameters: 0.999989 -0.00471363 -0.000212815 0.00471536 0.999964 0.00696007 0.000179183 -0.00696092 0.999976 -0.0705915 0.154219 -0.292497
FixedParameters: 0 0 0

#Transform 172
Transform: AffineTransform_float_3_3
Parameters: 0.999993 -0.0037098 0.000120368 0.0037082 0.999974 0.00610149 -0.000142629 -0.00610151 0.999982 -0.0769143 0.137246 -0.303432
FixedParameters: 0 0 0

#Transform 173
Transform: AffineTransform_float_3_3
Parameters: 0.999993 -0.00354182 -0.000201976 0.00354318 0.999975 0.00620332 0.00017902 -0.00620467 0.99998 -0.0639687 0.144537 -0.322178
FixedParameters: 0 0 0

#Transform 174
Transform: AffineTransform_float_3_3
Parameters: 0.999995 -0.00319282 -0.000199811 0.00319417 0.999975 0.00620339 0.000179186 -0.0062046 0.99998 -0.048656 0.1138 -0.282956
FixedParameters: 0 0 0

#Transform 175
Transform: AffineTransform_float_3_3
Parameters: 0.999994 -0.0036657 0.000102314 0.00366529 0.999974 0.00618942 -0.00012569 -0.00618958 0.999981 -0.0470329 0.152694 -0.309039
FixedParameters: 0 0 0

#Transform 176
Transform: AffineTransform_float_3_3
Parameters: 0.999993 -0.00387705 0.00042505 0.00387395 0.999969 0.0069547 -0.000451951 -0.0069533 0.999975 -0.0714385 0.123781 -0.308992
FixedParameters: 0 0 0

#Transform 177
Transform: AffineTransform_float_3_3
Parameters: 0.999994 -0.00346363 -6.774e-05 0.00346437 0.999973 0.00656481 4.5257e-05 -0.0065652 0.999979 -0.0434505 0.131723 -0.333296
FixedParameters: 0 0 0

#Transform 178
Transform: AffineTransform_float_3_3
Parameters: 0.999993 -0.00386982 0.00011267 0.00386918 0.999971 0.00654648 -0.000138334 -0.00654651 0.999978 -0.0611652 0.139398 -0.321759
FixedParameters: 0 0 0

#Transform 179
Transform: AffineTransform_float_3_3
Parameters: 0.999993 -0.00368651 7.26199e-05 0.00368549 0.999975 0.0060713 -9.43759e-05 -0.00607069 0.999981 -0.0484689 0.136804 -0.326995
FixedParameters: 0 0 0
