#Insight Transform File V1.0
#Transform 0
Transform: AffineTransform_float_3_3
Parameters: 1 -2.709e-08 -0.000126 -2.709e-08 1 -0.000215 0.000126 0.000215 1 -0.0208657 -0.00410061 -0.0341045
FixedParameters: 0 0 0

#Transform 1
Transform: AffineTransform_float_3_3
Parameters: 1 0.000173 -5.2073e-08 -0.000173 1 -0.000301 -5.2073e-08 0.000301 1 0.00176804 -0.0191084 -0.0616344
FixedParameters: 0 0 0

#Transform 2
Transform: AffineTransform_float_3_3
Parameters: 1 0.000103 -0.000496 -0.000103 1 5.1088e-08 0.000496 5.1088e-08 1 -0.0131824 -0.0053541 -0.0614304
FixedParameters: 0 0 0

#Transform 3
Transform: AffineTransform_float_3_3
Parameters: 1 0.00027 -7.209e-08 -0.00027 1 -0.000267 -7.209e-08 0.000267 1 -0.00175623 -0.00109377 -0.0616784
FixedParameters: 0 0 0

#Transform 4
Transform: AffineTransform_float_3_3
Parameters: 1 0.000213025 -0.000484989 -0.000212975 1 5.21033e-05 0.000485011 -5.18967e-05 1 -0.00836223 -0.00649694 -0.0615024
FixedParameters: 0 0 0

#Transform 5
Transform: AffineTransform_float_3_3
Parameters: 1 0.00046996 -0.000418045 -0.00047004 1 -9.58035e-05 0.000417955 9.61964e-05 1 -0.0118272 -0.00449647 -0.100627
FixedParameters: 0 0 0

#Transform 6
Transform: AffineTransform_float_3_3
Parameters: 1 0 -0.00044 0 1 0 0.00044 0 1 -0.00963492 0.018237 -0.105029
FixedParameters: 0 0 0

#Transform 7
Transform: AffineTransform_float_3_3
Parameters: 1 0.000140557 -0.000440142 -0.000141442 0.999999 -0.00100594 0.000439858 0.00100606 1 -0.00926038 0.00948192 -0.0751553
FixedParameters: 0 0 0

#Transform 8
Transform: AffineTransform_float_3_3
Parameters: 1 -3.15095e-07 -0.000337 -3.15095e-07 0.999999 -0.000934999 0.000337 0.000934999 0.999999 -0.00782756 0.0267656 -0.0981301
FixedParameters: 0 0 0

#Transform 9
Transform: AffineTransform_float_3_3
Parameters: 1 -7.38736e-05 0.000100093 7.41264e-05 0.999999 -0.00126399 -9.99064e-05 0.00126401 0.999999 -2.75579e-05 0.0142561 -0.0984531
FixedParameters: 0 0 0

#Transform 10
Transform: AffineTransform_float_3_3
Parameters: 1 -0.000358705 0.000313337 0.000358294 0.999999 -0.000940887 -0.000312663 0.000941111 0.999999 0.00220948 0.00932283 -0.111686
FixedParameters: 0 0 0

#Transform 11
Transform: AffineTransform_float_3_3
Parameters: 1 1.41204e-07 0.000246 1.41204e-07 1 -0.000574 -0.000246 0.000574 1 -0.0153464 0.00240837 -0.111658
FixedParameters: 0 0 0

#Transform 12
Transform: AffineTransform_float_3_3
Parameters: 1 -0.00036282 0.000313208 0.000363179 1 -0.000573886 -0.000312791 0.000574113 1 -0.0174698 0.020239 -0.113034
FixedParameters: 0 0 0

#Transform 13
Transform: AffineTransform_float_3_3
Parameters: 1 3.57759e-07 0.000313 3.57759e-07 1 -0.001143 -0.000313 0.001143 1 -0.0028325 -0.00482143 -0.10645
FixedParameters: 0 0 0

#Transform 14
Transform: AffineTransform_float_3_3
Parameters: 1 3.59011e-07 0.000313 3.59011e-07 1 -0.001147 -0.000313 0.001147 1 -0.0164782 0.0196248 -0.111776
FixedParameters: 0 0 0

#Transform 15
Transform: AffineTransform_float_3_3
Parameters: 1 4.39139e-07 0.000313 4.39139e-07 0.999999 -0.001403 -0.000313 0.001403 0.999999 -0.0164586 0.0162368 -0.0302406
FixedParameters: 0 0 0

#Transform 16
Transform: AffineTransform_float_3_3
Parameters: 1 -3.1562e-08 -8.6e-05 -3.1562e-08 1 -0.000367 8.6e-05 0.000367 1 -0.0134843 0.0155674 -0.0430119
FixedParameters: 0 0 0

#Transform 17
Transform: AffineTransform_float_3_3
Parameters: 1 -9.591e-09 -6.9e-05 -9.591e-09 1 -0.000139 6.9e-05 0.000139 1 -0.00996744 -0.00316616 -0.0435732
FixedParameters: 0 0 0

#Transform 18
Transform: AffineTransform_float_3_3
Parameters: 1 -0.000168004 -0.000102994 0.000167996 1 -3.70173e-05 0.000103006 3.69827e-05 1 -0.00983776 -0.0105189 -0.0847644
FixedParameters: 0 0 0

#Transform 19
Transform: AffineTransform_float_3_3
Parameters: 1 -2.84e-08 -0.000142 -2.84e-08 1 -0.0002 0.000142 0.0002 1 -0.00867322 -0.0211491 -0.0350308
FixedParameters: 0 0 0

#Transform 20
Transform: AffineTransform_float_3_3
Parameters: 1 -4.92e-10 -4e-06 -4.92e-10 1 -0.000123 4e-06 0.000123 1 0.00187868 -0.00943251 0.00405413
FixedParameters: 0 0 0

#Transform 21
Transform: AffineTransform_float_3_3
Parameters: 1 -2.1597e-08 0.000313 -2.1597e-08 1 6.9e-05 -0.000313 -6.9e-05 1 0.00148576 -0.00781035 0.00299625
FixedParameters: 0 0 0

#Transform 22
Transform: AffineTransform_float_3_3
Parameters: 1 -0.000419984 0.000131052 0.000420016 1 -0.000122945 -0.000130948 0.000123055 1 -0.00365316 -0.00857346 0.00382327
FixedParameters: 0 0 0

#Transform 23
Transform: AffineTransform_float_3_3
Parameters: 1 -0.000441996 3.20544e-05 0.000442004 1 -0.000122986 -3.19456e-05 0.000123014 1 -0.0127619 -0.0085188 -0.0121652
FixedParameters: 0 0 0

#Transform 24
Transform: AffineTransform_float_3_3
Parameters: 1 -0.00036302 0.000312977 0.000362981 1 6.21136e-05 -0.000313023 -6.28864e-05 1 0.000979041 0.000249325 -0.0376368
FixedParameters: 0 0 0

#Transform 25
Transform: AffineTransform_float_3_3
Parameters: 1 3.8499e-08 0.000313 3.8499e-08 1 -0.000123 -0.000313 0.000123 1 -0.0126155 -0.00942375 -0.026482
FixedParameters: 0 0 0

#Transform 26
Transform: AffineTransform_float_3_3
Parameters: 1 -0.000282995 2.5056e-05 0.000283005 1 -0.000197993 -2.5944e-05 0.000198007 1 -0.00849312 0.0112291 -0.0666249
FixedParameters: 0 0 0

#Transform 27
Transform: AffineTransform_float_3_3
Parameters: 1 -0.000257002 -5.89463e-06 0.000256997 1 -0.000410001 6.10537e-06 0.000409998 1 -0.00775346 -0.000272608 -0.0237332
FixedParameters: 0 0 0

#Transform 28
Transform: AffineTransform_float_3_3
Parameters: 1 1.41476e-07 0.000313 1.41476e-07 1 -0.000452 -0.000313 0.000452 1 -0.0126162 0.00207398 -0.0287905
FixedParameters: 0 0 0

#Transform 29
Transform: AffineTransform_float_3_3
Parameters: 1 -7.89765e-05 5.0037e-05 7.90234e-05 1 -0.000468996 -4.99629e-05 0.000469004 1 -0.00833676 0.01627 -0.0191318
FixedParameters: 0 0 0

#Transform 30
Transform: AffineTransform_float_3_3
Parameters: 1 -0.000270986 6.10623e-05 0.000271014 1 -0.000229983 -6.09377e-05 0.000230017 1 -0.00894009 0.0174417 -0.0561074
FixedParameters: 0 0 0

#Transform 31
Transform: AffineTransform_float_3_3
Parameters: 1 -0.00042483 0.00031323 0.000425169 1 -0.000540867 -0.00031277 0.000541133 1 -0.013738 0.0036406 -0.0439411
FixedParameters: 0 0 0

#Transform 32
Transform: AffineTransform_float_3_3
Parameters: 1 -0.000403976 9.11046e-05 0.000404023 1 -0.000258963 -9.08953e-05 0.000259037 1 -0.00977957 0.0237741 -0.0240416
FixedParameters: 0 0 0

#Transform 33
Transform: AffineTransform_float_3_3
Parameters: 1 2.70745e-07 0.000313 2.70745e-07 0.999999 -0.000864999 -0.000313 0.000864999 0.999999 -0.012608 -0.01069 -0.00277382
FixedParameters: 0 0 0

#Transform 34
Transform: AffineTransform_float_3_3
Parameters: 1 -0.000390866 0.000313167 0.000391133 1 -0.000426877 -0.000312833 0.000427122 1 -0.0135689 0.0126583 0.0135093
FixedParameters: 0 0 0

#Transform 35
Transform: AffineTransform_float_3_3
Parameters: 1 1.85296e-07 0.000313 1.85296e-07 1 -0.000592 -0.000313 0.000592 1 -0.00351445 0.0147073 -0.0200259
FixedParameters: 0 0 0

#Transform 36
Transform: AffineTransform_float_3_3
Parameters: 1 -0.000404959 5.03292e-05 0.00040504 0.999999 -0.000812979 -4.96707e-05 0.00081302 0.999999 -0.00909363 0.0114531 -0.0232788
FixedParameters: 0 0 0

#Transform 37
Transform: AffineTransform_float_3_3
Parameters: 1 -0.000391843 0.000205299 0.000392156 0.999999 -0.000761919 -0.000204701 0.00076208 0.999999 0.0108494 0.00876239 -0.0492906
FixedParameters: 0 0 0

#Transform 38
Transform: AffineTransform_float_3_3
Parameters: 1 -0.000463813 0.000313277 0.000464187 0.999999 -0.000596854 -0.000312723 0.000597145 1 -0.00434082 0.0039642 -0.0456754
FixedParameters: 0 0 0

#Transform 39
Transform: AffineTransform_float_3_3
Parameters: 1 -0.000417871 0.000313171 0.000418128 1 -0.000409869 -0.000312828 0.000410131 1 -0.00414119 0.018953 -0.0340235
FixedParameters: 0 0 0

#Transform 40
Transform: AffineTransform_float_3_3
Parameters: 1 1.79349e-07 0.000313 1.79349e-07 1 -0.000573 -0.000313 0.000573 1 -0.00310823 -0.00351754 -0.0800324
FixedParameters: 0 0 0

#Transform 41
Transform: AffineTransform_float_3_3
Parameters: 1 -0.000399961 0.000131118 0.000400038 1 -0.000293948 -0.000130882 0.000294052 1 -0.00350205 0.0241148 -0.0802857
FixedParameters: 0 0 0

#Transform 42
Transform: AffineTransform_float_3_3
Parameters: 1 -0.000426729 0.000313369 0.00042727 0.999999 -0.000864865 -0.000312631 0.000864133 0.999999 0.00696546 0.0113267 -0.0658736
FixedParameters: 0 0 0

#Transform 43
Transform: AffineTransform_float_3_3
Parameters: 1 1.0028e-07 0.00023 1.0028e-07 1 -0.000436 -0.00023 0.000436 1 -0.00167147 0.0031302 -0.023011
FixedParameters: 0 0 0

#Transform 44
Transform: AffineTransform_float_3_3
Parameters: 1 0.000201941 -0.000115103 -0.000202058 1 -0.000508977 0.000114897 0.000509023 1 -0.0195804 0.00390159 -0.0260234
FixedParameters: 0 0 0

#Transform 45
Transform: AffineTransform_float_3_3
Parameters: 1 1.47456e-07 0.000256 1.47456e-07 1 -0.000576 -0.000256 0.000576 1 0.0019117 -0.0112491 -0.0178658
FixedParameters: 0 0 0

#Transform 46
Transform: AffineTransform_float_3_3
Parameters: 1 -0.000256844 0.000313128 0.000257156 1 -0.000498919 -0.000312872 0.00049908 1 -0.00959341 0.00402919 -0.00791557
FixedParameters: 0 0 0

#Transform 47
Transform: AffineTransform_float_3_3
Parameters: 1 -0.00018371 0.000467114 0.00018429 1 -0.000620914 -0.000466885 0.000621086 0.999999 0.00258867 -0.00802316 -0.0181347
FixedParameters: 0 0 0

#Transform 48
Transform: AffineTransform_float_3_3
Parameters: 1 -0.000382924 0.000157185 0.000383076 1 -0.00048194 -0.000156815 0.00048206 1 -0.00499389 0.01371 0.0036116
FixedParameters: 0 0 0

#Transform 49
Transform: AffineTransform_float_3_3
Parameters: 1 -0.000209041 0.000312973 0.000208959 1 0.000130065 -0.000313027 -0.000129935 1 0.0113091 -0.00453155 0.00182838
FixedParameters: 0 0 0

#Transform 50
Transform: AffineTransform_float_3_3
Parameters: 1 -0.000441029 0.000377966 0.000440971 1 7.61667e-05 -0.000378033 -7.58333e-05 1 -0.00895758 0.0233271 0.00187858
FixedParameters: 0 0 0

#Transform 51
Transform: AffineTransform_float_3_3
Parameters: 1 -2.3788e-08 0.000313 -2.3788e-08 1 7.6e-05 -0.000313 -7.6e-05 1 -0.00668856 0.00316287 0.00199799
FixedParameters: 0 0 0

#Transform 52
Transform: AffineTransform_float_3_3
Parameters: 1 -0.000329103 0.000312892 0.000328897 1 0.000329103 -0.000313108 -0.000329897 1 -0.00157812 0.0229884 0.00667849
FixedParameters: 0 0 0

#Transform 53
Transform: AffineTransform_float_3_3
Parameters: 0.999999 -0.00033376 0.000855093 0.000334239 1 -0.000279714 -0.000854906 0.000280285 0.999999 0.0163519 0.0150139 -0.00248692
FixedParameters: 0 0 0

#Transform 54
Transform: AffineTransform_float_3_3
Parameters: 1 -0.000492028 0.000374962 0.000491971 1 7.61845e-05 -0.000375037 -7.58155e-05 1 0.0105461 0.0222245 0.00455498
FixedParameters: 0 0 0

#Transform 55
Transform: AffineTransform_float_3_3
Parameters: 0.999999 -0.000491688 0.00080619 0.000492311 1 -0.000386603 -0.000805809 0.000387396 0.999999 0.00220776 0.0172466 0.00208734
FixedParameters: 0 0 0

#Transform 56
Transform: AffineTransform_float_3_3
Parameters: 0.999999 -0.000846031 0.000416935 0.000845968 0.999999 7.63527e-05 -0.000416064 -7.5648e-05 1 0.0118428 0.0100576 0.018548
FixedParameters: 0 0 0

#Transform 57
Transform: AffineTransform_float_3_3
Parameters: 0.999999 -0.000829835 0.000495275 0.000830164 0.999999 -0.000331589 -0.000495724 0.000332411 1 0.0126147 0.000305396 -0.00295966
FixedParameters: 0 0 0

#Transform 58
Transform: AffineTransform_float_3_3
Parameters: 0.999999 -0.000842892 0.000313287 0.000843106 0.999999 -0.000340736 -0.000312712 0.000341264 1 -0.000810099 0.0212961 0.00300937
FixedParameters: 0 0 0

#Transform 59
Transform: AffineTransform_float_3_3
Parameters: 0.999999 -0.00067786 0.000313303 0.000678139 0.999999 -0.000446787 -0.000312697 0.000446212 1 0.0103907 0.000846461 -0.0134645
FixedParameters: 0 0 0

#Transform 60
Transform: AffineTransform_float_3_3
Parameters: 1 -0.000551763 0.000313416 0.000551235 0.999999 -0.000753827 -0.000312584 0.000754172 0.999999 -9.01776e-06 0.0273724 -0.0127047
FixedParameters: 0 0 0

#Transform 61
Transform: AffineTransform_float_3_3
Parameters: 1 -0.000492034 -4.4629e-05 0.000491966 0.999999 -0.000754022 4.53709e-05 0.000753977 0.999999 0.0019244 0.040399 -0.0119667
FixedParameters: 0 0 0

#Transform 62
Transform: AffineTransform_float_3_3
Parameters: 1 -0.000417764 0.000313315 0.000418236 0.999999 -0.000753869 -0.000312685 0.00075413 0.999999 0.011191 0.012179 -0.0391466
FixedParameters: 0 0 0

#Transform 63
Transform: AffineTransform_float_3_3
Parameters: 1 -0.00049178 0.000313344 0.000492219 0.999999 -0.000699845 -0.000312655 0.000700153 0.999999 0.0117473 0.0356838 -0.0392928
FixedParameters: 0 0 0

#Transform 64
Transform: AffineTransform_float_3_3
Parameters: 0.999999 -0.000491559 0.00058437 0.00049244 0.999999 -0.000753712 -0.000583628 0.000754286 0.999999 0.0217129 0.0167936 -0.0396614
FixedParameters: 0 0 0

#Transform 65
Transform: AffineTransform_float_3_3
Parameters: 0.999999 -0.000938833 0.000261602 0.000939167 1 -0.000640755 -0.000260399 0.000640245 1 0.00545718 0.03256 -0.0124115
FixedParameters: 0 0 0

#Transform 66
Transform: AffineTransform_float_3_3
Parameters: 1 -0.000549781 0.000313384 0.000550218 0.999999 -0.000697827 -0.000312616 0.000698172 0.999999 0.0212458 0.0159017 -0.0318071
FixedParameters: 0 0 0

#Transform 67
Transform: AffineTransform_float_3_3
Parameters: 1 -0.000491833 0.000313262 0.000492167 0.999999 -0.000532846 -0.000312738 0.000533154 1 0.00573585 0.00645072 -0.0356955
FixedParameters: 0 0 0

#Transform 68
Transform: AffineTransform_float_3_3
Parameters: 1 -0.000545815 0.000313321 0.000545184 0.999999 -0.000588829 -0.000312679 0.00058917 1 0.0056639 0.0116812 -0.0354628
FixedParameters: 0 0 0

#Transform 69
Transform: AffineTransform_float_3_3
Parameters: 1 -0.000491832 0.000470175 0.000492167 1 -0.000355769 -0.000469825 0.000356231 1 0.0030218 0.0135051 -0.0230202
FixedParameters: 0 0 0

#Transform 70
Transform: AffineTransform_float_3_3
Parameters: 0.999999 -0.000546796 0.000490227 0.000547203 1 -0.000415732 -0.000489773 0.000415268 1 0.00252349 0.0146094 -0.0362357
FixedParameters: 0 0 0

#Transform 71
Transform: AffineTransform_float_3_3
Parameters: 1 -0.000491899 0.000253196 0.000492101 1 -0.000398875 -0.000252804 0.000399124 1 0.00670686 0.04178 -0.0682304
FixedParameters: 0 0 0

#Transform 72
Transform: AffineTransform_float_3_3
Parameters: 1 -0.000491764 0.000313371 0.000492236 0.999999 -0.000753845 -0.000312629 0.000754153 0.999999 0.0207079 0.0267611 -0.0675136
FixedParameters: 0 0 0

#Transform 73
Transform: AffineTransform_float_3_3
Parameters: 1 -0.000491951 0.0001202 0.000492049 1 -0.000405941 -0.0001198 0.000406059 1 0.0090357 0.0231131 -0.052862
FixedParameters: 0 0 0

#Transform 74
Transform: AffineTransform_float_3_3
Parameters: 0.999999 -0.000491618 0.000773242 0.000492381 1 -0.000493619 -0.000772757 0.00049338 0.999999 0.0226236 0.0246349 -0.0531215
FixedParameters: 0 0 0

#Transform 75
Transform: AffineTransform_float_3_3
Parameters: 1 -0.000491903 0.000313152 0.000492097 1 -0.000308846 -0.000312848 0.000309154 1 0.00747014 0.0341464 -0.0551109
FixedParameters: 0 0 0

#Transform 76
Transform: AffineTransform_float_3_3
Parameters: 1 -0.000491791 0.000313327 0.000492208 0.999999 -0.000665845 -0.000312673 0.000665153 0.999999 0.0269999 0.0214886 -0.0565814
FixedParameters: 0 0 0

#Transform 77
Transform: AffineTransform_float_3_3
Parameters: 0.999999 -0.000768808 0.00031347 0.00076919 0.999999 -0.000610759 -0.00031253 0.00061124 1 0.0139516 0.0271871 -0.0432798
FixedParameters: 0 0 0

#Transform 78
Transform: AffineTransform_float_3_3
Parameters: 1 -0.000491764 0.000313371 0.000492236 0.999999 -0.000753845 -0.000312629 0.000754153 0.999999 0.01474 0.00779334 -0.026667
FixedParameters: 0 0 0

#Transform 79
Transform: AffineTransform_float_3_3
Parameters: 1 -0.000492022 -2.9629e-05 0.000491977 0.999999 -0.000754014 3.03709e-05 0.000753985 0.999999 0.00705631 0.0280824 -0.0171701
FixedParameters: 0 0 0

#Transform 80
Transform: AffineTransform_float_3_3
Parameters: 1 -0.000581869 0.000139547 0.000581132 1 -0.000940919 -0.000139453 0.000941081 0.999999 0.00990658 0.0155482 -0.0235619
FixedParameters: 0 0 0

#Transform 81
Transform: AffineTransform_float_3_3
Parameters: 0.999999 -0.000789027 -2.51471e-05 0.000788972 0.999999 -0.00108102 2.58529e-05 0.00108098 1 0.012865 0.0265709 -0.0191092
FixedParameters: 0 0 0

#Transform 82
Transform: AffineTransform_float_3_3
Parameters: 1 -0.000491478 0.000369694 0.00049152 0.999999 -0.00141182 -0.000368306 0.00141218 0.999999 0.0316827 0.01208 -0.0346749
FixedParameters: 0 0 0

#Transform 83
Transform: AffineTransform_float_3_3
Parameters: 0.999999 -0.000904084 -7.80345e-05 0.000903916 0.999999 -0.00106807 7.89654e-05 0.00106793 1 0.0196803 0.0434141 -0.0383062
FixedParameters: 0 0 0

#Transform 84
Transform: AffineTransform_float_3_3
Parameters: 0.999999 -0.000828199 -0.000149901 0.000827801 0.999999 -0.00132712 0.000150099 0.00132688 0.999999 0.00708846 0.0509551 -0.0456638
FixedParameters: 0 0 0

#Transform 85
Transform: AffineTransform_float_3_3
Parameters: 0.999999 -0.000903984 1.22249e-05 0.000904015 0.999998 -0.00135499 -1.07751e-05 0.00135501 0.999999 0.00411973 0.051544 -0.0459276
FixedParameters: 0 0 0

#Transform 86
Transform: AffineTransform_float_3_3
Parameters: 0.999999 -0.000903816 0.000109531 0.000904183 0.999998 -0.0016939 -0.000107468 0.0016941 0.999998 0.0175248 0.0116023 -0.0471842
FixedParameters: 0 0 0

#Transform 87
Transform: AffineTransform_float_3_3
Parameters: 0.999999 -0.00090422 -0.000149674 0.00090378 0.999998 -0.00146714 0.000150326 0.00146686 0.999999 0.00688053 0.0275192 -0.0548144
FixedParameters: 0 0 0

#Transform 88
Transform: AffineTransform_float_3_3
Parameters: 0.999999 -0.000903823 0.000129236 0.000904175 0.999998 -0.00136788 -0.000127763 0.00136812 0.999999 0.0273237 0.0258672 -0.0531047
FixedParameters: 0 0 0

#Transform 89
Transform: AffineTransform_float_3_3
Parameters: 0.999999 -0.000904215 -0.000149702 0.000903784 0.999998 -0.00143514 0.000150297 0.00143486 0.999999 0.0241391 0.0270361 -0.0622225
FixedParameters: 0 0 0

#Transform 90
Transform: AffineTransform_float_3_3
Parameters: 0.999999 -0.000969174 -0.000149876 0.000968826 0.999999 -0.00116015 0.000150124 0.00115986 1 0.0218721 0.0321524 -0.0255099
FixedParameters: 0 0 0

#Transform 91
Transform: AffineTransform_float_3_3
Parameters: 0.999999 -0.00131016 -0.000149588 0.00130984 0.999998 -0.0010782 0.000150413 0.0010788 1 0.0191065 0.0480557 -0.038995
FixedParameters: 0 0 0

#Transform 92
Transform: AffineTransform_float_3_3
Parameters: 1 -0.000903335 0.000565065 0.000903665 0.999999 -0.00117749 -0.000563936 0.00117851 0.999999 0.0343102 0.024677 -0.0557265
FixedParameters: 0 0 0

#Transform 93
Transform: AffineTransform_float_3_3
Parameters: 0.999999 -0.00135611 -0.000149977 0.00135589 0.999999 -0.000754204 0.000151024 0.000754796 0.999999 0.0192909 0.0366208 -0.0404681
FixedParameters: 0 0 0

#Transform 94
Transform: AffineTransform_float_3_3
Parameters: 1 -0.00120718 -0.000149515 0.00120782 0.999998 -0.00123018 0.000150486 0.00122982 0.999999 0.0313739 0.0230268 -0.0471312
FixedParameters: 0 0 0

#Transform 95
Transform: AffineTransform_float_3_3
Parameters: 0.999999 -0.00135121 -0.000149111 0.00135079 0.999998 -0.0013982 0.000150888 0.0013978 0.999999 0.0173277 0.0502209 -0.0359006
FixedParameters: 0 0 0

#Transform 96
Transform: AffineTransform_float_3_3
Parameters: 0.999999 -0.00135124 -0.000148847 0.00135076 0.999998 -0.0015932 0.000150152 0.0015928 0.999998 0.00960765 0.0367176 -0.0475526
FixedParameters: 0 0 0

#Transform 97
Transform: AffineTransform_float_3_3
Parameters: 0.999999 -0.00135123 -0.000148895 0.00135077 0.999998 -0.0015582 0.000150105 0.0015578 0.999999 0.00959456 0.0437624 -0.023911
FixedParameters: 0 0 0

#Transform 98
Transform: AffineTransform_float_3_3
Parameters: 0.999999 -0.00124802 -1.12865e-05 0.00124798 0.999999 -0.00137302 1.37135e-05 0.00137298 0.999999 0.0117513 0.0326971 -0.00840219
FixedParameters: 0 0 0

#Transform 99
Transform: AffineTransform_float_3_3
Parameters: 0.999999 -0.00126621 -0.000149262 0.00126579 0.999999 -0.00137319 0.000150738 0.00137281 0.999999 0.00979823 0.0326243 0.0174369
FixedParameters: 0 0 0

#Transform 100
Transform: AffineTransform_float_3_3
Parameters: 1 -0.00120983 0.000127661 0.00120918 0.999999 -0.00137285 -0.00012634 0.00137315 0.999999 0.0052682 0.0458217 0.0168505
FixedParameters: 0 0 0

#Transform 101
Transform: AffineTransform_float_3_3
Parameters: 1 -0.00103721 -0.000149576 0.00103779 0.999998 -0.00137316 0.000150425 0.00137284 0.999999 0.0103766 0.0323589 -0.00274638
FixedParameters: 0 0 0

#Transform 102
Transform: AffineTransform_float_3_3
Parameters: 0.999999 -0.00130021 -0.000149215 0.00129979 0.999998 -0.0013732 0.000150785 0.00137281 0.999999 0.00969511 0.0644021 -0.0205265
FixedParameters: 0 0 0

#Transform 103
Transform: AffineTransform_float_3_3
Parameters: 0.999999 -0.000893769 0.000149387 0.00089423 0.999999 -0.00155187 -0.000147612 0.00155213 0.999999 0.00557612 0.036583 -0.0118747
FixedParameters: 0 0 0

#Transform 104
Transform: AffineTransform_float_3_3
Parameters: 1 -0.00116621 -0.000149399 0.0011658 0.999999 -0.00137318 0.000150601 0.00137283 0.999999 -0.0103779 0.0580444 0.0019198
FixedParameters: 0 0 0

#Transform 105
Transform: AffineTransform_float_3_3
Parameters: 0.999999 -0.00135113 -8.40125e-05 0.00135088 0.999998 -0.00147111 8.59872e-05 0.00147089 0.999999 -0.00120935 0.0346187 -0.0141223
FixedParameters: 0 0 0

#Transform 106
Transform: AffineTransform_float_3_3
Parameters: 0.999999 -0.0012193 -0.000229427 0.0012187 0.999998 -0.00129028 0.000231572 0.00128972 0.999999 -0.00905318 0.0396772 -0.0142033
FixedParameters: 0 0 0

#Transform 107
Transform: AffineTransform_float_3_3
Parameters: 1 -0.00108428 -0.000149013 0.00108373 0.999997 -0.00183316 0.000150988 0.00183384 0.999999 -0.000866907 0.0338005 -0.0381529
FixedParameters: 0 0 0

#Transform 108
Transform: AffineTransform_float_3_3
Parameters: 0.999999 -0.00135152 -0.000287591 0.00135049 0.999998 -0.00178339 0.00029041 0.00178361 0.999999 0.00549469 0.0499054 -0.0146657
FixedParameters: 0 0 0

#Transform 109
Transform: AffineTransform_float_3_3
Parameters: 0.999999 -0.000943243 -0.000149472 0.000943757 0.999998 -0.00162014 0.00015053 0.00162086 0.999998 0.0171528 0.0441476 -0.015489
FixedParameters: 0 0 0

#Transform 110
Transform: AffineTransform_float_3_3
Parameters: 0.999999 -0.00135121 -0.000149145 0.00135079 0.999998 -0.0013732 0.000150855 0.0013728 0.999999 0.00417343 0.070351 -0.0159332
FixedParameters: 0 0 0

#Transform 111
Transform: AffineTransform_float_3_3
Parameters: 0.999999 -0.00135128 -0.000148481 0.00135072 0.999998 -0.0018642 0.000150519 0.0018648 0.999999 0.00445076 0.0341937 -0.0323253
FixedParameters: 0 0 0

#Transform 112
Transform: AffineTransform_float_3_3
Parameters: 0.999999 -0.00128926 -0.000148736 0.00128874 0.999997 -0.00175619 0.000150263 0.00175581 0.999999 -0.00879776 0.0470876 -0.0219696
FixedParameters: 0 0 0

#Transform 113
Transform: AffineTransform_float_3_3
Parameters: 1 -0.00108027 -0.000149038 0.00108073 0.999998 -0.00181616 0.000150964 0.00181684 0.999999 0.00260075 0.0314253 -0.00552842
FixedParameters: 0 0 0

#Transform 114
Transform: AffineTransform_float_3_3
Parameters: 0.999999 -0.00124527 -0.000148748 0.00124473 0.999997 -0.00180919 0.000150252 0.00180881 0.999999 -0.00868228 0.0524936 -0.0055092
FixedParameters: 0 0 0

#Transform 115
Transform: AffineTransform_float_3_3
Parameters: 1 -0.00117133 -0.000148401 0.00117067 0.999997 -0.00221918 0.000150598 0.00221883 0.999998 -0.00849337 0.0439628 -0.00449857
FixedParameters: 0 0 0

#Transform 116
Transform: AffineTransform_float_3_3
Parameters: 1 -0.00111812 -5.46979e-05 0.00111789 0.999998 -0.00205906 5.63018e-05 0.00205894 0.999998 0.00164644 0.0330647 -0.00516151
FixedParameters: 0 0 0

#Transform 117
Transform: AffineTransform_float_3_3
Parameters: 0.999999 -0.00135129 -0.000148348 0.00135071 0.999997 -0.0019632 0.000150652 0.0019628 0.999998 -0.00893292 0.031865 -0.013702
FixedParameters: 0 0 0

#Transform 118
Transform: AffineTransform_float_3_3
Parameters: 0.999999 -0.000983146 -7.61242e-05 0.000982852 0.999997 -0.00190808 7.78754e-05 0.00190792 0.999998 -0.00627271 0.0303439 -0.0387411
FixedParameters: 0 0 0

#Transform 119
Transform: AffineTransform_float_3_3
Parameters: 0.999999 -0.00135124 -0.000148869 0.00135076 0.999998 -0.0015772 0.00015013 0.0015768 0.999998 -0.00894747 0.0410732 -0.0394775
FixedParameters: 0 0 0

#Transform 120
Transform: AffineTransform_float_3_3
Parameters: 1 -0.00118228 -0.000148785 0.00118272 0.999997 -0.00187418 0.000150217 0.00187382 0.999998 0.00653568 0.0329157 -0.0267825
FixedParameters: 0 0 0

#Transform 121
Transform: AffineTransform_float_3_3
Parameters: 0.999999 -0.00135126 -0.000148681 0.00135074 0.999997 -0.0017162 0.000150318 0.0017158 0.999998 -0.0089761 0.0568864 -0.0178758
FixedParameters: 0 0 0

#Transform 122
Transform: AffineTransform_float_3_3
Parameters: 0.999999 -0.00135038 0.000303781 0.00135062 0.999997 -0.00205859 -0.000301219 0.00205941 0.999998 -0.00191902 0.0417097 -0.0391163
FixedParameters: 0 0 0

#Transform 123
Transform: AffineTransform_float_3_3
Parameters: 0.999999 -0.00135129 -0.000148412 0.00135071 0.999998 -0.0019152 0.000150587 0.0019148 0.999998 0.00418313 0.0560672 -0.0384638
FixedParameters: 0 0 0

#Transform 124
Transform: AffineTransform_float_3_3
Parameters: 1 -0.00110024 0.000340474 0.00110076 0.999997 -0.00224763 -0.000338526 0.00224837 0.999998 -0.00310749 0.0407636 -0.00719994
FixedParameters: 0 0 0

#Transform 125
Transform: AffineTransform_float_3_3
Parameters: 0.999999 -0.00135102 -1.29708e-05 0.00135098 0.999998 -0.00150202 1.50292e-05 0.00150198 0.999999 -0.000364746 0.05431 -0.0212927
FixedParameters: 0 0 0

#Transform 126
Transform: AffineTransform_float_3_3
Parameters: 0.999999 -0.00135079 0.000148882 0.00135121 0.999998 -0.0013928 -0.000147118 0.0013932 0.999999 -0.00109611 0.0524839 -0.0218527
FixedParameters: 0 0 0

#Transform 127
Transform: AffineTransform_float_3_3
Parameters: 0.999999 -0.0014325 0.000445611 0.0014335 0.999999 -0.00112436 -0.000444389 0.00112464 1 0.00314242 0.0705045 -0.0230532
FixedParameters: 0 0 0

#Transform 128
Transform: AffineTransform_float_3_3
Parameters: 0.999999 -0.00135054 0.00031896 0.00135146 0.999998 -0.00145057 -0.000317039 0.00145143 0.999999 -0.0185053 0.0524307 -0.00248833
FixedParameters: 0 0 0

#Transform 129
Transform: AffineTransform_float_3_3
Parameters: 0.999999 -0.00135068 0.000269602 0.00135132 0.999999 -0.00118564 -0.000267399 0.00118536 1 -0.0177286 0.0852608 -0.0028508
FixedParameters: 0 0 0

#Transform 130
Transform: AffineTransform_float_3_3
Parameters: 0.999999 -0.0013507 0.000261533 0.0013513 0.999999 -0.00113465 -0.000260466 0.00113535 1 -0.0067575 0.0441699 -0.0407081
FixedParameters: 0 0 0

#Transform 131
Transform: AffineTransform_float_3_3
Parameters: 0.999999 -0.00135091 6.97792e-05 0.00135109 0.999998 -0.00131691 -6.82206e-05 0.00131709 0.999999 -0.00905577 0.055775 -0.0398883
FixedParameters: 0 0 0

#Transform 132
Transform: AffineTransform_float_3_3
Parameters: 0.999999 -0.00135092 5.10764e-05 0.00135108 0.999998 -0.00153693 -4.89234e-05 0.00153707 0.999999 -0.0138893 0.0339009 -0.0530793
FixedParameters: 0 0 0

#Transform 133
Transform: AffineTransform_float_3_3
Parameters: 0.999999 -0.00135125 -0.000148706 0.00135075 0.999997 -0.0016982 0.000150294 0.0016978 0.999998 -0.00613229 0.0366756 -0.0277876
FixedParameters: 0 0 0

#Transform 134
Transform: AffineTransform_float_3_3
Parameters: 0.999999 -0.00135048 0.000325176 0.00135052 0.999998 -0.00161056 -0.000322826 0.00161044 0.999998 -0.00192697 0.0115005 -0.0114242
FixedParameters: 0 0 0

#Transform 135
Transform: AffineTransform_float_3_3
Parameters: 0.999999 -0.00135121 -0.000149135 0.00135079 0.999998 -0.0013802 0.000150864 0.0013798 0.999999 -0.0105265 0.0307289 -1.44799e-05
FixedParameters: 0 0 0

#Transform 136
Transform: AffineTransform_float_3_3
Parameters: 0.999999 -0.00135109 -6.71355e-05 0.00135091 0.999998 -0.00138009 6.88643e-05 0.00137991 0.999999 -0.0118765 0.0307241 0.0108674
FixedParameters: 0 0 0

#Transform 137
Transform: AffineTransform_float_3_3
Parameters: 0.999999 -0.00145821 -0.000148988 0.00145779 0.999998 -0.00138022 0.000151012 0.00137978 0.999999 0.00326612 0.031017 -0.00779604
FixedParameters: 0 0 0

#Transform 138
Transform: AffineTransform_float_3_3
Parameters: 0.999998 -0.00160524 0.000579112 0.00160576 0.999998 -0.00131507 -0.000577888 0.00131593 0.999999 0.00184399 0.0302032 0.00154069
FixedParameters: 0 0 0

#Transform 139
Transform: AffineTransform_float_3_3
Parameters: 0.999999 -0.00135027 0.000578715 0.00135073 0.999999 -0.00126922 -0.000577286 0.00126978 0.999999 -0.000807014 0.00841271 -0.00958667
FixedParameters: 0 0 0

#Transform 140
Transform: AffineTransform_float_3_3
Parameters: 0.999998 -0.00161566 0.000293892 0.00161534 0.999998 -0.00117053 -0.000291108 0.00117147 1 -0.00643373 0.0357359 0.0182069
FixedParameters: 0 0 0

#Transform 141
Transform: AffineTransform_float_3_3
Parameters: 0.999999 -0.0013502 0.000578863 0.0013508 0.999998 -0.00137922 -0.000577137 0.00137978 0.999999 0.0096973 0.0202114 -0.0126275
FixedParameters: 0 0 0

#Transform 142
Transform: AffineTransform_float_3_3
Parameters: 0.999999 -0.00135048 0.000578213 0.00135052 0.999998 -0.00089722 -0.000577787 0.000898781 1 -0.0160199 0.0196004 -0.00573559
FixedParameters: 0 0 0

#Transform 143
Transform: AffineTransform_float_3_3
Parameters: 0.999999 -0.00135066 0.000262755 0.00135134 0.999998 -0.00129865 -0.000260245 0.00129935 0.999999 0.00145337 0.0264573 0.00776586
FixedParameters: 0 0 0

#Transform 144
Transform: AffineTransform_float_3_3
Parameters: 0.999999 -0.00135066 0.000310476 0.00135134 0.999998 -0.00109258 -0.000308523 0.00109342 1 -0.0113648 0.0410907 0.00332678
FixedParameters: 0 0 0

#Transform 145
Transform: AffineTransform_float_3_3
Parameters: 0.999999 -0.00135065 0.000267782 0.00135135 0.999998 -0.00131864 -0.000266219 0.00131836 0.999999 -0.000717999 0.0223409 0.0243179
FixedParameters: 0 0 0

#Transform 146
Transform: AffineTransform_float_3_3
Parameters: 0.999999 -0.0015138 0.000207462 0.0015142 0.999999 -0.000965687 -0.000206539 0.000965314 0.999999 -0.00318447 0.0420785 0.0155365
FixedParameters: 0 0 0

#Transform 147
Transform: AffineTransform_float_3_3
Parameters: 0.999999 -0.00182077 0.000167513 0.00182123 0.999998 -0.0013797 -0.000165487 0.0013803 0.999999 -0.01013 0.0326124 0.00684129
FixedParameters: 0 0 0

#Transform 148
Transform: AffineTransform_float_3_3
Parameters: 0.999998 -0.00166676 0.00016744 0.00166724 0.999997 -0.00146372 -0.000165559 0.00146428 0.999999 -0.00983965 0.051065 0.0227294
FixedParameters: 0 0 0

#Transform 149
Transform: AffineTransform_float_3_3
Parameters: 0.999999 -0.00147675 0.000167236 0.00147725 0.999998 -0.00151375 -0.000164763 0.00151424 0.999999 -0.00934388 0.0445887 0.0465722
FixedParameters: 0 0 0

#Transform 150
Transform: AffineTransform_float_3_3
Parameters: 0.999999 -0.00183573 0.000168016 0.00183627 0.999997 -0.00164269 -0.000164985 0.00164231 0.999998 0.00540304 0.0543863 0.0266323
FixedParameters: 0 0 0

#Transform 151
Transform: AffineTransform_float_3_3
Parameters: 0.999999 -0.00183589 7.1886e-05 0.00183611 0.999997 -0.00157187 -6.91154e-05 0.00157113 0.999999 0.00401976 0.0531481 0.015596
FixedParameters: 0 0 0

#Transform 152
Transform: AffineTransform_float_3_3
Parameters: 0.999999 -0.00183641 -0.000225713 0.00183559 0.999996 -0.00179042 0.000229286 0.00178958 0.999999 -0.00344661 0.0568297 0.0330965
FixedParameters: 0 0 0

#Transform 153
Transform: AffineTransform_float_3_3
Parameters: 0.999999 -0.00183631 -0.000160544 0.00183569 0.999996 -0.0018823 0.000164457 0.0018827 0.999998 0.00196877 0.0585238 0.0197787
FixedParameters: 0 0 0

#Transform 154
Transform: AffineTransform_float_3_3
Parameters: 0.999999 -0.00127671 0.00016719 0.00127628 0.999997 -0.00171479 -0.000164811 0.00171521 0.999998 0.00863648 0.0545874 -0.0294873
FixedParameters: 0 0 0

#Transform 155
Transform: AffineTransform_float_3_3
Parameters: 0.999999 -0.00183595 3.95336e-05 0.00183605 0.999998 -0.00137993 -3.74662e-05 0.00138007 0.999999 -0.00802767 0.0526607 0.0320065
FixedParameters: 0 0 0

#Transform 156
Transform: AffineTransform_float_3_3
Parameters: 0.999999 -0.00131877 0.00016682 0.00131923 0.999998 -0.00137978 -0.00016518 0.00138022 0.999999 -0.0102559 0.048805 0.0403509
FixedParameters: 0 0 0

#Transform 157
Transform: AffineTransform_float_3_3
Parameters: 0.999998 -0.00161836 -0.000238595 0.00161764 0.999997 -0.00148639 0.000241404 0.00148561 0.999999 -0.000745889 0.066268 0.0354778
FixedParameters: 0 0 0

#Transform 158
Transform: AffineTransform_float_3_3
Parameters: 0.999998 -0.00157272 0.000167667 0.00157328 0.999998 -0.00169574 -0.000165332 0.00169626 0.999998 0.000638513 0.0559555 0.0377685
FixedParameters: 0 0 0

#Transform 159
Transform: AffineTransform_float_3_3
Parameters: 0.999999 -0.00183647 -0.000335466 0.00183554 0.999998 -0.00138062 0.000337535 0.00138038 0.999999 -0.0070561 0.0670493 0.0380122
FixedParameters: 0 0 0

#Transform 160
Transform: AffineTransform_float_3_3
Parameters: 0.999999 -0.00183648 -0.000266713 0.00183552 0.999996 -0.00179049 0.000270286 0.00178951 0.999999 -0.012355 0.0612438 0.0390238
FixedParameters: 0 0 0

#Transform 161
Transform: AffineTransform_float_3_3
Parameters: 0.999999 -0.0013764 -0.000267956 0.0013756 0.999998 -0.00148537 0.000270044 0.00148563 0.999999 -0.01096 0.0316653 -0.000673071
FixedParameters: 0 0 0

#Transform 162
Transform: AffineTransform_float_3_3
Parameters: 0.999999 -0.00176288 -0.000461654 0.00176212 0.999996 -0.00189882 0.000464347 0.00189818 0.999998 -0.0155499 0.06234 0.0231153
FixedParameters: 0 0 0

#Transform 163
Transform: AffineTransform_float_3_3
Parameters: 0.999998 -0.00155851 -0.000267047 0.00155849 0.999997 -0.00189542 0.000269953 0.00189458 0.999998 -0.00681522 0.047823 0.0269567
FixedParameters: 0 0 0

#Transform 164
Transform: AffineTransform_float_3_3
Parameters: 0.999999 -0.00154245 -0.000267409 0.00154155 0.999998 -0.00168041 0.00026959 0.00167959 0.999998 -0.00280344 0.0242715 0.0262411
FixedParameters: 0 0 0

#Transform 165
Transform: AffineTransform_float_3_3
Parameters: 0.999998 -0.00168937 -0.000267668 0.00168863 0.999997 -0.00138045 0.00027033 0.00137954 0.999999 -0.00638293 0.0492089 0.0341649
FixedParameters: 0 0 0

#Transform 166
Transform: AffineTransform_float_3_3
Parameters: 0.999998 -0.00167337 -0.000267691 0.00167263 0.999997 -0.00138045 0.000270308 0.00137955 0.999999 -0.0047237 0.033882 0.0256521
FixedParameters: 0 0 0

#Transform 167
Transform: AffineTransform_float_3_3
Parameters: 0.999999 -0.00183626 -0.000268243 0.00183574 0.999998 -0.000957494 0.000269757 0.000956507 1 -0.000562718 0.0489656 0.0436893
FixedParameters: 0 0 0

#Transform 168
Transform: AffineTransform_float_3_3
Parameters: 0.999999 -0.00183637 -0.000267466 0.00183563 0.999998 -0.00138049 0.000269533 0.00137951 0.999999 -0.0141307 0.0561516 0.0464662
FixedParameters: 0 0 0

#Transform 169
Transform: AffineTransform_float_3_3
Parameters: 0.999999 -0.00183587 0.000136727 0.00183613 0.999998 -0.00094075 -0.000135272 0.000941249 0.999999 0.00999128 0.0488584 0.0165811
FixedParameters: 0 0 0

#Transform 170
Transform: AffineTransform_float_3_3
Parameters: 0.999999 -0.00183637 -0.000267466 0.00183563 0.999998 -0.00138049 0.000269533 0.00137951 0.999999 -0.00878826 0.0663912 0.0567607
FixedParameters: 0 0 0

#Transform 171
Transform: AffineTransform_float_3_3
Parameters: 0.999999 -0.00183635 -0.000267594 0.00183565 0.999998 -0.00131049 0.000269405 0.00130951 0.999999 -0.00877214 0.0549223 0.0565428
FixedParameters: 0 0 0

#Transform 172
Transform: AffineTransform_float_3_3
Parameters: 0.999998 -0.00158994 -0.000677805 0.00158906 0.999998 -0.00138108 0.000680194 0.00137992 0.999999 -0.00386189 0.0759829 0.0559841
FixedParameters: 0 0 0

#Transform 173
Transform: AffineTransform_float_3_3
Parameters: 0.999999 -0.00138848 -0.000679017 0.00138852 0.999999 -0.000707943 0.000679982 0.000707056 0.999999 0.00581613 0.0460764 -0.00248253
FixedParameters: 0 0 0

#Transform 174
Transform: AffineTransform_float_3_3
Parameters: 0.999998 -0.00196873 -0.000677879 0.00196827 0.999998 -0.00107834 0.000680121 0.00107666 0.999999 -0.000477465 0.0534289 0.00595522
FixedParameters: 0 0 0

#Transform 175
Transform: AffineTransform_float_3_3
Parameters: 0.999998 -0.00185097 -0.00067736 0.00185003 0.999998 -0.00142726 0.000679639 0.00142574 0.999999 -0.0124316 0.0592103 0.00681065
FixedParameters: 0 0 0

#Transform 176
Transform: AffineTransform_float_3_3
Parameters: 0.999998 -0.00181297 -0.000677414 0.00181203 0.999998 -0.00142723 0.000679585 0.00142577 0.999999 0.0030443 0.0404182 0.0343083
FixedParameters: 0 0 0

#Transform 177
Transform: AffineTransform_float_3_3
Parameters: 0.999998 -0.0019629 -0.00067739 0.0019611 0.999997 -0.00133033 0.000679609 0.00132967 0.999999 -0.00417744 0.0834488 0.0555139
FixedParameters: 0 0 0

#Transform 178
Transform: AffineTransform_float_3_3
Parameters: 0.999999 -0.00160997 -0.000677704 0.00160903 0.999997 -0.00142709 0.000680296 0.00142591 0.999999 0.00507018 0.0712968 0.01894
FixedParameters: 0 0 0

#Transform 179
Transform: AffineTransform_float_3_3
Parameters: 0.999998 -0.00191198 -0.000510344 0.00191102 0.999997 -0.00191298 0.000513654 0.00191102 0.999998 -0.00615187 0.0597477 0.0279872
FixedParameters: 0 0 0
