# transform file /out/sourcedata/freesurfer/sub-v2s12x28906_ses-1/mri/transforms/cc_up.lta
# created by oesteban on Wed Mar 11 04:29:49 2026

type      = 0 # LINEAR_VOX_TO_VOX
nxforms   = 1
mean      = 128.0000 113.0000 144.0000
sigma     = 10000.0000
1 4 4
9.982471466064453e-01 -5.900913476943970e-02 -4.533342551440001e-03 8.480042457580566e+00 
5.900852382183075e-02 9.982573986053467e-01 -2.679755561985075e-04 2.777257919311523e+01 
4.541255999356508e-03 -2.910383045673370e-11 9.999896883964539e-01 -1.257013511657715e+01 
0.000000000000000e+00 0.000000000000000e+00 0.000000000000000e+00 1.000000000000000e+00 
src volume info
valid = 1  # volume info valid
filename = /out/sourcedata/freesurfer/sub-v2s12x28906_ses-1/mri/norm.mgz
volume = 256 256 256
voxelsize = 1.000000000000000e+00 1.000000000000000e+00 1.000000000000000e+00
xras   = -1.000000000000000e+00 0.000000000000000e+00 0.000000000000000e+00
yras   = 0.000000000000000e+00 0.000000000000000e+00 -1.000000000000000e+00
zras   = 0.000000000000000e+00 1.000000000000000e+00 0.000000000000000e+00
cras   = 2.609100341796875e+00 5.000000000000000e-01 -1.461700439453125e+01
dst volume info
valid = 1  # volume info valid
filename = /out/sourcedata/freesurfer/sub-v2s12x28906_ses-1/mri/norm.mgz
volume = 256 256 256
voxelsize = 1.000000000000000e+00 1.000000000000000e+00 1.000000000000000e+00
xras   = -1.000000000000000e+00 0.000000000000000e+00 0.000000000000000e+00
yras   = 0.000000000000000e+00 0.000000000000000e+00 -1.000000000000000e+00
zras   = 0.000000000000000e+00 1.000000000000000e+00 0.000000000000000e+00
cras   = 2.609100341796875e+00 5.000000000000000e-01 -1.461700439453125e+01
