# transform file /out/sourcedata/freesurfer/sub-v2s12x28886_ses-1/mri/transforms/cc_up.lta
# created by oesteban on Wed Mar 11 03:07:42 2026

type      = 0 # LINEAR_VOX_TO_VOX
nxforms   = 1
mean      = 129.0000 102.0000 115.0000
sigma     = 10000.0000
1 4 4
9.975657463073730e-01 -5.152688361704350e-03 6.954316049814224e-02 -6.882732391357422e+00 
5.140213295817375e-03 9.999868273735046e-01 3.583389916457236e-04 4.129868698120117e+01 
-6.954408437013626e-02 -2.910383392618066e-11 9.975789785385132e-01 3.224895477294922e+01 
0.000000000000000e+00 0.000000000000000e+00 0.000000000000000e+00 1.000000000000000e+00 
src volume info
valid = 1  # volume info valid
filename = /out/sourcedata/freesurfer/sub-v2s12x28886_ses-1/mri/norm.mgz
volume = 256 256 256
voxelsize = 1.000000000000000e+00 1.000000000000000e+00 1.000000000000000e+00
xras   = -1.000000000000000e+00 0.000000000000000e+00 0.000000000000000e+00
yras   = 0.000000000000000e+00 0.000000000000000e+00 -1.000000000000000e+00
zras   = 0.000000000000000e+00 1.000000000000000e+00 0.000000000000000e+00
cras   = 3.429397583007812e+00 2.100799560546875e+01 1.320007324218750e+00
dst volume info
valid = 1  # volume info valid
filename = /out/sourcedata/freesurfer/sub-v2s12x28886_ses-1/mri/norm.mgz
volume = 256 256 256
voxelsize = 1.000000000000000e+00 1.000000000000000e+00 1.000000000000000e+00
xras   = -1.000000000000000e+00 0.000000000000000e+00 0.000000000000000e+00
yras   = 0.000000000000000e+00 0.000000000000000e+00 -1.000000000000000e+00
zras   = 0.000000000000000e+00 1.000000000000000e+00 0.000000000000000e+00
cras   = 3.429397583007812e+00 2.100799560546875e+01 1.320007324218750e+00
