# transform file /out/sourcedata/freesurfer/sub-v2s12x28873_ses-1/mri/transforms/cc_up.lta
# created by oesteban on Wed Mar 11 00:25:10 2026

type      = 0 # LINEAR_VOX_TO_VOX
nxforms   = 1
mean      = 127.0000 111.0000 132.0000
sigma     = 10000.0000
1 4 4
9.988368153572083e-01 3.313365951180458e-02 3.502886369824409e-02 -6.346193313598633e+00 
-3.311330452561378e-02 9.994508624076843e-01 -1.161272288300097e-03 3.943587493896484e+01 
-3.504810854792595e-02 1.164153079491470e-10 9.993855357170105e-01 6.563565254211426e+00 
0.000000000000000e+00 0.000000000000000e+00 0.000000000000000e+00 1.000000000000000e+00 
src volume info
valid = 1  # volume info valid
filename = /out/sourcedata/freesurfer/sub-v2s12x28873_ses-1/mri/norm.mgz
volume = 256 256 256
voxelsize = 1.000000000000000e+00 1.000000000000000e+00 1.000000000000000e+00
xras   = -1.000000000000000e+00 0.000000000000000e+00 0.000000000000000e+00
yras   = 0.000000000000000e+00 0.000000000000000e+00 -1.000000000000000e+00
zras   = 0.000000000000000e+00 1.000000000000000e+00 0.000000000000000e+00
cras   = 9.684982299804688e-01 5.188003540039062e+00 7.061996459960938e+00
dst volume info
valid = 1  # volume info valid
filename = /out/sourcedata/freesurfer/sub-v2s12x28873_ses-1/mri/norm.mgz
volume = 256 256 256
voxelsize = 1.000000000000000e+00 1.000000000000000e+00 1.000000000000000e+00
xras   = -1.000000000000000e+00 0.000000000000000e+00 0.000000000000000e+00
yras   = 0.000000000000000e+00 0.000000000000000e+00 -1.000000000000000e+00
zras   = 0.000000000000000e+00 1.000000000000000e+00 0.000000000000000e+00
cras   = 9.684982299804688e-01 5.188003540039062e+00 7.061996459960938e+00
