#Insight Transform File V1.0
#Transform 0
Transform: AffineTransform_float_3_3
Parameters: 0.999999 -2.80756e-06 0.00148 1.92431e-07 0.999998 0.001897 -0.00148 -0.001897 0.999997 -0.043386 -0.0674943 0.017156
FixedParameters: 0 0 0

#Transform 1
Transform: AffineTransform_float_3_3
Parameters: 0.999998 -2.67641e-06 0.001595 3.23581e-07 0.999998 0.001678 -0.001595 -0.001678 0.999998 -0.0559165 -0.0491669 0.0160161
FixedParameters: 0 0 0

#Transform 2
Transform: AffineTransform_float_3_3
Parameters: 0.999998 5.2931e-05 0.0015951 -5.60702e-05 0.999998 0.00192491 -0.00159489 -0.00192409 0.999997 -0.05739 -0.0568139 0.0164751
FixedParameters: 0 0 0

#Transform 3
Transform: AffineTransform_float_3_3
Parameters: 0.999998 -2.68279e-06 0.001595 3.17201e-07 0.999998 0.001682 -0.001595 -0.001682 0.999998 -0.0468154 -0.056286 0.0160633
FixedParameters: 0 0 0

#Transform 4
Transform: AffineTransform_float_3_3
Parameters: 0.999998 -0.000420994 0.00159474 0.000420004 0.999999 0.00062467 -0.00159526 -0.000623329 0.999998 -0.0637546 -0.0342295 0.00427682
FixedParameters: 0 0 0

#Transform 5
Transform: AffineTransform_float_3_3
Parameters: 0.999998 -0.000412091 0.00159549 0.000413908 0.999999 -0.00119534 -0.00159551 0.00119666 0.999998 -0.0461851 0.0127046 0.000175735
FixedParameters: 0 0 0

#Transform 6
Transform: AffineTransform_float_3_3
Parameters: 0.999996 -0.00146941 0.00233989 0.00147359 0.999997 -0.00195956 -0.00233711 0.00196344 0.999996 0.0889094 0.0297174 -0.0319345
FixedParameters: 0 0 0

#Transform 7
Transform: AffineTransform_float_3_3
Parameters: 0.999996 -0.00188554 0.00241128 0.00189046 0.999995 -0.00226445 -0.00240672 0.00226855 0.999994 0.163382 0.045091 -0.0329487
FixedParameters: 0 0 0

#Transform 8
Transform: AffineTransform_float_3_3
Parameters: 0.999996 -0.00148077 0.00244279 0.00148723 0.999995 -0.00255038 -0.00243921 0.00255362 0.999994 0.048763 0.0845691 0.0274031
FixedParameters: 0 0 0

#Transform 9
Transform: AffineTransform_float_3_3
Parameters: 0.999999 -0.000818146 0.00162545 0.000822857 0.999995 -0.00298867 -0.00162355 0.00298933 0.999994 0.0115669 0.0739351 -0.0147435
FixedParameters: 0 0 0

#Transform 10
Transform: AffineTransform_float_3_3
Parameters: 0.999999 -0.00104379 0.000679861 0.00104521 0.999998 -0.00178129 -0.000678138 0.00178271 0.999998 0.113049 0.0248621 -0.058909
FixedParameters: 0 0 0

#Transform 11
Transform: AffineTransform_float_3_3
Parameters: 0.999998 -0.00113322 0.00120679 0.00113378 1 0.000182369 -0.00120721 -0.000180632 1 0.0778602 -0.0323107 -0.0159288
FixedParameters: 0 0 0

#Transform 12
Transform: AffineTransform_float_3_3
Parameters: 0.999999 -0.000414881 0.000784534 0.000414118 1 0.00112333 -0.000785465 -0.00112267 0.999999 0.000427343 -0.0416323 0.0327551
FixedParameters: 0 0 0

#Transform 13
Transform: AffineTransform_float_3_3
Parameters: 0.999999 -0.000492059 0.000784336 0.000490942 0.999999 0.00134939 -0.000784663 -0.00134961 0.999999 0.00778598 -0.0513039 0.0141329
FixedParameters: 0 0 0

#Transform 14
Transform: AffineTransform_float_3_3
Parameters: 0.999999 -0.000115927 0.000923884 0.000115072 0.999999 0.00100411 -0.000924116 -0.00100389 0.999999 0.00275724 -0.0352912 0.0127139
FixedParameters: 0 0 0

#Transform 15
Transform: AffineTransform_float_3_3
Parameters: 0.999999 -0.00018872 0.000784827 0.000187279 0.999999 0.000918147 -0.000785172 -0.000917852 1 0.00346758 -0.0361575 0.0067825
FixedParameters: 0 0 0

#Transform 16
Transform: AffineTransform_float_3_3
Parameters: 0.999999 -0.00110733 0.000523305 0.00110767 0.999999 0.00062758 -0.000524694 -0.000626419 0.999999 0.132712 -0.0190284 0.0153209
FixedParameters: 0 0 0

#Transform 17
Transform: AffineTransform_float_3_3
Parameters: 1 -0.000285991 7.0038e-05 0.000286009 1 -0.00013298 -6.9962e-05 0.00013302 1 0.0157143 0.00609848 0.0169516
FixedParameters: 0 0 0

#Transform 18
Transform: AffineTransform_float_3_3
Parameters: 1 -0.000296981 7.00799e-05 0.000297019 1 -0.000268979 -6.99201e-05 0.000269021 1 0.0133663 0.0101495 0.0167912
FixedParameters: 0 0 0

#Transform 19
Transform: AffineTransform_float_3_3
Parameters: 1 -8.29967e-05 -4.40062e-05 8.30033e-05 1 7.49963e-05 4.39938e-05 -7.50037e-05 1 0.00824952 -0.00934473 -0.00325576
FixedParameters: 0 0 0

#Transform 20
Transform: AffineTransform_float_3_3
Parameters: 1 -7.79822e-05 7.00198e-05 7.80178e-05 1 -0.000253995 -6.99802e-05 0.000254005 1 -3.69479e-05 0.00817452 -0.00457866
FixedParameters: 0 0 0

#Transform 21
Transform: AffineTransform_float_3_3
Parameters: 1 -0.000321809 0.000282217 0.00032219 0.999999 -0.000675909 -0.000281782 0.00067609 0.999999 -0.00806251 0.0222745 0.0348078
FixedParameters: 0 0 0

#Transform 22
Transform: AffineTransform_float_3_3
Parameters: 1 -0.000113169 0.000503962 0.000112831 1 0.000336057 -0.000504038 -0.000335943 1 -0.0148836 -0.00888962 0.0350424
FixedParameters: 0 0 0

#Transform 23
Transform: AffineTransform_float_3_3
Parameters: 1 0.000192914 7.02381e-05 -0.000193088 0.999999 0.00123399 -7.07618e-05 -0.00123401 0.999999 -0.00957988 -0.0373511 0.0280068
FixedParameters: 0 0 0

#Transform 24
Transform: AffineTransform_float_3_3
Parameters: 1 -0.000312101 6.95481e-05 0.000312898 0.999999 0.00144802 -7.04531e-05 -0.00144798 0.999999 -0.0171112 -0.0400612 0.0741092
FixedParameters: 0 0 0

#Transform 25
Transform: AffineTransform_float_3_3
Parameters: 1 -0.000312105 6.95297e-05 0.000312894 0.999999 0.00150702 -7.04716e-05 -0.00150698 0.999999 -0.0226146 -0.0418033 0.0901488
FixedParameters: 0 0 0

#Transform 26
Transform: AffineTransform_float_3_3
Parameters: 1 -0.000312186 0.000150615 0.000312815 0.999999 0.00123405 -0.000150386 -0.00123395 0.999999 -0.0184497 -0.027519 0.0734218
FixedParameters: 0 0 0

#Transform 27
Transform: AffineTransform_float_3_3
Parameters: 1 0.000325913 7.04022e-05 -0.000326087 0.999999 0.00123398 -7.05977e-05 -0.00123402 0.999999 -0.0331492 -0.02545 0.0586848
FixedParameters: 0 0 0

#Transform 28
Transform: AffineTransform_float_3_3
Parameters: 1 8.85756e-05 -0.000344852 -8.7424e-05 0.999998 0.00166903 0.000345146 -0.00166897 0.999998 -0.028684 0.00998549 0.0936747
FixedParameters: 0 0 0

#Transform 29
Transform: AffineTransform_float_3_3
Parameters: 1 0.000284867 -0.000446448 -0.000284134 0.999998 0.00194113 0.000446552 -0.00194087 0.999998 -0.014912 -0.00621506 0.0880931
FixedParameters: 0 0 0

#Transform 30
Transform: AffineTransform_float_3_3
Parameters: 0.999999 0.000274933 -0.000755661 -0.000274067 0.999999 0.00123421 0.000756338 -0.00123379 0.999999 -0.0194306 0.0282204 0.109941
FixedParameters: 0 0 0

#Transform 31
Transform: AffineTransform_float_3_3
Parameters: 1 0.000333934 -0.00054643 -0.000333064 0.999998 0.00170918 0.00054757 -0.00170882 0.999999 -0.0168714 0.000434945 0.124535
FixedParameters: 0 0 0

#Transform 32
Transform: AffineTransform_float_3_3
Parameters: 1 0.000448685 0.000145971 -0.000449315 0.999997 0.00216393 -0.000145028 -0.00216406 0.999997 -0.0540099 -0.013822 0.129068
FixedParameters: 0 0 0

#Transform 33
Transform: AffineTransform_float_3_3
Parameters: 0.999999 0.000361811 -0.000752131 -0.000359186 0.999997 0.00240727 0.000753866 -0.00240673 0.999997 -0.0337994 -0.0202991 0.136496
FixedParameters: 0 0 0

#Transform 34
Transform: AffineTransform_float_3_3
Parameters: 1 0.000503737 -0.000378019 -0.000502263 0.999998 0.00194819 0.000378979 -0.00194781 0.999998 -0.0460679 -0.00772212 0.156785
FixedParameters: 0 0 0

#Transform 35
Transform: AffineTransform_float_3_3
Parameters: 1 -0.000310905 -0.000362941 0.000312095 0.999996 0.00301989 0.000362059 -0.00302012 0.999996 -0.0362733 -0.0382368 0.133092
FixedParameters: 0 0 0

#Transform 36
Transform: AffineTransform_float_3_3
Parameters: 1 -0.000312495 0.000143931 0.000312505 0.999994 0.00342305 -0.000145071 -0.00342296 0.999994 -0.054775 -0.0456407 0.142826
FixedParameters: 0 0 0

#Transform 37
Transform: AffineTransform_float_3_3
Parameters: 1 -0.000312463 0.000143999 0.000312537 0.999995 0.00320504 -0.000145002 -0.00320495 0.999995 -0.0605303 -0.017483 0.139247
FixedParameters: 0 0 0

#Transform 38
Transform: AffineTransform_float_3_3
Parameters: 1 -0.000311088 -0.000267066 0.000312912 0.999994 0.00342292 0.00026593 -0.00342308 0.999994 -0.0409013 -0.0237958 0.158909
FixedParameters: 0 0 0

#Transform 39
Transform: AffineTransform_float_3_3
Parameters: 1 0.00010896 -0.000317672 -0.000108039 0.999996 0.00302104 0.000318328 -0.00302097 0.999996 -0.0531466 -0.0150237 0.140876
FixedParameters: 0 0 0

#Transform 40
Transform: AffineTransform_float_3_3
Parameters: 0.999999 -0.000166476 -0.00068937 0.000168523 0.999997 0.00221088 0.000688629 -0.00221111 0.999998 -0.0287489 -0.00978077 0.153485
FixedParameters: 0 0 0

#Transform 41
Transform: AffineTransform_float_3_3
Parameters: 0.999999 0.000405235 -0.000813891 -0.000402765 0.999996 0.00274433 0.000815108 -0.00274467 0.999996 -0.0300615 -0.0350476 0.132939
FixedParameters: 0 0 0

#Transform 42
Transform: AffineTransform_float_3_3
Parameters: 0.999999 0.000487961 -0.000687612 -0.00048604 0.999996 0.00284933 0.000688387 -0.00284866 0.999995 -0.0299413 -0.0422552 0.140281
FixedParameters: 0 0 0

#Transform 43
Transform: AffineTransform_float_3_3
Parameters: 0.999999 0.000549923 -0.000687466 -0.000548079 0.999996 0.00279338 0.000688534 -0.00279362 0.999996 -0.0337694 -0.0252424 0.132095
FixedParameters: 0 0 0

#Transform 44
Transform: AffineTransform_float_3_3
Parameters: 1 0.000357375 -0.00109991 -0.000354625 0.999995 0.00306739 0.00110109 -0.00306661 0.999994 -0.0174603 -0.0180145 0.135319
FixedParameters: 0 0 0

#Transform 45
Transform: AffineTransform_float_3_3
Parameters: 0.999999 0.000584545 -0.00124334 -0.000580456 0.999996 0.00284972 0.00124466 -0.00284927 0.999995 -0.0282836 -0.0235956 0.135904
FixedParameters: 0 0 0

#Transform 46
Transform: AffineTransform_float_3_3
Parameters: 0.999999 0.00026403 -0.00141425 -0.000259967 0.999996 0.00284937 0.00141575 -0.00284863 0.999995 -0.00811372 -0.0414356 0.137096
FixedParameters: 0 0 0

#Transform 47
Transform: AffineTransform_float_3_3
Parameters: 0.999997 0.000528086 -0.00235008 -0.000523914 0.999999 0.00173924 0.00235091 -0.00173776 0.999995 0.00130848 -0.00744988 0.156444
FixedParameters: 0 0 0

#Transform 48
Transform: AffineTransform_float_3_3
Parameters: 0.999997 0.000739609 -0.00234862 -0.00073239 0.999994 0.00323873 0.00235138 -0.00323727 0.999992 0.00415539 -0.0679637 0.144278
FixedParameters: 0 0 0

#Transform 49
Transform: AffineTransform_float_3_3
Parameters: 0.999997 0.000741056 -0.00234816 -0.000731946 0.999993 0.00385473 0.00235084 -0.00385327 0.99999 0.000933136 -0.0860494 0.153213
FixedParameters: 0 0 0

#Transform 50
Transform: AffineTransform_float_3_3
Parameters: 0.999998 0.000737763 -0.00181667 -0.000732235 0.999994 0.00317134 0.00181933 -0.00316966 0.999994 -0.0146498 -0.0659847 0.140463
FixedParameters: 0 0 0

#Transform 51
Transform: AffineTransform_float_3_3
Parameters: 0.999999 0.000323278 -0.00174885 -0.000316722 0.999993 0.00358856 0.00175015 -0.00358844 0.999992 -0.0159619 -0.0607403 0.155648
FixedParameters: 0 0 0

#Transform 52
Transform: AffineTransform_float_3_3
Parameters: 0.999998 0.000788983 -0.00172528 -0.000783013 0.999993 0.00346636 0.00172872 -0.00346464 0.999993 -0.0173487 -0.0545288 0.139956
FixedParameters: 0 0 0

#Transform 53
Transform: AffineTransform_float_3_3
Parameters: 0.999999 0.000323207 -0.00179089 -0.000316792 0.999994 0.00346557 0.00179211 -0.00346443 0.999993 -0.0326212 -0.0513227 0.162586
FixedParameters: 0 0 0

#Transform 54
Transform: AffineTransform_float_3_3
Parameters: 0.999998 0.000584672 -0.00221299 -0.000577327 0.999994 0.00346628 0.00221501 -0.00346471 0.999991 -0.0207098 -0.0451855 0.177356
FixedParameters: 0 0 0

#Transform 55
Transform: AffineTransform_float_3_3
Parameters: 0.999998 0.000833477 -0.00190274 -0.000826523 0.999992 0.00392658 0.00190626 -0.00392542 0.99999 -0.0302672 -0.0683595 0.174988
FixedParameters: 0 0 0

#Transform 56
Transform: AffineTransform_float_3_3
Parameters: 0.999997 0.000748769 -0.00234854 -0.000740231 0.999995 0.00330675 0.00235146 -0.00330525 0.999992 -0.0170872 -0.0495252 0.17493
FixedParameters: 0 0 0

#Transform 57
Transform: AffineTransform_float_3_3
Parameters: 0.999997 0.00106878 -0.0019237 -0.00106122 0.999992 0.00404105 0.0019273 -0.00403895 0.99999 -0.030117 -0.0732864 0.174284
FixedParameters: 0 0 0

#Transform 58
Transform: AffineTransform_float_3_3
Parameters: 0.999998 0.00104291 -0.00180015 -0.0010301 0.999977 0.00660186 0.00180684 -0.00660013 0.999976 -0.0338872 -0.148025 0.223049
FixedParameters: 0 0 0

#Transform 59
Transform: AffineTransform_float_3_3
Parameters: 0.999998 0.000945167 -0.00171736 -0.000932834 0.999974 0.00707261 0.00172364 -0.00707038 0.999973 -0.0359888 -0.14676 0.195696
FixedParameters: 0 0 0

#Transform 60
Transform: AffineTransform_float_3_3
Parameters: 0.999998 0.00076375 -0.0019681 -0.000751251 0.999979 0.00647049 0.0019729 -0.00646951 0.999977 -0.0461067 -0.142455 0.204994
FixedParameters: 0 0 0

#Transform 61
Transform: AffineTransform_float_3_3
Parameters: 0.999998 0.000792049 -0.00192007 -0.000779952 0.99998 0.00626751 0.00192492 -0.00626649 0.999978 -0.0476088 -0.129589 0.208771
FixedParameters: 0 0 0

#Transform 62
Transform: AffineTransform_float_3_3
Parameters: 0.999997 0.00102774 -0.00186558 -0.00101627 0.99998 0.00628191 0.00187142 -0.00628009 0.999978 -0.0495032 -0.124433 0.185626
FixedParameters: 0 0 0

#Transform 63
Transform: AffineTransform_float_3_3
Parameters: 0.999997 0.000522199 -0.00234767 -0.000506798 0.999979 0.00647021 0.00235133 -0.00646879 0.999977 -0.034663 -0.140452 0.261824
FixedParameters: 0 0 0

#Transform 64
Transform: AffineTransform_float_3_3
Parameters: 0.999996 0.00111986 -0.00234302 -0.00110314 0.999973 0.00718361 0.00235098 -0.00718139 0.999972 -0.0433858 -0.150193 0.227287
FixedParameters: 0 0 0

#Transform 65
Transform: AffineTransform_float_3_3
Parameters: 0.999997 0.000915861 -0.00234448 -0.000899134 0.999974 0.00718313 0.00235152 -0.00718087 0.999972 -0.0353688 -0.149452 0.235601
FixedParameters: 0 0 0

#Transform 66
Transform: AffineTransform_float_3_3
Parameters: 0.999998 0.000732967 -0.00213391 -0.000715041 0.999965 0.00840855 0.00213909 -0.00840646 0.999963 -0.0441638 -0.16649 0.292761
FixedParameters: 0 0 0

#Transform 67
Transform: AffineTransform_float_3_3
Parameters: 0.999997 0.000817768 -0.00234454 -0.000799228 0.999967 0.0079949 0.00235146 -0.0079931 0.999966 -0.0456567 -0.151316 0.272065
FixedParameters: 0 0 0

#Transform 68
Transform: AffineTransform_float_3_3
Parameters: 0.999996 0.00102795 -0.00234278 -0.00100905 0.999967 0.00807439 0.00235122 -0.00807261 0.999964 -0.0356292 -0.132013 0.248491
FixedParameters: 0 0 0

#Transform 69
Transform: AffineTransform_float_3_3
Parameters: 0.999997 0.000972015 -0.00244915 -0.000951981 0.999967 0.00815936 0.00245785 -0.00815764 0.999963 -0.0508258 -0.134057 0.262309
FixedParameters: 0 0 0

#Transform 70
Transform: AffineTransform_float_3_3
Parameters: 0.999996 0.00108895 -0.00234183 -0.00106905 0.999964 0.00850254 0.00235117 -0.00850047 0.999961 -0.0542712 -0.144923 0.258532
FixedParameters: 0 0 0

#Transform 71
Transform: AffineTransform_float_3_3
Parameters: 0.999997 0.00136062 -0.0023397 -0.00134138 0.999964 0.00836417 0.0023513 -0.00836183 0.999963 -0.0546873 -0.142782 0.2548
FixedParameters: 0 0 0

#Transform 72
Transform: AffineTransform_float_3_3
Parameters: 0.999996 0.00143148 -0.0023398 -0.00141352 0.999968 0.00788034 0.00235121 -0.00787667 0.999966 -0.0505733 -0.151439 0.225932
FixedParameters: 0 0 0

#Transform 73
Transform: AffineTransform_float_3_3
Parameters: 0.999996 0.00141121 -0.00254992 -0.00139079 0.999967 0.00790957 0.00256108 -0.00790641 0.999965 -0.0487593 -0.148693 0.259677
FixedParameters: 0 0 0

#Transform 74
Transform: AffineTransform_float_3_3
Parameters: 0.999997 0.00139618 -0.00233966 -0.00137782 0.999965 0.00817825 0.00235134 -0.00817474 0.999964 -0.0547322 -0.156373 0.249646
FixedParameters: 0 0 0

#Transform 75
Transform: AffineTransform_float_3_3
Parameters: 0.999996 0.00097337 -0.00257904 -0.000951633 0.999966 0.00827349 0.00258696 -0.00827152 0.999963 -0.047108 -0.16039 0.272638
FixedParameters: 0 0 0

#Transform 76
Transform: AffineTransform_float_3_3
Parameters: 0.999997 0.00097201 -0.00245116 -0.000951995 0.999967 0.00815036 0.00245884 -0.00814864 0.999964 -0.0529963 -0.146346 0.297442
FixedParameters: 0 0 0

#Transform 77
Transform: AffineTransform_float_3_3
Parameters: 0.999996 0.000974127 -0.0025948 -0.000951879 0.999964 0.00851551 0.0026022 -0.0085125 0.999961 -0.0467532 -0.144083 0.304334
FixedParameters: 0 0 0

#Transform 78
Transform: AffineTransform_float_3_3
Parameters: 0.999996 0.000974621 -0.0026528 -0.000951377 0.999964 0.00851556 0.0026612 -0.00851244 0.99996 -0.0449551 -0.147573 0.276057
FixedParameters: 0 0 0

#Transform 79
Transform: AffineTransform_float_3_3
Parameters: 0.999997 0.00127697 -0.00234021 -0.00125703 0.999963 0.00851597 0.00235079 -0.00851203 0.999961 -0.0486378 -0.146173 0.292756
FixedParameters: 0 0 0

#Transform 80
Transform: AffineTransform_float_3_3
Parameters: 0.999996 0.00112117 -0.00259955 -0.00109882 0.999963 0.00851589 0.00260945 -0.00851211 0.999961 -0.0467623 -0.145118 0.294568
FixedParameters: 0 0 0

#Transform 81
Transform: AffineTransform_float_3_3
Parameters: 0.999996 0.00148155 -0.00240747 -0.00146144 0.999962 0.00851655 0.00242053 -0.00851244 0.999961 -0.0494423 -0.147873 0.261504
FixedParameters: 0 0 0

#Transform 82
Transform: AffineTransform_float_3_3
Parameters: 0.999996 0.000970431 -0.00246181 -0.000951567 0.999972 0.00747737 0.00246918 -0.00747463 0.999969 -0.0506646 -0.113697 0.291565
FixedParameters: 0 0 0

#Transform 83
Transform: AffineTransform_float_3_3
Parameters: 0.999992 0.00182732 -0.00334691 -0.00180468 0.999976 0.00666009 0.00335909 -0.00665391 0.999972 -0.0805575 -0.095416 0.295931
FixedParameters: 0 0 0

#Transform 84
Transform: AffineTransform_float_3_3
Parameters: 0.999997 0.00105164 -0.00249606 -0.00103537 0.999978 0.00665661 0.00250295 -0.00665439 0.999974 -0.00682101 -0.0969781 0.313853
FixedParameters: 0 0 0

#Transform 85
Transform: AffineTransform_float_3_3
Parameters: 0.999998 -0.000271585 -0.00223355 0.000284416 0.999985 0.00555938 0.00223245 -0.00556062 0.999982 0.0316394 -0.0491389 0.303229
FixedParameters: 0 0 0

#Transform 86
Transform: AffineTransform_float_3_3
Parameters: 0.999999 0.000254025 -0.00143526 -0.000243976 0.999975 0.00698135 0.00143674 -0.00698064 0.999974 -0.0426743 -0.101811 0.285504
FixedParameters: 0 0 0

#Transform 87
Transform: AffineTransform_float_3_3
Parameters: 0.999997 0.000410166 -0.00209127 -0.000395836 0.999977 0.00676984 0.00209373 -0.00676916 0.999975 -0.047993 -0.0995135 0.304293
FixedParameters: 0 0 0

#Transform 88
Transform: AffineTransform_float_3_3
Parameters: 0.999997 0.000528561 -0.00208411 -0.000513439 0.999972 0.00746009 0.00208789 -0.00745891 0.99997 -0.0433619 -0.128429 0.305613
FixedParameters: 0 0 0

#Transform 89
Transform: AffineTransform_float_3_3
Parameters: 0.999996 0.000461854 -0.00297184 -0.000441147 0.999976 0.00701334 0.00297517 -0.00701266 0.999971 -0.017245 -0.0965706 0.341955
FixedParameters: 0 0 0

#Transform 90
Transform: AffineTransform_float_3_3
Parameters: 0.999997 0.000591626 -0.0024623 -0.000576374 0.999979 0.00634244 0.0024657 -0.00634056 0.999977 -0.0325759 -0.0680616 0.378365
FixedParameters: 0 0 0

#Transform 91
Transform: AffineTransform_float_3_3
Parameters: 0.999997 0.000593158 -0.00259013 -0.000576842 0.999978 0.00662052 0.00259388 -0.00661848 0.999974 -0.0427311 -0.0668323 0.359311
FixedParameters: 0 0 0

#Transform 92
Transform: AffineTransform_float_3_3
Parameters: 0.999996 0.00108424 -0.00254155 -0.00106876 0.999982 0.00599174 0.00254745 -0.00598826 0.999979 -0.0484035 -0.0493823 0.326577
FixedParameters: 0 0 0

#Transform 93
Transform: AffineTransform_float_3_3
Parameters: 0.999996 0.00104613 -0.00257009 -0.00102887 0.999978 0.00665667 0.0025769 -0.00665433 0.999974 -0.04748 -0.0685669 0.337435
FixedParameters: 0 0 0

#Transform 94
Transform: AffineTransform_float_3_3
Parameters: 0.999995 0.00127909 -0.00296599 -0.00125791 0.999974 0.00710177 0.00297501 -0.00709823 0.999971 -0.0363199 -0.0831653 0.344734
FixedParameters: 0 0 0

#Transform 95
Transform: AffineTransform_float_3_3
Parameters: 0.999995 0.00126777 -0.00296579 -0.00124623 0.999973 0.00733173 0.00297521 -0.00732827 0.999968 -0.0361835 -0.090065 0.316412
FixedParameters: 0 0 0

#Transform 96
Transform: AffineTransform_float_3_3
Parameters: 0.999994 0.00141017 -0.00296409 -0.00138683 0.999968 0.00780415 0.00297491 -0.00779984 0.999965 -0.0365438 -0.120815 0.316577
FixedParameters: 0 0 0

#Transform 97
Transform: AffineTransform_float_3_3
Parameters: 0.999995 0.00126818 -0.00296561 -0.00124582 0.999972 0.00746773 0.00297538 -0.00746427 0.999967 -0.0362323 -0.132636 0.313619
FixedParameters: 0 0 0

#Transform 98
Transform: AffineTransform_float_3_3
Parameters: 0.999996 0.0013235 -0.00257859 -0.0013055 0.999973 0.00716339 0.00258842 -0.0071606 0.999971 -0.0539453 -0.115623 0.3136
FixedParameters: 0 0 0

#Transform 99
Transform: AffineTransform_float_3_3
Parameters: 0.999996 0.00132229 -0.00253403 -0.00130272 0.999971 0.00759633 0.00254397 -0.00759367 0.999968 -0.058985 -0.114127 0.314578
FixedParameters: 0 0 0

#Transform 100
Transform: AffineTransform_float_3_3
Parameters: 0.999996 0.00132746 -0.00275275 -0.00130653 0.999969 0.00778463 0.00276325 -0.00778037 0.999966 -0.0355522 -0.113259 0.301657
FixedParameters: 0 0 0

#Transform 101
Transform: AffineTransform_float_3_3
Parameters: 0.999995 0.00126912 -0.00296521 -0.00124588 0.999969 0.00778474 0.00297479 -0.00778127 0.999966 -0.0489749 -0.11239 0.354561
FixedParameters: 0 0 0

#Transform 102
Transform: AffineTransform_float_3_3
Parameters: 0.999995 0.000909487 -0.00307858 -0.000884511 0.999966 0.00826977 0.00308642 -0.00826724 0.999961 -0.0488523 -0.107313 0.402539
FixedParameters: 0 0 0

#Transform 103
Transform: AffineTransform_float_3_3
Parameters: 0.999995 0.000938824 -0.00302049 -0.000911172 0.999958 0.0091998 0.00302951 -0.00919721 0.999953 -0.0506145 -0.124113 0.410629
FixedParameters: 0 0 0

#Transform 104
Transform: AffineTransform_float_3_3
Parameters: 0.999997 0.00126835 -0.00230283 -0.00124665 0.999953 0.00968191 0.00231518 -0.00967911 0.999951 -0.0609391 -0.149236 0.388871
FixedParameters: 0 0 0

#Transform 105
Transform: AffineTransform_float_3_3
Parameters: 0.999996 0.00126942 -0.00226604 -0.00124658 0.999946 0.0103049 0.00227897 -0.0103021 0.999945 -0.0733177 -0.167595 0.380822
FixedParameters: 0 0 0

#Transform 106
Transform: AffineTransform_float_3_3
Parameters: 0.999996 0.00127223 -0.00252596 -0.00124577 0.999945 0.0103602 0.00253904 -0.0103568 0.999943 -0.0655565 -0.180975 0.353312
FixedParameters: 0 0 0

#Transform 107
Transform: AffineTransform_float_3_3
Parameters: 0.999995 0.0015013 -0.00295884 -0.0014687 0.999939 0.0108874 0.00297517 -0.0108836 0.999937 -0.0518651 -0.197101 0.400796
FixedParameters: 0 0 0

#Transform 108
Transform: AffineTransform_float_3_3
Parameters: 0.999996 0.0012736 -0.0025303 -0.00124641 0.99994 0.0108772 0.00254371 -0.0108748 0.999937 -0.0691599 -0.184456 0.397587
FixedParameters: 0 0 0

#Transform 109
Transform: AffineTransform_float_3_3
Parameters: 0.999995 0.00128091 -0.00296014 -0.0012461 0.99993 0.0117638 0.00297486 -0.0117603 0.999927 -0.0713717 -0.181262 0.421411
FixedParameters: 0 0 0

#Transform 110
Transform: AffineTransform_float_3_3
Parameters: 0.999995 0.00127926 -0.00296085 -0.00124674 0.999937 0.0112088 0.00297516 -0.0112053 0.999933 -0.0714069 -0.179655 0.432581
FixedParameters: 0 0 0

#Transform 111
Transform: AffineTransform_float_3_3
Parameters: 0.999995 0.00099219 -0.00296313 -0.000956812 0.999925 0.0121899 0.00297488 -0.0121871 0.999922 -0.0708262 -0.194572 0.450819
FixedParameters: 0 0 0

#Transform 112
Transform: AffineTransform_float_3_3
Parameters: 0.999994 0.00128176 -0.00303615 -0.00124624 0.99993 0.0117509 0.00305085 -0.0117472 0.999927 -0.0692323 -0.185323 0.436701
FixedParameters: 0 0 0

#Transform 113
Transform: AffineTransform_float_3_3
Parameters: 0.999995 0.00128084 -0.00296016 -0.00124616 0.999931 0.0117427 0.00297483 -0.0117393 0.999926 -0.0620279 -0.186847 0.42487
FixedParameters: 0 0 0

#Transform 114
Transform: AffineTransform_float_3_3
Parameters: 0.999995 0.00128343 -0.00295904 -0.00124657 0.999919 0.0126177 0.00297496 -0.0126142 0.999916 -0.071538 -0.21097 0.464873
FixedParameters: 0 0 0

#Transform 115
Transform: AffineTransform_float_3_3
Parameters: 0.999995 0.00106286 -0.00318835 -0.00102114 0.999913 0.0131033 0.00320165 -0.0130997 0.999909 -0.0747003 -0.211599 0.495442
FixedParameters: 0 0 0

#Transform 116
Transform: AffineTransform_float_3_3
Parameters: 0.999993 0.00128974 -0.00329521 -0.00124625 0.999911 0.0132412 0.00331279 -0.0132368 0.999907 -0.072253 -0.229392 0.491616
FixedParameters: 0 0 0

#Transform 117
Transform: AffineTransform_float_3_3
Parameters: 0.999995 0.00128387 -0.00295885 -0.00124613 0.999918 0.0127648 0.00297515 -0.0127602 0.999914 -0.0754271 -0.220757 0.462136
FixedParameters: 0 0 0

#Transform 118
Transform: AffineTransform_float_3_3
Parameters: 0.999994 0.00129601 -0.00342952 -0.00124599 0.999894 0.0145434 0.00344848 -0.0145386 0.999889 -0.0797041 -0.264672 0.515661
FixedParameters: 0 0 0

#Transform 119
Transform: AffineTransform_float_3_3
Parameters: 0.999995 0.00121288 -0.00295857 -0.00117213 0.999905 0.0137805 0.00297443 -0.0137775 0.9999 -0.0934253 -0.235263 0.510747
FixedParameters: 0 0 0

#Transform 120
Transform: AffineTransform_float_3_3
Parameters: 0.999996 0.000738655 -0.00296564 -0.000700341 0.999915 0.0130141 0.00297537 -0.0130119 0.999911 -0.0396644 -0.218513 0.475384
FixedParameters: 0 0 0

#Transform 121
Transform: AffineTransform_float_3_3
Parameters: 0.999994 0.000255224 -0.003502 -0.000209777 0.999916 0.0129078 0.003505 -0.0129072 0.99991 -0.0231472 -0.193558 0.495407
FixedParameters: 0 0 0

#Transform 122
Transform: AffineTransform_float_3_3
Parameters: 0.999992 -0.000294612 -0.00395226 0.000347397 0.999912 0.0132607 0.00394874 -0.0132623 0.999905 0.0794148 -0.20014 0.510262
FixedParameters: 0 0 0

#Transform 123
Transform: AffineTransform_float_3_3
Parameters: 0.999992 0.000263975 -0.00400781 -0.000210022 0.99991 0.013462 0.00401119 -0.0134611 0.999902 0.0140819 -0.217476 0.479874
FixedParameters: 0 0 0

#Transform 124
Transform: AffineTransform_float_3_3
Parameters: 0.999992 0.000825572 -0.00396862 -0.000774422 0.999916 0.0129792 0.00397938 -0.0129758 0.999908 -0.0146612 -0.21767 0.463131
FixedParameters: 0 0 0

#Transform 125
Transform: AffineTransform_float_3_3
Parameters: 0.999994 0.000931848 -0.00315851 -0.000891143 0.999921 0.0125949 0.00317047 -0.0125911 0.999915 -0.0387257 -0.203989 0.456806
FixedParameters: 0 0 0

#Transform 126
Transform: AffineTransform_float_3_3
Parameters: 0.999993 0.000936932 -0.00342603 -0.000891068 0.999914 0.0130931 0.00343796 -0.0130899 0.999909 -0.0308322 -0.2248 0.442029
FixedParameters: 0 0 0

#Transform 127
Transform: AffineTransform_float_3_3
Parameters: 0.999993 0.00086494 -0.003809 -0.00081406 0.999914 0.0130932 0.00381999 -0.0130898 0.999907 -0.0391064 -0.204138 0.48354
FixedParameters: 0 0 0

#Transform 128
Transform: AffineTransform_float_3_3
Parameters: 0.999992 0.000647227 -0.00378876 -0.000596772 0.999912 0.0132424 0.00379723 -0.0132406 0.999905 -0.0393991 -0.22682 0.48391
FixedParameters: 0 0 0

#Transform 129
Transform: AffineTransform_float_3_3
Parameters: 0.999992 0.000624148 -0.00378461 -0.000570846 0.999902 0.0140283 0.00379338 -0.0140257 0.999894 -0.0394093 -0.249641 0.485485
FixedParameters: 0 0 0

#Transform 130
Transform: AffineTransform_float_3_3
Parameters: 0.999992 0.000582006 -0.00395617 -0.000525999 0.9999 0.0141422 0.00396384 -0.0141408 0.999892 -0.0262617 -0.230653 0.489386
FixedParameters: 0 0 0

#Transform 131
Transform: AffineTransform_float_3_3
Parameters: 0.999992 0.000415641 -0.00397958 -0.000360356 0.999903 0.0139715 0.00398542 -0.0139705 0.999894 -0.0333709 -0.229842 0.529842
FixedParameters: 0 0 0

#Transform 132
Transform: AffineTransform_float_3_3
Parameters: 0.999991 0.000948641 -0.00396688 -0.000891354 0.999898 0.0142566 0.00398011 -0.0142523 0.99989 -0.0270732 -0.258591 0.478676
FixedParameters: 0 0 0

#Transform 133
Transform: AffineTransform_float_3_3
Parameters: 0.999991 0.000950211 -0.004117 -0.00089179 0.9999 0.0141178 0.00413 -0.0141142 0.999892 -0.0302324 -0.23675 0.496966
FixedParameters: 0 0 0

#Transform 134
Transform: AffineTransform_float_3_3
Parameters: 0.999991 0.000950708 -0.00410384 -0.00089129 0.999897 0.0142838 0.00411715 -0.0142802 0.999889 -0.0500557 -0.232841 0.542693
FixedParameters: 0 0 0

#Transform 135
Transform: AffineTransform_float_3_3
Parameters: 0.999991 0.000954009 -0.00414923 -0.000891995 0.999889 0.0149208 0.00416277 -0.0149172 0.99988 -0.0531528 -0.251197 0.53591
FixedParameters: 0 0 0

#Transform 136
Transform: AffineTransform_float_3_3
Parameters: 0.999991 0.00095284 -0.00395383 -0.000891158 0.999881 0.0153606 0.00396816 -0.0153573 0.999874 -0.049063 -0.27618 0.495035
FixedParameters: 0 0 0

#Transform 137
Transform: AffineTransform_float_3_3
Parameters: 0.999992 0.00166018 -0.00368591 -0.00160082 0.99987 0.016 0.00371208 -0.015994 0.999865 -0.0664289 -0.303798 0.509395
FixedParameters: 0 0 0

#Transform 138
Transform: AffineTransform_float_3_3
Parameters: 0.999991 0.00166565 -0.00386779 -0.00160035 0.99986 0.0166583 0.0038952 -0.0166527 0.999854 -0.0634294 -0.325468 0.512853
FixedParameters: 0 0 0

#Transform 139
Transform: AffineTransform_float_3_3
Parameters: 0.999992 0.00166513 -0.00368368 -0.00160087 0.999849 0.017343 0.00371232 -0.017337 0.999843 -0.0697714 -0.315595 0.512526
FixedParameters: 0 0 0

#Transform 140
Transform: AffineTransform_float_3_3
Parameters: 0.999991 0.00103505 -0.00412984 -0.00096396 0.999852 0.0171701 0.00414616 -0.0171659 0.999844 -0.0724484 -0.295666 0.570552
FixedParameters: 0 0 0

#Transform 141
Transform: AffineTransform_float_3_3
Parameters: 0.999989 0.000504791 -0.00450578 -0.000425209 0.999844 0.0176911 0.00451423 -0.0176899 0.999834 -0.0606616 -0.307035 0.626539
FixedParameters: 0 0 0

#Transform 142
Transform: AffineTransform_float_3_3
Parameters: 0.999991 0.000809677 -0.00431749 -0.000734312 0.999846 0.0175013 0.00433151 -0.0174976 0.999837 -0.0333992 -0.291508 0.58273
FixedParameters: 0 0 0

#Transform 143
Transform: AffineTransform_float_3_3
Parameters: 0.99999 0.000505046 -0.00456987 -0.000424952 0.999847 0.0175001 0.00457814 -0.0174979 0.999837 -0.0406674 -0.284777 0.590129
FixedParameters: 0 0 0

#Transform 144
Transform: AffineTransform_float_3_3
Parameters: 0.999991 0.000505799 -0.00434937 -0.000425189 0.999827 0.018558 0.00435864 -0.018556 0.999819 -0.0651789 -0.301231 0.631823
FixedParameters: 0 0 0

#Transform 145
Transform: AffineTransform_float_3_3
Parameters: 0.999991 0.000627244 -0.00414565 -0.000546752 0.999813 0.0193284 0.00415734 -0.0193266 0.999804 -0.0496624 -0.333229 0.619875
FixedParameters: 0 0 0

#Transform 146
Transform: AffineTransform_float_3_3
Parameters: 0.999985 0.000532929 -0.00541747 -0.000425083 0.999802 0.0199036 0.00542654 -0.0199014 0.999787 -0.053144 -0.364894 0.664352
FixedParameters: 0 0 0

#Transform 147
Transform: AffineTransform_float_3_3
Parameters: 0.999982 0.000755817 -0.00607073 -0.000621176 0.999754 0.0221792 0.00608627 -0.0221748 0.999735 -0.0439925 -0.386236 0.676929
FixedParameters: 0 0 0

#Transform 148
Transform: AffineTransform_float_3_3
Parameters: 0.999981 0.00123733 -0.00607399 -0.00110166 0.999752 0.0222341 0.0061 -0.0222269 0.999735 -0.050992 -0.407838 0.642675
FixedParameters: 0 0 0

#Transform 149
Transform: AffineTransform_float_3_3
Parameters: 0.999983 0.00123235 -0.00581992 -0.00110165 0.999749 0.0223468 0.00584608 -0.0223402 0.999734 -0.0407029 -0.400283 0.661487
FixedParameters: 0 0 0

#Transform 150
Transform: AffineTransform_float_3_3
Parameters: 0.999982 0.00123487 -0.00589271 -0.00110213 0.999747 0.0224979 0.00591929 -0.0224911 0.999729 -0.0468608 -0.403754 0.662255
FixedParameters: 0 0 0

#Transform 151
Transform: AffineTransform_float_3_3
Parameters: 0.999979 0.00142639 -0.00622008 -0.00128861 0.999757 0.0220365 0.0062499 -0.0220275 0.999738 -0.0470871 -0.386603 0.663304
FixedParameters: 0 0 0

#Transform 152
Transform: AffineTransform_float_3_3
Parameters: 0.999977 0.00153881 -0.00663449 -0.00139618 0.999769 0.0214768 0.00666652 -0.0214663 0.999748 -0.0392353 -0.405883 0.649024
FixedParameters: 0 0 0

#Transform 153
Transform: AffineTransform_float_3_3
Parameters: 0.99998 0.00124391 -0.00622331 -0.0011021 0.99974 0.0227533 0.00624969 -0.0227467 0.999721 -0.0489462 -0.419831 0.665273
FixedParameters: 0 0 0

#Transform 154
Transform: AffineTransform_float_3_3
Parameters: 0.999977 0.0013587 -0.0066466 -0.00120631 0.999737 0.0229246 0.0066754 -0.0229155 0.999715 -0.0460304 -0.460891 0.641041
FixedParameters: 0 0 0

#Transform 155
Transform: AffineTransform_float_3_3
Parameters: 0.999977 0.00125346 -0.00669842 -0.00110155 0.999744 0.0225679 0.00672457 -0.0225601 0.999723 -0.0459438 -0.449311 0.636115
FixedParameters: 0 0 0

#Transform 156
Transform: AffineTransform_float_3_3
Parameters: 0.999981 7.61301e-05 -0.00620287 6.51332e-05 0.999741 0.022749 0.00620312 -0.022749 0.999722 0.0700926 -0.430545 0.668795
FixedParameters: 0 0 0

#Transform 157
Transform: AffineTransform_float_3_3
Parameters: 0.999981 0.00063391 -0.00622911 -0.00049109 0.999737 0.0229175 0.00624189 -0.0229135 0.999718 0.00479387 -0.44668 0.621149
FixedParameters: 0 0 0

#Transform 158
Transform: AffineTransform_float_3_3
Parameters: 0.999981 0.00134765 -0.00610968 -0.00120234 0.999717 0.0237818 0.00614032 -0.0237732 0.999698 -0.0308178 -0.456338 0.641263
FixedParameters: 0 0 0

#Transform 159
Transform: AffineTransform_float_3_3
Parameters: 0.99998 0.00135134 -0.00609279 -0.00120265 0.999701 0.0244488 0.00612423 -0.0244412 0.999683 -0.0315638 -0.475376 0.666196
FixedParameters: 0 0 0

#Transform 160
Transform: AffineTransform_float_3_3
Parameters: 0.999984 0.000897314 -0.00569413 -0.00075366 0.999679 0.0252967 0.00571589 -0.0252913 0.999664 -0.0426215 -0.498877 0.703068
FixedParameters: 0 0 0

#Transform 161
Transform: AffineTransform_float_3_3
Parameters: 0.999981 0.00095203 -0.00611138 -0.000800977 0.999696 0.0246684 0.00613262 -0.0246626 0.999677 -0.0498662 -0.501353 0.673411
FixedParameters: 0 0 0

#Transform 162
Transform: AffineTransform_float_3_3
Parameters: 0.999981 0.000890788 -0.00612335 -0.000735195 0.999677 0.025397 0.00614465 -0.025392 0.999658 -0.0372697 -0.521858 0.689374
FixedParameters: 0 0 0

#Transform 163
Transform: AffineTransform_float_3_3
Parameters: 0.999983 0.000690344 -0.0056986 -0.000538647 0.999643 0.0266915 0.00571541 -0.0266885 0.999628 -0.0525206 -0.527534 0.722952
FixedParameters: 0 0 0

#Transform 164
Transform: AffineTransform_float_3_3
Parameters: 0.999984 0.0010533 -0.00568922 -0.000902686 0.999652 0.0263556 0.00571578 -0.0263504 0.999637 -0.0532961 -0.521145 0.689486
FixedParameters: 0 0 0

#Transform 165
Transform: AffineTransform_float_3_3
Parameters: 0.999981 0.00112605 -0.00605462 -0.000960939 0.999629 0.0271943 0.00608338 -0.0271887 0.999612 -0.0516858 -0.549631 0.671654
FixedParameters: 0 0 0

#Transform 166
Transform: AffineTransform_float_3_3
Parameters: 0.999981 0.00118676 -0.00593725 -0.00102124 0.999611 0.0278456 0.00596774 -0.0278384 0.999594 -0.0555816 -0.564435 0.721412
FixedParameters: 0 0 0

#Transform 167
Transform: AffineTransform_float_3_3
Parameters: 0.999983 0.00118062 -0.00568417 -0.00102136 0.999608 0.0280033 0.00571584 -0.0279967 0.999591 -0.0628796 -0.550042 0.719575
FixedParameters: 0 0 0

#Transform 168
Transform: AffineTransform_float_3_3
Parameters: 0.999983 0.00118385 -0.0056835 -0.00102113 0.999591 0.0285713 0.0057155 -0.0285647 0.999575 -0.0628571 -0.56689 0.713856
FixedParameters: 0 0 0

#Transform 169
Transform: AffineTransform_float_3_3
Parameters: 0.999983 0.00118852 -0.00568253 -0.00102147 0.999568 0.0293913 0.00571549 -0.0293857 0.999552 -0.0629346 -0.590772 0.722967
FixedParameters: 0 0 0

#Transform 170
Transform: AffineTransform_float_3_3
Parameters: 0.999982 0.00119316 -0.00584146 -0.00102083 0.999567 0.0293865 0.00587453 -0.0293805 0.999551 -0.055068 -0.572608 0.752321
FixedParameters: 0 0 0

#Transform 171
Transform: AffineTransform_float_3_3
Parameters: 0.999983 0.00118713 -0.00568282 -0.00102086 0.999574 0.0291483 0.00571518 -0.0291417 0.999559 -0.0628861 -0.566541 0.71899
FixedParameters: 0 0 0

#Transform 172
Transform: AffineTransform_float_3_3
Parameters: 0.999984 0.00106909 -0.00568612 -0.000901918 0.99957 0.0293066 0.00571489 -0.0293014 0.999555 -0.0629784 -0.568395 0.787556
FixedParameters: 0 0 0

#Transform 173
Transform: AffineTransform_float_3_3
Parameters: 0.999983 0.000672034 -0.00590261 -0.000495953 0.999557 0.0297745 0.00592039 -0.0297706 0.999539 -0.0718201 -0.560983 0.795088
FixedParameters: 0 0 0

#Transform 174
Transform: AffineTransform_float_3_3
Parameters: 0.999983 0.000606894 -0.00569946 -0.000437089 0.999557 0.029763 0.00571554 -0.02976 0.99954 -0.0804666 -0.559296 0.822648
FixedParameters: 0 0 0

#Transform 175
Transform: AffineTransform_float_3_3
Parameters: 0.999983 0.000611393 -0.00569898 -0.000437605 0.999533 0.030552 0.00571503 -0.030549 0.999517 -0.0807022 -0.581328 0.862355
FixedParameters: 0 0 0

#Transform 176
Transform: AffineTransform_float_3_3
Parameters: 0.99998 0.00025792 -0.00622402 -6.80804e-05 0.999535 0.030495 0.00622897 -0.030494 0.999515 -0.0784805 -0.576366 0.890666
FixedParameters: 0 0 0

#Transform 177
Transform: AffineTransform_float_3_3
Parameters: 0.99998 0.000567018 -0.00622266 -0.000378002 0.999539 0.0303349 0.00623634 -0.0303321 0.999521 -0.0817294 -0.573748 0.890291
FixedParameters: 0 0 0

#Transform 178
Transform: AffineTransform_float_3_3
Parameters: 0.999981 0.000298177 -0.00618876 -0.000107814 0.999529 0.0307073 0.00619523 -0.0307058 0.99951 -0.0822826 -0.562736 0.899832
FixedParameters: 0 0 0

#Transform 179
Transform: AffineTransform_float_3_3
Parameters: 0.999977 0.000172575 -0.00677691 3.85737e-05 0.999517 0.0310594 0.00677907 -0.0310595 0.999494 -0.0761193 -0.557264 0.932907
FixedParameters: 0 0 0
