# transform file /out/sourcedata/freesurfer/sub-v2s12x28881_ses-1/mri/transforms/cc_up.lta
# created by oesteban on Wed Mar 11 02:04:52 2026

type      = 0 # LINEAR_VOX_TO_VOX
nxforms   = 1
mean      = 128.0000 89.0000 135.0000
sigma     = 10000.0000
1 4 4
9.960942268371582e-01 5.281355604529381e-02 -7.076086103916168e-02 2.640027046203613e+00 
-5.268079787492752e-02 9.986044764518738e-01 3.742355620488524e-03 5.746946716308594e+01 
7.085976004600525e-02 -2.328306436538696e-10 9.974863529205322e-01 -1.088498592376709e+01 
0.000000000000000e+00 0.000000000000000e+00 0.000000000000000e+00 1.000000000000000e+00 
src volume info
valid = 1  # volume info valid
filename = /out/sourcedata/freesurfer/sub-v2s12x28881_ses-1/mri/norm.mgz
volume = 256 256 256
voxelsize = 1.000000000000000e+00 1.000000000000000e+00 1.000000000000000e+00
xras   = -1.000000000000000e+00 0.000000000000000e+00 0.000000000000000e+00
yras   = 0.000000000000000e+00 0.000000000000000e+00 -1.000000000000000e+00
zras   = 0.000000000000000e+00 1.000000000000000e+00 0.000000000000000e+00
cras   = 6.501296997070312e+00 -8.300003051757812e+00 1.930599975585938e+01
dst volume info
valid = 1  # volume info valid
filename = /out/sourcedata/freesurfer/sub-v2s12x28881_ses-1/mri/norm.mgz
volume = 256 256 256
voxelsize = 1.000000000000000e+00 1.000000000000000e+00 1.000000000000000e+00
xras   = -1.000000000000000e+00 0.000000000000000e+00 0.000000000000000e+00
yras   = 0.000000000000000e+00 0.000000000000000e+00 -1.000000000000000e+00
zras   = 0.000000000000000e+00 1.000000000000000e+00 0.000000000000000e+00
cras   = 6.501296997070312e+00 -8.300003051757812e+00 1.930599975585938e+01
