# transform file /out/sourcedata/freesurfer/sub-v2s12x28898_ses-1/mri/transforms/cc_up.lta
# created by oesteban on Wed Mar 11 03:53:16 2026

type      = 0 # LINEAR_VOX_TO_VOX
nxforms   = 1
mean      = 130.0000 106.0000 126.0000
sigma     = 10000.0000
1 4 4
9.999495744705200e-01 7.468412164598703e-03 -6.727339699864388e-03 -1.522212505340576e+00 
-7.468243129551411e-03 9.999721646308899e-01 5.024393976782449e-05 4.297243118286133e+01 
6.727527361363173e-03 3.637979240772582e-12 9.999774694442749e-01 1.212358188629150e+01 
0.000000000000000e+00 0.000000000000000e+00 0.000000000000000e+00 1.000000000000000e+00 
src volume info
valid = 1  # volume info valid
filename = /out/sourcedata/freesurfer/sub-v2s12x28898_ses-1/mri/norm.mgz
volume = 256 256 256
voxelsize = 1.000000000000000e+00 1.000000000000000e+00 1.000000000000000e+00
xras   = -1.000000000000000e+00 0.000000000000000e+00 0.000000000000000e+00
yras   = 0.000000000000000e+00 0.000000000000000e+00 -1.000000000000000e+00
zras   = 0.000000000000000e+00 1.000000000000000e+00 0.000000000000000e+00
cras   = 6.280998229980469e+00 5.000000000000000e-01 1.906005859375000e+00
dst volume info
valid = 1  # volume info valid
filename = /out/sourcedata/freesurfer/sub-v2s12x28898_ses-1/mri/norm.mgz
volume = 256 256 256
voxelsize = 1.000000000000000e+00 1.000000000000000e+00 1.000000000000000e+00
xras   = -1.000000000000000e+00 0.000000000000000e+00 0.000000000000000e+00
yras   = 0.000000000000000e+00 0.000000000000000e+00 -1.000000000000000e+00
zras   = 0.000000000000000e+00 1.000000000000000e+00 0.000000000000000e+00
cras   = 6.280998229980469e+00 5.000000000000000e-01 1.906005859375000e+00
