# transform file /out/sourcedata/freesurfer/sub-v2s12x28863_ses-1/mri/transforms/cc_up.lta
# created by oesteban on Wed Mar 11 00:11:38 2026

type      = 0 # LINEAR_VOX_TO_VOX
nxforms   = 1
mean      = 126.0000 83.0000 125.0000
sigma     = 10000.0000
1 4 4
9.969082474708557e-01 -7.834514230489731e-02 -6.003356538712978e-03 1.000364971160889e+01 
7.834372669458389e-02 9.969263672828674e-01 -4.717840056400746e-04 5.252356719970703e+01 
6.021866109222174e-03 5.820766091346741e-11 9.999818801879883e-01 4.253774166107178e+00 
0.000000000000000e+00 0.000000000000000e+00 0.000000000000000e+00 1.000000000000000e+00 
src volume info
valid = 1  # volume info valid
filename = /out/sourcedata/freesurfer/sub-v2s12x28863_ses-1/mri/norm.mgz
volume = 256 256 256
voxelsize = 1.000000000000000e+00 1.000000000000000e+00 1.000000000000000e+00
xras   = -1.000000000000000e+00 0.000000000000000e+00 0.000000000000000e+00
yras   = 0.000000000000000e+00 0.000000000000000e+00 -1.000000000000000e+00
zras   = 0.000000000000000e+00 1.000000000000000e+00 0.000000000000000e+00
cras   = 1.320098876953125e+00 5.000000000000000e-01 -2.563299560546875e+01
dst volume info
valid = 1  # volume info valid
filename = /out/sourcedata/freesurfer/sub-v2s12x28863_ses-1/mri/norm.mgz
volume = 256 256 256
voxelsize = 1.000000000000000e+00 1.000000000000000e+00 1.000000000000000e+00
xras   = -1.000000000000000e+00 0.000000000000000e+00 0.000000000000000e+00
yras   = 0.000000000000000e+00 0.000000000000000e+00 -1.000000000000000e+00
zras   = 0.000000000000000e+00 1.000000000000000e+00 0.000000000000000e+00
cras   = 1.320098876953125e+00 5.000000000000000e-01 -2.563299560546875e+01
