#Insight Transform File V1.0
#Transform 0
Transform: AffineTransform_float_3_3
Parameters: 0.999998 -0.000782399 -0.00178508 0.000778602 0.999996 -0.00246339 0.00178692 0.00246261 0.999996 -0.00524477 0.0317925 0.0306112
FixedParameters: 0 0 0

#Transform 1
Transform: AffineTransform_float_3_3
Parameters: 0.999999 -0.00086027 -0.00161674 0.000855729 0.999996 -0.00264039 0.00161927 0.00263861 0.999995 -0.01053 0.0242356 0.0249157
FixedParameters: 0 0 0

#Transform 2
Transform: AffineTransform_float_3_3
Parameters: 0.999999 -0.000856496 -0.00156855 0.000851505 0.999995 -0.00286534 0.00157045 0.00286366 0.999994 -0.0120165 0.0545395 0.0229334
FixedParameters: 0 0 0

#Transform 3
Transform: AffineTransform_float_3_3
Parameters: 1 -0.000451683 -0.00111191 0.000449317 0.999997 -0.0024115 0.00111309 0.0024115 0.999997 -0.00854772 0.039982 0.0491918
FixedParameters: 0 0 0

#Transform 4
Transform: AffineTransform_float_3_3
Parameters: 0.999999 -0.00081606 -0.00124199 0.000812939 0.999996 -0.00246301 0.00124401 0.00246199 0.999996 -0.0115876 0.0219472 0.0410355
FixedParameters: 0 0 0

#Transform 5
Transform: AffineTransform_float_3_3
Parameters: 0.999999 -0.000529739 -0.0011117 0.000527263 0.999997 -0.00246259 0.0011123 0.00246241 0.999997 -0.0100403 0.0292294 0.0227459
FixedParameters: 0 0 0

#Transform 6
Transform: AffineTransform_float_3_3
Parameters: 0.999999 -0.000451778 -0.00149516 0.000449221 0.999998 -0.00185867 0.00149584 0.00185733 0.999997 0.00789125 0.0341338 0.0220417
FixedParameters: 0 0 0

#Transform 7
Transform: AffineTransform_float_3_3
Parameters: 0.999999 -0.000813163 -0.00111142 0.000810838 0.999998 -0.0019449 0.00111258 0.0019441 0.999998 -0.0051297 0.0261668 0.034818
FixedParameters: 0 0 0

#Transform 8
Transform: AffineTransform_float_3_3
Parameters: 1 -0.000451228 -0.0011121 0.000448772 0.999998 -0.0020035 0.0011129 0.0020025 0.999998 -0.00423835 0.022351 0.0218388
FixedParameters: 0 0 0

#Transform 9
Transform: AffineTransform_float_3_3
Parameters: 1 -0.00045082 -0.000976161 0.00044918 0.999998 -0.00186444 0.000976839 0.00186356 0.999998 -0.00834104 0.0231127 0.0212392
FixedParameters: 0 0 0

#Transform 10
Transform: AffineTransform_float_3_3
Parameters: 1 -0.000450782 -0.000946153 0.000449219 0.999998 -0.00188243 0.000946847 0.00188157 0.999998 0.00110072 0.0236636 0.0377949
FixedParameters: 0 0 0

#Transform 11
Transform: AffineTransform_float_3_3
Parameters: 1 -0.000450733 -0.000981206 0.000449268 0.999999 -0.00176544 0.000981795 0.00176456 0.999998 0.00224447 0.0199981 0.0402014
FixedParameters: 0 0 0

#Transform 12
Transform: AffineTransform_float_3_3
Parameters: 1 -0.000449599 -0.000510473 0.000449401 0.999999 -0.00117323 0.000510527 0.00117277 0.999999 -0.0123954 0.011497 0.0397336
FixedParameters: 0 0 0

#Transform 13
Transform: AffineTransform_float_3_3
Parameters: 1 -0.000388215 -0.000327746 0.000388785 0.999999 -0.000655127 0.000328255 0.000654872 0.999999 0.00037268 0.00834899 0.026285
FixedParameters: 0 0 0

#Transform 14
Transform: AffineTransform_float_3_3
Parameters: 1 -4.32019e-05 -0.000411979 4.27981e-05 1 -0.000490018 0.000412021 0.000489982 1 -0.000806723 -0.00386249 2.72897e-05
FixedParameters: 0 0 0

#Transform 15
Transform: AffineTransform_float_3_3
Parameters: 1 0.000154979 -6.00546e-05 -0.000155021 1 -0.000351991 5.99454e-05 0.000352009 1 -0.011152 -0.0113598 -0.0192698
FixedParameters: 0 0 0

#Transform 16
Transform: AffineTransform_float_3_3
Parameters: 1 -0.000152996 -6.00104e-05 0.000153004 1 6.79908e-05 5.99896e-05 -6.80092e-05 1 -0.0118966 0.0135769 0.0134821
FixedParameters: 0 0 0

#Transform 17
Transform: AffineTransform_float_3_3
Parameters: 1 -8.19844e-05 -0.000268005 8.20155e-05 1 5.7978e-05 0.000267995 -5.8022e-05 1 0.00149978 -0.00538624 -0.00530796
FixedParameters: 0 0 0

#Transform 18
Transform: AffineTransform_float_3_3
Parameters: 1 -6.19669e-05 -0.000301007 6.20331e-05 1 0.000109981 0.000300993 -0.000110019 1 -0.00418337 -0.0170375 -0.0128136
FixedParameters: 0 0 0

#Transform 19
Transform: AffineTransform_float_3_3
Parameters: 1 4.99889e-05 -6.00092e-05 -5.00111e-05 1 -0.000184997 5.99907e-05 0.000185003 1 -0.0114037 0.000155743 -0.000397568
FixedParameters: 0 0 0

#Transform 20
Transform: AffineTransform_float_3_3
Parameters: 1 -0.000158003 -5.99921e-05 0.000157997 1 -5.00095e-05 6.00079e-05 4.99905e-05 1 0.000730568 0.00605227 0.00357092
FixedParameters: 0 0 0

#Transform 21
Transform: AffineTransform_float_3_3
Parameters: 1 0.000153005 -5.99862e-05 -0.000152995 1 9.00092e-05 6.00138e-05 -8.99908e-05 1 -0.011186 -0.00641895 -0.00626557
FixedParameters: 0 0 0

#Transform 22
Transform: AffineTransform_float_3_3
Parameters: 1 0.000286002 -0.000125995 -0.000285998 1 1.6036e-05 0.000126005 -1.5964e-05 1 -0.00883181 -0.00321263 -0.00570936
FixedParameters: 0 0 0

#Transform 23
Transform: AffineTransform_float_3_3
Parameters: 1 0.000286022 -5.9893e-05 -0.000285977 1 0.000374017 6.0107e-05 -0.000373983 1 0.00115447 0.0180868 -0.0037943
FixedParameters: 0 0 0

#Transform 24
Transform: AffineTransform_float_3_3
Parameters: 1 -0.000232987 -6.00492e-05 0.000233013 1 0.000210986 5.99508e-05 -0.000211014 1 -0.0119595 -0.00181822 0.00972578
FixedParameters: 0 0 0

#Transform 25
Transform: AffineTransform_float_3_3
Parameters: 1 -0.000122966 -6.00691e-05 0.000123034 1 0.000561992 5.99309e-05 -0.000562007 1 0.00129888 -0.00571708 0.0220713
FixedParameters: 0 0 0

#Transform 26
Transform: AffineTransform_float_3_3
Parameters: 1 -0.000118204 0.000568957 0.000117796 1 0.000359067 -0.000569042 -0.000358933 1 -0.00782971 -0.00660137 0.0230353
FixedParameters: 0 0 0

#Transform 27
Transform: AffineTransform_float_3_3
Parameters: 1 1.59419e-05 0.000171005 -1.60581e-05 1 0.000339997 -0.000170995 -0.000340003 1 0.00485891 -0.00606531 0.00917221
FixedParameters: 0 0 0

#Transform 28
Transform: AffineTransform_float_3_3
Parameters: 1 5.49637e-05 9.20217e-05 -5.50363e-05 1 0.000394995 -9.19783e-05 -0.000395005 1 0.00732254 -0.000711737 -0.0143073
FixedParameters: 0 0 0

#Transform 29
Transform: AffineTransform_float_3_3
Parameters: 1 -6.69793e-05 -6.00231e-05 6.70207e-05 1 0.000344996 5.99769e-05 -0.000345004 1 0.011712 0.00514018 0.00948304
FixedParameters: 0 0 0

#Transform 30
Transform: AffineTransform_float_3_3
Parameters: 1 0.000122906 0.000148078 -0.000123093 1 0.000631982 -0.000147922 -0.000632018 1 0.0172291 0.0205816 0.0192983
FixedParameters: 0 0 0

#Transform 31
Transform: AffineTransform_float_3_3
Parameters: 1 4.90107e-05 -5.99913e-05 -4.89893e-05 1 0.000178003 6.00087e-05 -0.000177997 1 0.0266731 -0.00113013 0.00981867
FixedParameters: 0 0 0

#Transform 32
Transform: AffineTransform_float_3_3
Parameters: 1 9.0607e-07 0.000202 -1.09393e-06 1 0.000465 -0.000201999 -0.000465 1 0.0131556 -0.000933567 -0.0281144
FixedParameters: 0 0 0

#Transform 33
Transform: AffineTransform_float_3_3
Parameters: 1 0.000285902 0.000177158 -0.000286097 1 0.000550949 -0.000176842 -0.00055105 1 0.0271942 0.00761824 -0.0570375
FixedParameters: 0 0 0

#Transform 34
Transform: AffineTransform_float_3_3
Parameters: 1 0.000286041 -5.98038e-05 -0.000285959 0.999999 0.000686017 6.01962e-05 -0.000685982 1 0.0344669 -0.00509856 -0.0886584
FixedParameters: 0 0 0

#Transform 35
Transform: AffineTransform_float_3_3
Parameters: 1 0.000285644 0.000411247 -0.000286356 0.999999 0.000865882 -0.000410752 -0.000866117 0.999999 0.0199628 0.00498498 -0.0642643
FixedParameters: 0 0 0

#Transform 36
Transform: AffineTransform_float_3_3
Parameters: 1 0.000191465 0.000640161 -0.000191536 0.999999 0.000836878 -0.00064084 -0.000836123 1 0.0171111 0.0131722 -0.0375702
FixedParameters: 0 0 0

#Transform 37
Transform: AffineTransform_float_3_3
Parameters: 1 0.000285427 0.000563291 -0.000286574 1 0.00101784 -0.000563709 -0.00101816 1 0.0152526 0.00733254 -0.0609198
FixedParameters: 0 0 0

#Transform 38
Transform: AffineTransform_float_3_3
Parameters: 0.999999 0.00044428 0.000626511 -0.00044472 0.999999 0.00114872 -0.000626489 -0.00114928 0.999999 0.013597 -0.00595777 -0.0866108
FixedParameters: 0 0 0

#Transform 39
Transform: AffineTransform_float_3_3
Parameters: 0.999999 0.000732769 0.000304557 -0.000733232 1 0.000760777 -0.000304443 -0.000760223 0.999999 0.0241246 0.0147079 -0.0931491
FixedParameters: 0 0 0

#Transform 40
Transform: AffineTransform_float_3_3
Parameters: 0.999999 0.000795645 0.000391721 -0.000796355 1 0.000906688 -0.000391277 -0.000907311 0.999999 0.0216321 0.0243524 -0.0797533
FixedParameters: 0 0 0

#Transform 41
Transform: AffineTransform_float_3_3
Parameters: 1 0.000586629 0.00038257 -0.000587372 1 0.000971776 -0.00038243 -0.000971225 1 0.0192293 0.00841536 -0.0799533
FixedParameters: 0 0 0

#Transform 42
Transform: AffineTransform_float_3_3
Parameters: 0.999999 0.000641544 0.000438667 -0.000642455 1 0.00103972 -0.000437332 -0.00104028 1 0.0156371 0.0221707 -0.055578
FixedParameters: 0 0 0

#Transform 43
Transform: AffineTransform_float_3_3
Parameters: 0.999999 0.000853435 0.000542888 -0.000853564 0.999999 0.00103954 -0.000542112 -0.00104046 1 0.0170746 0.0373387 -0.055819
FixedParameters: 0 0 0

#Transform 44
Transform: AffineTransform_float_3_3
Parameters: 0.999999 0.000625478 0.000765245 -0.000626523 0.999998 0.00198952 -0.000764754 -0.00199048 0.999997 0.00965944 0.00241616 -0.058005
FixedParameters: 0 0 0

#Transform 45
Transform: AffineTransform_float_3_3
Parameters: 0.999999 0.000166542 0.00076254 -0.000169456 0.999995 0.00322387 -0.000761457 -0.00322413 0.999994 0.0269455 -0.0258372 -0.0105816
FixedParameters: 0 0 0

#Transform 46
Transform: AffineTransform_float_3_3
Parameters: 0.999999 7.02089e-05 0.000959208 -7.27903e-05 0.999996 0.00290993 -0.000958792 -0.00291007 0.999996 0.0126337 -0.018702 0.0148391
FixedParameters: 0 0 0

#Transform 47
Transform: AffineTransform_float_3_3
Parameters: 0.999999 7.0115e-05 0.000959215 -7.38843e-05 0.999996 0.00300793 -0.000958782 -0.00300807 0.999995 0.00259628 -0.0138931 0.0109113
FixedParameters: 0 0 0

#Transform 48
Transform: AffineTransform_float_3_3
Parameters: 0.999999 0.000135019 0.000732368 -0.00013698 0.999997 0.0027049 -0.000731632 -0.0027051 0.999996 0.00967975 -0.0125943 -0.0139084
FixedParameters: 0 0 0

#Transform 49
Transform: AffineTransform_float_3_3
Parameters: 1 0.00013721 -0.000135788 -0.000136791 0.999999 0.00154602 0.000135212 -0.00154598 0.999999 0.0440135 -0.00439946 0.00210954
FixedParameters: 0 0 0

#Transform 50
Transform: AffineTransform_float_3_3
Parameters: 1 0.000490276 -0.000135 -0.000489723 0.999998 0.00204107 0.000136 -0.00204093 0.999998 0.0511926 -0.00840251 -0.00105193
FixedParameters: 0 0 0

#Transform 51
Transform: AffineTransform_float_3_3
Parameters: 0.999999 0.000733378 0.000305497 -0.00073462 0.999997 0.00204078 -0.000303502 -0.00204022 0.999998 0.0422993 -0.00178906 -0.0164956
FixedParameters: 0 0 0

#Transform 52
Transform: AffineTransform_float_3_3
Parameters: 1 0.000406461 0.000238919 -0.000406539 0.999998 0.0022599 -0.000238082 -0.0022601 0.999998 0.0386675 -0.00369722 -0.0167318
FixedParameters: 0 0 0

#Transform 53
Transform: AffineTransform_float_3_3
Parameters: 1 0.000632315 0.000730464 -0.000633688 0.999997 0.00231054 -0.000729538 -0.00231046 0.999997 0.0283327 0.0141366 -0.0238931
FixedParameters: 0 0 0

#Transform 54
Transform: AffineTransform_float_3_3
Parameters: 1 0.000555499 0.000246134 -0.000555503 0.999998 0.00204086 -0.000245867 -0.00204114 0.999998 0.0598126 0.0135162 -0.0226981
FixedParameters: 0 0 0

#Transform 55
Transform: AffineTransform_float_3_3
Parameters: 0.999999 0.000633258 0.000364293 -0.000633741 0.999997 0.00204077 -0.000362708 -0.00204023 0.999998 0.0587987 0.0133473 -0.0228776
FixedParameters: 0 0 0

#Transform 56
Transform: AffineTransform_float_3_3
Parameters: 0.999999 0.000632733 0.000621292 -0.000633266 0.999997 0.00204061 -0.000619709 -0.00204039 0.999997 0.0508415 -0.000728976 -0.0262805
FixedParameters: 0 0 0

#Transform 57
Transform: AffineTransform_float_3_3
Parameters: 0.999999 0.000632521 0.000725292 -0.000633478 0.999997 0.00204054 -0.000723708 -0.00204046 0.999997 0.0536831 0.0133835 -0.0232179
FixedParameters: 0 0 0

#Transform 58
Transform: AffineTransform_float_3_3
Parameters: 0.999999 0.000632682 0.000646292 -0.000633317 0.999997 0.00204059 -0.000644709 -0.00204041 0.999997 0.0613627 0.0256092 -0.0381486
FixedParameters: 0 0 0

#Transform 59
Transform: AffineTransform_float_3_3
Parameters: 0.999999 0.000817077 0.000452668 -0.000817922 0.999997 0.00204063 -0.000451332 -0.00204037 0.999998 0.0534183 0.0131218 -0.0700477
FixedParameters: 0 0 0

#Transform 60
Transform: AffineTransform_float_3_3
Parameters: 0.999999 0.000821992 0.000494678 -0.000823008 0.999997 0.00204059 -0.000493322 -0.00204041 0.999998 0.0384123 0.0314639 -0.0701219
FixedParameters: 0 0 0

#Transform 61
Transform: AffineTransform_float_3_3
Parameters: 1 0.00095076 0.000542182 -0.00095224 0.999997 0.00229249 -0.000539819 -0.00229251 0.999997 0.0533944 0.024737 -0.0677257
FixedParameters: 0 0 0

#Transform 62
Transform: AffineTransform_float_3_3
Parameters: 0.999999 0.000632547 0.000653409 -0.000633454 0.999998 0.00222559 -0.000652591 -0.00222642 0.999998 0.0330463 0.00753578 -0.0453987
FixedParameters: 0 0 0

#Transform 63
Transform: AffineTransform_float_3_3
Parameters: 1 0.000976874 0.000489256 -0.000978126 0.999997 0.00230752 -0.000486745 -0.00230748 0.999997 0.0558464 0.00724619 -0.0437454
FixedParameters: 0 0 0

#Transform 64
Transform: AffineTransform_float_3_3
Parameters: 0.999999 0.000632676 0.000649292 -0.000633325 0.999997 0.00204059 -0.000648709 -0.00204041 0.999997 0.0561271 0.0133809 -0.0320588
FixedParameters: 0 0 0

#Transform 65
Transform: AffineTransform_float_3_3
Parameters: 1 0.000987518 0.000614389 -0.000988484 0.999996 0.00241739 -0.000612612 -0.00241761 0.999997 0.0562939 0.0132332 -0.0517396
FixedParameters: 0 0 0

#Transform 66
Transform: AffineTransform_float_3_3
Parameters: 0.999999 0.00113684 0.000863847 -0.00113916 0.999996 0.00250102 -0.000861154 -0.00250198 0.999997 0.0477149 -0.00165144 -0.0721384
FixedParameters: 0 0 0

#Transform 67
Transform: AffineTransform_float_3_3
Parameters: 0.999999 0.00134204 0.000784359 -0.00134396 0.999996 0.00250095 -0.00078064 -0.00250205 0.999996 0.0537541 0.0170248 -0.0561837
FixedParameters: 0 0 0

#Transform 68
Transform: AffineTransform_float_3_3
Parameters: 0.999998 0.00143923 0.000707602 -0.00144077 0.999996 0.00250098 -0.000704398 -0.00250202 0.999996 0.0545351 0.0139839 -0.0539073
FixedParameters: 0 0 0

#Transform 69
Transform: AffineTransform_float_3_3
Parameters: 0.999998 0.00171342 0.000895958 -0.00171558 0.999995 0.00289047 -0.000891045 -0.00289153 0.999996 0.0409766 0.0112298 -0.0662527
FixedParameters: 0 0 0

#Transform 70
Transform: AffineTransform_float_3_3
Parameters: 0.999998 0.00151398 0.000807789 -0.00151602 0.999995 0.00250078 -0.000804209 -0.00250222 0.999996 0.0473874 0.0167891 -0.0913841
FixedParameters: 0 0 0

#Transform 71
Transform: AffineTransform_float_3_3
Parameters: 0.999999 0.00152199 0.00106332 -0.00152501 0.999995 0.00283538 -0.00105868 -0.00283762 0.999996 0.0657513 0.02865 -0.0923576
FixedParameters: 0 0 0

#Transform 72
Transform: AffineTransform_float_3_3
Parameters: 0.999998 0.00171341 0.00103829 -0.00171559 0.999996 0.00250023 -0.00103371 -0.00250278 0.999997 0.0582588 0.00463362 -0.0915706
FixedParameters: 0 0 0

#Transform 73
Transform: AffineTransform_float_3_3
Parameters: 0.999998 0.00133734 0.00097964 -0.00133966 0.999996 0.00271869 -0.00097536 -0.00272031 0.999996 0.0484398 0.0116731 -0.0590986
FixedParameters: 0 0 0

#Transform 74
Transform: AffineTransform_float_3_3
Parameters: 0.999998 0.00126624 0.00103737 -0.00126975 0.999995 0.00265969 -0.00103363 -0.00266031 0.999996 0.05518 0.0151553 -0.0534385
FixedParameters: 0 0 0

#Transform 75
Transform: AffineTransform_float_3_3
Parameters: 0.999998 0.00124201 0.00103759 -0.00124499 0.999995 0.00288871 -0.00103341 -0.00288929 0.999996 0.0534589 0.0179878 -0.0399662
FixedParameters: 0 0 0

#Transform 76
Transform: AffineTransform_float_3_3
Parameters: 0.999998 0.00109212 0.00134815 -0.00109688 0.999996 0.00287753 -0.00134585 -0.00287947 0.999995 0.0534744 0.0121542 -0.0403477
FixedParameters: 0 0 0

#Transform 77
Transform: AffineTransform_float_3_3
Parameters: 0.999999 0.00105475 0.00147405 -0.00105825 0.999996 0.00288844 -0.00147095 -0.00288956 0.999994 0.0402978 0.0182825 -0.0404541
FixedParameters: 0 0 0

#Transform 78
Transform: AffineTransform_float_3_3
Parameters: 0.999998 0.00100093 0.00162851 -0.00100507 0.999997 0.00250037 -0.00162649 -0.00250263 0.999996 0.0362655 0.012435 -0.0921653
FixedParameters: 0 0 0

#Transform 79
Transform: AffineTransform_float_3_3
Parameters: 0.999997 0.00124961 0.00175613 -0.00125439 0.999996 0.0024998 -0.00175287 -0.0025022 0.999996 0.0340745 0.0117054 -0.117885
FixedParameters: 0 0 0

#Transform 80
Transform: AffineTransform_float_3_3
Parameters: 0.999998 0.00101304 0.00199005 -0.00101896 0.999995 0.00299798 -0.00198696 -0.00300002 0.999994 0.0264635 -1.99402e-05 -0.0850209
FixedParameters: 0 0 0

#Transform 81
Transform: AffineTransform_float_3_3
Parameters: 0.999998 0.000949 0.00189451 -0.000953999 0.999996 0.0026402 -0.00189149 -0.0026418 0.999994 0.0292819 -0.0160154 -0.0805758
FixedParameters: 0 0 0

#Transform 82
Transform: AffineTransform_float_3_3
Parameters: 0.999997 0.00104846 0.00189452 -0.00105353 0.999996 0.00239501 -0.00189148 -0.00239699 0.999996 0.0430773 0.00322593 -0.117325
FixedParameters: 0 0 0

#Transform 83
Transform: AffineTransform_float_3_3
Parameters: 0.999996 -0.000433278 0.00279358 0.000436722 0.999999 -0.00133179 -0.00279342 0.00133322 0.999995 0.0227383 0.0379011 -0.134475
FixedParameters: 0 0 0

#Transform 84
Transform: AffineTransform_float_3_3
Parameters: 0.999993 -3.30588e-05 0.00370998 3.09407e-05 1 0.000555119 -0.00371002 -0.000554881 0.999993 -0.0271915 0.0208604 -0.105732
FixedParameters: 0 0 0

#Transform 85
Transform: AffineTransform_float_3_3
Parameters: 0.999994 -0.000179564 0.00346377 0.000174438 0.999999 0.00131761 -0.00346323 -0.00131739 0.999993 -0.0430171 -0.00252292 -0.076023
FixedParameters: 0 0 0

#Transform 86
Transform: AffineTransform_float_3_3
Parameters: 0.999997 0.000231883 0.00236461 -0.000238119 0.999996 0.00258744 -0.00236439 -0.00258755 0.999994 -0.0273593 -0.00612951 -0.108141
FixedParameters: 0 0 0

#Transform 87
Transform: AffineTransform_float_3_3
Parameters: 0.999998 0.000925368 0.00208651 -0.000931631 0.999996 0.00270006 -0.00208349 -0.00270194 0.999994 -0.0248009 0.00414082 -0.236366
FixedParameters: 0 0 0

#Transform 88
Transform: AffineTransform_float_3_3
Parameters: 0.999998 0.000234096 0.00208444 -0.000238904 0.999998 0.00187351 -0.00208356 -0.00187349 0.999996 -0.0399207 -0.0207011 -0.344708
FixedParameters: 0 0 0

#Transform 89
Transform: AffineTransform_float_3_3
Parameters: 0.999998 -0.000191298 0.00157248 0.000186704 0.999996 0.0027323 -0.00157252 -0.0027327 0.999995 -0.0104966 -0.0164709 -0.163989
FixedParameters: 0 0 0

#Transform 90
Transform: AffineTransform_float_3_3
Parameters: 0.999999 -0.000172178 0.000881577 0.000169823 0.999997 0.00247015 -0.000881421 -0.00246985 0.999996 0.0133626 -0.0401358 -0.140885
FixedParameters: 0 0 0

#Transform 91
Transform: AffineTransform_float_3_3
Parameters: 0.999999 -0.000300164 0.000732524 0.000298836 0.999998 0.00158922 -0.000732476 -0.00158878 0.999999 0.0151668 -0.0128646 -0.192117
FixedParameters: 0 0 0

#Transform 92
Transform: AffineTransform_float_3_3
Parameters: 0.999999 -0.00017137 0.000881735 0.000170631 0.999999 0.00155415 -0.000881266 -0.00155385 0.999999 0.0107746 -0.0294449 -0.220466
FixedParameters: 0 0 0

#Transform 93
Transform: AffineTransform_float_3_3
Parameters: 1 -0.0001717 0.00108973 0.000170301 0.999999 0.00156019 -0.00108927 -0.00155981 0.999998 0.0108891 -0.0121538 -0.211042
FixedParameters: 0 0 0

#Transform 94
Transform: AffineTransform_float_3_3
Parameters: 1 -0.000171758 0.00114074 0.000170241 0.999999 0.0015412 -0.00114126 -0.0015408 0.999998 0.0232066 -0.0115731 -0.196853
FixedParameters: 0 0 0

#Transform 95
Transform: AffineTransform_float_3_3
Parameters: 0.999999 -0.000172879 0.00145166 0.000170124 0.999998 0.00198225 -0.00145134 -0.00198275 0.999997 0.0135927 -0.0375215 -0.205258
FixedParameters: 0 0 0

#Transform 96
Transform: AffineTransform_float_3_3
Parameters: 0.999999 -0.000731814 0.00118188 0.000730185 0.999998 0.00153486 -0.00118312 -0.00153414 0.999998 0.0206732 -0.0106607 -0.195081
FixedParameters: 0 0 0

#Transform 97
Transform: AffineTransform_float_3_3
Parameters: 0.999998 -0.000678546 0.00151386 0.000675453 0.999999 0.00168203 -0.00151514 -0.00168098 0.999998 0.0106026 -0.0327195 -0.146167
FixedParameters: 0 0 0

#Transform 98
Transform: AffineTransform_float_3_3
Parameters: 0.999998 -0.000978808 0.00185352 0.000976192 0.999999 0.00151481 -0.00185548 -0.00151319 0.999997 -0.000573632 -0.0253196 -0.142505
FixedParameters: 0 0 0

#Transform 99
Transform: AffineTransform_float_3_3
Parameters: 0.999998 -0.000870091 0.00188958 0.000867907 0.999999 0.00163664 -0.00189142 -0.00163436 0.999997 -0.00145013 -0.0300425 -0.148146
FixedParameters: 0 0 0

#Transform 100
Transform: AffineTransform_float_3_3
Parameters: 0.999998 -0.00119312 0.00188903 0.00118988 0.999998 0.00165125 -0.00189097 -0.00164975 0.999997 -0.0019494 -0.0255983 -0.123467
FixedParameters: 0 0 0

#Transform 101
Transform: AffineTransform_float_3_3
Parameters: 0.999998 -0.000678719 0.00180698 0.000675282 0.999998 0.00150422 -0.00180802 -0.00150378 0.999997 0.00168786 -0.00971769 -0.123085
FixedParameters: 0 0 0

#Transform 102
Transform: AffineTransform_float_3_3
Parameters: 0.999997 -0.00103803 0.00188934 0.00103497 0.999998 0.00160396 -0.00189166 -0.00160204 0.999997 -0.00170641 -0.0123431 -0.102531
FixedParameters: 0 0 0

#Transform 103
Transform: AffineTransform_float_3_3
Parameters: 0.999997 -0.00113257 0.0022432 0.00112843 0.999998 0.00159254 -0.0022458 -0.00159046 0.999996 -0.00179223 -0.0118778 -0.106927
FixedParameters: 0 0 0

#Transform 104
Transform: AffineTransform_float_3_3
Parameters: 0.999998 -0.00113049 0.00163097 0.00112851 0.999999 0.000913843 -0.00163203 -0.000912157 0.999999 -0.00808347 -0.0196261 -0.0557916
FixedParameters: 0 0 0

#Transform 105
Transform: AffineTransform_float_3_3
Parameters: 0.999998 -0.000884765 0.00189111 0.000885234 0.999999 -0.000123326 -0.00189089 0.000124673 0.999998 -0.0111012 -0.00717721 -0.00391748
FixedParameters: 0 0 0

#Transform 106
Transform: AffineTransform_float_3_3
Parameters: 0.999998 -0.000435842 0.00189104 0.000436158 1 -8.31754e-05 -0.00189096 8.38243e-05 0.999998 -0.0215264 0.0236573 -0.0315673
FixedParameters: 0 0 0

#Transform 107
Transform: AffineTransform_float_3_3
Parameters: 0.999998 -0.000274522 0.00168108 0.000274477 1 -0.000283539 -0.00168092 0.000284462 0.999998 -0.0146832 0.0372116 -0.0419654
FixedParameters: 0 0 0

#Transform 108
Transform: AffineTransform_float_3_3
Parameters: 0.999999 -0.000268601 0.00171906 0.000268399 1 -0.000231539 -0.00171894 0.000232462 0.999998 -0.0157103 0.0355617 -0.0299144
FixedParameters: 0 0 0

#Transform 109
Transform: AffineTransform_float_3_3
Parameters: 0.999998 -0.000385562 0.00189109 0.000385438 1 -0.000231272 -0.00189091 0.00023173 0.999998 -0.0191862 0.0356869 -0.0245963
FixedParameters: 0 0 0

#Transform 110
Transform: AffineTransform_float_3_3
Parameters: 0.999997 -0.00040825 0.00209395 0.00040775 1 0.000119854 -0.00209405 -0.000119145 0.999998 -0.0276647 0.0249459 -0.0256197
FixedParameters: 0 0 0

#Transform 111
Transform: AffineTransform_float_3_3
Parameters: 0.999998 -0.000269339 0.00208196 0.00026866 1 0.00016356 -0.00208104 -0.00016244 0.999998 -0.0234851 0.0484417 -0.0256671
FixedParameters: 0 0 0

#Transform 112
Transform: AffineTransform_float_3_3
Parameters: 0.999998 -0.000269081 0.00189099 0.000268918 1 4.35086e-05 -0.00189101 -4.24912e-05 0.999998 -0.0142304 0.0521481 -0.0252562
FixedParameters: 0 0 0

#Transform 113
Transform: AffineTransform_float_3_3
Parameters: 0.999998 -0.000268563 0.00189106 0.000268438 1 -0.000231493 -0.00189094 0.000231508 0.999998 -0.0210468 0.0428521 -0.00355308
FixedParameters: 0 0 0

#Transform 114
Transform: AffineTransform_float_3_3
Parameters: 0.999998 -0.000268563 0.00189106 0.000268438 1 -0.000231493 -0.00189094 0.000231508 0.999998 -0.0210467 0.0426711 -0.00353312
FixedParameters: 0 0 0

#Transform 115
Transform: AffineTransform_float_3_3
Parameters: 0.999998 -0.000268563 0.00189106 0.000268438 1 -0.000231493 -0.00189094 0.000231508 0.999998 -0.0210607 0.036131 -0.0118496
FixedParameters: 0 0 0

#Transform 116
Transform: AffineTransform_float_3_3
Parameters: 0.999998 0.000170117 0.00189099 -0.000169882 1 -6.23214e-05 -0.00189101 6.16784e-05 0.999998 -0.0106663 0.0183631 -0.0183033
FixedParameters: 0 0 0

#Transform 117
Transform: AffineTransform_float_3_3
Parameters: 0.999998 -0.000268941 0.00200801 0.000269058 1 -2.84598e-05 -0.00200799 2.95401e-05 0.999998 -0.0246876 0.0178879 -0.0264179
FixedParameters: 0 0 0

#Transform 118
Transform: AffineTransform_float_3_3
Parameters: 0.999998 -0.000186561 0.00189104 0.000187438 1 -0.000231646 -0.00189096 0.000232353 0.999998 -0.00777879 0.0239815 -0.01394
FixedParameters: 0 0 0

#Transform 119
Transform: AffineTransform_float_3_3
Parameters: 0.999998 -0.000268532 0.00202506 0.000268469 1 -0.000231457 -0.00202494 0.000231544 0.999998 -0.0146288 0.0240634 -0.02321
FixedParameters: 0 0 0

#Transform 120
Transform: AffineTransform_float_3_3
Parameters: 0.999999 -0.00026922 0.00182397 0.000268781 1 0.00012049 -0.00182403 -0.000120509 0.999999 -0.0189361 0.013232 -0.0196333
FixedParameters: 0 0 0

#Transform 121
Transform: AffineTransform_float_3_3
Parameters: 0.999998 -0.000269448 0.00189094 0.000268553 1 0.000236508 -0.00189106 -0.000236491 0.999998 -0.00586454 0.0028278 -0.0149259
FixedParameters: 0 0 0

#Transform 122
Transform: AffineTransform_float_3_3
Parameters: 0.999998 -8.61095e-05 0.001891 8.58902e-05 1 5.81625e-05 -0.00189101 -5.78373e-05 0.999998 -0.006175 0.0149268 0.00209838
FixedParameters: 0 0 0

#Transform 123
Transform: AffineTransform_float_3_3
Parameters: 0.999998 0.000107046 0.002104 -0.000106953 1 -2.22251e-05 -0.002104 2.17748e-05 0.999998 -0.0102545 0.0285805 -0.0439271
FixedParameters: 0 0 0

#Transform 124
Transform: AffineTransform_float_3_3
Parameters: 0.999997 0.000364618 0.00242606 -0.000365382 1 0.000157114 -0.00242594 -0.000157885 0.999997 -0.0111912 0.0444866 -0.0641962
FixedParameters: 0 0 0

#Transform 125
Transform: AffineTransform_float_3_3
Parameters: 0.999997 0.000239264 0.00242797 -0.000238737 1 -0.00010858 -0.00242803 0.000108419 0.999997 -0.0164253 0.0466716 -0.0636746
FixedParameters: 0 0 0

#Transform 126
Transform: AffineTransform_float_3_3
Parameters: 0.999997 0.000186657 0.00234903 -0.000187342 1 0.00014556 -0.00234897 -0.000146439 0.999997 -0.0207008 0.0388404 -0.064052
FixedParameters: 0 0 0

#Transform 127
Transform: AffineTransform_float_3_3
Parameters: 0.999997 5.01484e-06 0.002677 -6.98512e-06 1 0.000367983 -0.002677 -0.000368015 0.999997 -0.0200872 0.050566 -0.0344249
FixedParameters: 0 0 0

#Transform 128
Transform: AffineTransform_float_3_3
Parameters: 0.999997 5.68555e-05 0.00267705 -5.91441e-05 0.999999 0.000800844 -0.00267695 -0.000801155 0.999996 -0.0294515 0.0188061 0.00219613
FixedParameters: 0 0 0

#Transform 129
Transform: AffineTransform_float_3_3
Parameters: 0.999995 5.66651e-05 0.00311704 -5.93343e-05 0.999999 0.000748818 -0.00311696 -0.00074918 0.999995 -0.032346 0.0323927 -0.0189842
FixedParameters: 0 0 0

#Transform 130
Transform: AffineTransform_float_3_3
Parameters: 0.999997 5.64432e-05 0.00267706 -5.85563e-05 0.999999 0.000954846 -0.00267695 -0.000955154 0.999996 -0.0276598 0.0543603 0.0184604
FixedParameters: 0 0 0

#Transform 131
Transform: AffineTransform_float_3_3
Parameters: 0.999996 -0.000386111 0.00303973 0.000383889 0.999999 0.00069517 -0.00303927 -0.00069383 0.999995 -0.0377456 0.0526623 0.0364045
FixedParameters: 0 0 0

#Transform 132
Transform: AffineTransform_float_3_3
Parameters: 0.999995 -0.000422755 0.00312963 0.000420246 0.999999 0.000880319 -0.00313037 -0.00087968 0.999994 -0.0440475 0.0469965 0.0512547
FixedParameters: 0 0 0

#Transform 133
Transform: AffineTransform_float_3_3
Parameters: 0.999995 -0.000422605 0.00316065 0.000420393 0.999999 0.000825332 -0.00316135 -0.000823668 0.999994 -0.0391183 0.0487496 0.0119922
FixedParameters: 0 0 0

#Transform 134
Transform: AffineTransform_float_3_3
Parameters: 0.999997 -0.00016886 0.00267688 0.000166142 0.999999 0.000694447 -0.00267712 -0.00069455 0.999996 -0.0178732 0.0523242 -0.0045994
FixedParameters: 0 0 0

#Transform 135
Transform: AffineTransform_float_3_3
Parameters: 0.999997 0.00025786 0.00267721 -0.000260138 0.999999 0.000798306 -0.00267679 -0.000799693 0.999996 -0.0229287 0.0486501 -0.0100442
FixedParameters: 0 0 0

#Transform 136
Transform: AffineTransform_float_3_3
Parameters: 0.999997 0.000161142 0.00267711 -0.000162857 0.999999 0.000693566 -0.00267689 -0.000694434 0.999996 -0.0261619 0.0519834 -0.00959144
FixedParameters: 0 0 0

#Transform 137
Transform: AffineTransform_float_3_3
Parameters: 0.999998 0.000351441 0.00224925 -0.000353561 0.999999 0.000693207 -0.00224976 -0.000693792 0.999997 -0.0031854 0.0477318 -0.0335749
FixedParameters: 0 0 0

#Transform 138
Transform: AffineTransform_float_3_3
Parameters: 0.999998 0.00035133 0.00224326 -0.000352671 0.999999 0.000744211 -0.00224374 -0.00074479 0.999997 -0.00294847 0.0503025 -0.0244672
FixedParameters: 0 0 0

#Transform 139
Transform: AffineTransform_float_3_3
Parameters: 0.999997 0.000351572 0.00267719 -0.000353428 1 0.000533056 -0.00267681 -0.000533943 0.999997 -0.0163434 0.0566572 -0.0374382
FixedParameters: 0 0 0

#Transform 140
Transform: AffineTransform_float_3_3
Parameters: 0.999997 0.000513145 0.00247038 -0.000514855 0.999999 0.00075073 -0.00246961 -0.000751269 0.999996 -0.00979063 0.0498803 -0.0813077
FixedParameters: 0 0 0

#Transform 141
Transform: AffineTransform_float_3_3
Parameters: 0.999996 0.000785765 0.00267766 -0.000788236 1 0.000833893 -0.00267734 -0.000836107 0.999996 -0.0155633 0.0468508 -0.0817257
FixedParameters: 0 0 0

#Transform 142
Transform: AffineTransform_float_3_3
Parameters: 0.999997 0.000788367 0.00235755 -0.000790634 1 0.000692138 -0.00235745 -0.000693861 0.999997 -0.00573275 0.0511767 -0.0810991
FixedParameters: 0 0 0

#Transform 143
Transform: AffineTransform_float_3_3
Parameters: 0.999997 0.000912403 0.00230563 -0.000914598 1 0.000691894 -0.00230537 -0.000694106 0.999997 -0.00605925 0.0509969 -0.0898769
FixedParameters: 0 0 0

#Transform 144
Transform: AffineTransform_float_3_3
Parameters: 0.999997 0.000927007 0.00249874 -0.000928994 1 0.000796681 -0.00249826 -0.000799319 0.999996 -0.00981152 0.047815 -0.106997
FixedParameters: 0 0 0

#Transform 145
Transform: AffineTransform_float_3_3
Parameters: 0.999996 0.00065365 0.00267758 -0.000656352 1 0.000877246 -0.00267743 -0.000878754 0.999996 -0.013867 0.0456758 -0.0864941
FixedParameters: 0 0 0

#Transform 146
Transform: AffineTransform_float_3_3
Parameters: 0.999997 0.000552143 0.00267738 -0.000553856 0.999999 0.00069252 -0.00267762 -0.000694481 0.999996 -0.0221395 0.0399712 -0.0778511
FixedParameters: 0 0 0

#Transform 147
Transform: AffineTransform_float_3_3
Parameters: 0.999997 0.000458143 0.00267732 -0.000459856 0.999999 0.000692771 -0.00267668 -0.000694229 0.999996 -0.0229993 0.0441735 -0.0656412
FixedParameters: 0 0 0

#Transform 148
Transform: AffineTransform_float_3_3
Parameters: 0.999997 0.000383143 0.00267727 -0.000384856 0.999999 0.000692972 -0.00267674 -0.000694028 0.999996 -0.0121863 0.0516977 -0.0680683
FixedParameters: 0 0 0

#Transform 149
Transform: AffineTransform_float_3_3
Parameters: 0.999997 0.000523326 0.00262534 -0.000524676 0.999999 0.000637625 -0.00262467 -0.000638376 0.999997 -0.0176579 0.0533059 -0.0641356
FixedParameters: 0 0 0

#Transform 150
Transform: AffineTransform_float_3_3
Parameters: 0.999997 0.000519143 0.00267736 -0.000520856 0.999999 0.000692608 -0.00267664 -0.000694392 0.999996 -0.00985406 0.0516153 -0.0642605
FixedParameters: 0 0 0

#Transform 151
Transform: AffineTransform_float_3_3
Parameters: 0.999997 0.000216754 0.0026771 -0.000218244 1 0.000464417 -0.0026769 -0.000465582 0.999997 -0.0102898 0.0685613 -0.0459787
FixedParameters: 0 0 0

#Transform 152
Transform: AffineTransform_float_3_3
Parameters: 0.999996 0.000221286 0.00279414 -0.000222712 1 0.00061238 -0.00279386 -0.00061362 0.999996 -0.0128062 0.0683925 -0.0551483
FixedParameters: 0 0 0

#Transform 153
Transform: AffineTransform_float_3_3
Parameters: 0.999997 0.000267981 0.0026772 -0.000270017 0.999999 0.00075328 -0.0026768 -0.00075472 0.999996 -0.0134844 0.0499411 -0.0749187
FixedParameters: 0 0 0

#Transform 154
Transform: AffineTransform_float_3_3
Parameters: 0.999997 0.000137992 0.00267711 -0.000140007 0.999999 0.000749628 -0.0026769 -0.000750372 0.999996 -0.0260727 0.0553747 -0.0601898
FixedParameters: 0 0 0

#Transform 155
Transform: AffineTransform_float_3_3
Parameters: 0.999997 7.01419e-05 0.00267705 -7.18576e-05 1 0.00069381 -0.00267695 -0.00069419 0.999996 -0.0130201 0.0564367 -0.074831
FixedParameters: 0 0 0

#Transform 156
Transform: AffineTransform_float_3_3
Parameters: 0.999997 0.000114142 0.00267708 -0.000115857 1 0.000693692 -0.00267692 -0.000694308 0.999996 -0.0133415 0.0611859 -0.0291812
FixedParameters: 0 0 0

#Transform 157
Transform: AffineTransform_float_3_3
Parameters: 0.999995 4.1093e-05 0.00297003 -4.29065e-05 1 0.000641876 -0.00296997 -0.000642125 0.999996 -0.0262434 0.0537068 -0.0294682
FixedParameters: 0 0 0

#Transform 158
Transform: AffineTransform_float_3_3
Parameters: 0.999996 1.4284e-05 0.00267701 -1.57159e-05 1 0.00064096 -0.00267699 -0.000641041 0.999996 -0.0261768 0.0538927 0.0198682
FixedParameters: 0 0 0

#Transform 159
Transform: AffineTransform_float_3_3
Parameters: 0.999995 -0.000212167 0.00311885 0.000210835 0.999999 0.000694661 -0.00311815 -0.000694342 0.999995 -0.0401952 0.0524809 0.0279772
FixedParameters: 0 0 0

#Transform 160
Transform: AffineTransform_float_3_3
Parameters: 0.999995 1.287e-05 0.00318402 -1.6133e-05 1 0.000983955 -0.00318399 -0.000983047 0.999995 -0.0243298 0.0519275 0.0501886
FixedParameters: 0 0 0

#Transform 161
Transform: AffineTransform_float_3_3
Parameters: 0.999994 1.16618e-05 0.00327402 -1.6338e-05 0.999999 0.00132495 -0.00327398 -0.00132505 0.999994 -0.0203216 0.0485011 0.0115533
FixedParameters: 0 0 0

#Transform 162
Transform: AffineTransform_float_3_3
Parameters: 0.999995 1.28749e-05 0.00322501 -1.61249e-05 0.999999 0.000968953 -0.00322499 -0.000969046 0.999995 -0.0197102 0.057225 0.0361149
FixedParameters: 0 0 0

#Transform 163
Transform: AffineTransform_float_3_3
Parameters: 0.999997 1.36656e-05 0.00267701 -1.63343e-05 0.999999 0.000871959 -0.00267699 -0.000872039 0.999996 -0.00964073 0.0466775 -0.00532961
FixedParameters: 0 0 0

#Transform 164
Transform: AffineTransform_float_3_3
Parameters: 0.999995 -9.88526e-05 0.00299691 9.61463e-05 0.999999 0.000952292 -0.00299709 -0.000951708 0.999995 -0.0224071 0.0443916 -0.0129524
FixedParameters: 0 0 0

#Transform 165
Transform: AffineTransform_float_3_3
Parameters: 0.999995 -0.000249507 0.00321873 0.000246493 1 0.0010898 -0.00321927 -0.0010892 0.999994 -0.0187343 0.0549739 0.0314842
FixedParameters: 0 0 0

#Transform 166
Transform: AffineTransform_float_3_3
Parameters: 0.999996 1.35899e-05 0.00282201 -1.64099e-05 0.999999 0.000853956 -0.00282199 -0.000854041 0.999995 -0.00411175 0.047198 0.000945095
FixedParameters: 0 0 0

#Transform 167
Transform: AffineTransform_float_3_3
Parameters: 0.999997 1.41421e-05 0.00267701 -1.58578e-05 1 0.00069396 -0.00267699 -0.00069404 0.999996 -0.00116334 0.0521721 -0.0310046
FixedParameters: 0 0 0

#Transform 168
Transform: AffineTransform_float_3_3
Parameters: 0.999997 1.46695e-05 0.00267701 -1.63304e-05 1 0.000496958 -0.00267699 -0.000497041 0.999997 -0.0145036 0.0581 -0.140183
FixedParameters: 0 0 0

#Transform 169
Transform: AffineTransform_float_3_3
Parameters: 0.999995 1.42672e-05 0.00300301 -1.57327e-05 1 0.000576955 -0.00300299 -0.000577046 0.999996 -0.0218211 0.055753 -0.0920355
FixedParameters: 0 0 0

#Transform 170
Transform: AffineTransform_float_3_3
Parameters: 0.999995 1.3306e-05 0.00323401 -1.56938e-05 0.999999 0.000832954 -0.00323399 -0.000833047 0.999995 -0.0220678 0.0478459 -0.0612164
FixedParameters: 0 0 0

#Transform 171
Transform: AffineTransform_float_3_3
Parameters: 0.999994 0.00034678 0.00326624 -0.000349219 0.999999 0.000678863 -0.00326576 -0.000680136 0.999995 -0.0224258 0.0521487 -0.0570421
FixedParameters: 0 0 0

#Transform 172
Transform: AffineTransform_float_3_3
Parameters: 0.999995 0.000326248 0.00321118 -0.000328751 1 0.000544947 -0.00321082 -0.00054605 0.999994 -0.0206831 0.0562726 -0.0330811
FixedParameters: 0 0 0

#Transform 173
Transform: AffineTransform_float_3_3
Parameters: 0.999995 0.000110457 0.00335305 -0.000112545 1 0.000460625 -0.00335295 -0.000460373 0.999995 -0.0254272 0.0591337 -0.0459833
FixedParameters: 0 0 0

#Transform 174
Transform: AffineTransform_float_3_3
Parameters: 0.999995 2.60719e-05 0.00335302 -2.79278e-05 1 0.00057491 -0.00335299 -0.000575091 0.999994 -0.0183965 0.0557574 -0.033345
FixedParameters: 0 0 0

#Transform 175
Transform: AffineTransform_float_3_3
Parameters: 0.999994 -8.23572e-05 0.00326094 8.06418e-05 0.999999 0.000723267 -0.00326106 -0.000722735 0.999995 -0.0231342 0.0666054 -0.033507
FixedParameters: 0 0 0

#Transform 176
Transform: AffineTransform_float_3_3
Parameters: 0.999995 0.000325262 0.00335327 -0.000328737 0.999999 0.000815902 -0.00335273 -0.000817095 0.999994 -0.0249742 0.0561923 -0.0490771
FixedParameters: 0 0 0

#Transform 177
Transform: AffineTransform_float_3_3
Parameters: 0.999995 0.000324639 0.00335333 -0.000328361 1 0.0010019 -0.00335267 -0.00100309 0.999994 -0.0157817 0.0504559 -0.0632951
FixedParameters: 0 0 0

#Transform 178
Transform: AffineTransform_float_3_3
Parameters: 0.999994 0.000325113 0.00327829 -0.000327886 0.999999 0.00087993 -0.00327771 -0.00088107 0.999994 -0.0053461 0.0512189 -0.0527153
FixedParameters: 0 0 0

#Transform 179
Transform: AffineTransform_float_3_3
Parameters: 0.999995 -3.50373e-06 0.003148 4.96252e-07 1 0.00111301 -0.003148 -0.001113 0.999995 -0.0114361 0.062846 -0.0552639
FixedParameters: 0 0 0
